00010 2237928
00010 2838200
00010 3551342
00010 10641884
00010 10706492
00010 10893256
00010 11675648
00010 12466026
00010 12638484
00010 16896866
00010 20263772
00010 23280952
00010 24658890
00010 34758856
00010 36697256
00010 39848390
00010 41788764
00010 43829176
00010 48496576
00010 57551182
00010 58402594
00010 61138186
00010 64515010
00010 65074458
00010 66040116
00010 66344814
00010 69999840
00010 70442654
00010 74491584
00010 83034558
00010 84450302
00010 92437920
00010 92631294
00010 92641350
00010 93238044
00010 94415616
00010 99580164
00010 102588292
00010 102926578
00010 106872382
00010 108057088
00010 111864348
00010 118694234
00010 118844562
00010 123272598
00010 124071406
00010 127198996
00010 131882656
00010 132672762
00010 137624038
00010 140522294
00010 140944526
00010 141214270
00010 141919264
00010 144045896
00010 145524342
00010 148127608
00010 150153088
00010 155399376
00010 155656350
00010 155920898
00010 156021054
00010 156641710
00010 159229528
00010 159356914
00010 160664606
00010 166082080
00010 166482170
00010 178062546
00010 179500376
00010 183011902
00010 186066108
00010 186295086
00010 189014686
00010 190566034
00010 191170668
00010 194562614
00010 195165654
00010 198268856
00010 198566660
00010 200751628
00010 203192324
00010 206169568
00010 207007234
00010 210988656
00010 211819998
00010 213454648
00010 216942680
00010 218005868
00010 223077350
00010 223425074
00010 226162310
00010 229568072
00010 231112374
00010 234454246
00010 244471468
00010 245833110
00010 249668998
00010 250823148
00010 250997684
00010 251343834
00010 254440442
00010 257028800
00010 259307166
00010 263923230
00010 265225056
00010 269283536
00010 269839714
00010 277622338
00010 278622660
00010 282723394
00010 284160000
00010 284336740
00010 285192776
00010 291907342
00010 293749478
00010 294839636
00010 295878306
00010 298863704
00010 299229062
00010 302587744
00010 302646170
00010 304582724
00010 306901820
00010 307438766
00010 307451402
00010 308351552
00010 308623336
00010 309488244
00010 310009432
00010 314356682
00010 314724190
00010 315424816
00010 318375146
00010 318376348
00010 322205798
00010 324316974
00010 324957722
00010 325711842
00010 325970894
00010 327313412
00010 332187858
00010 334778742
00010 341021614
00010 341868358
00010 342304498
00010 344201548
00010 345555998
00010 345890282
00010 346503794
00010 346510772
00010 352085914
00010 357557270
00010 358800616
00010 362210760
00010 365537488
00010 366846496
00010 367783874
00010 371165802
00010 376548502
00010 377671950
00010 380749668
00010 384312156
00010 386057914
00010 391953718
00010 392080472
00010 392425402
00010 395218474
00010 400344146
00010 400346098
00010 403262792
00010 404141846
00010 407969850
00010 407973174
00010 426918622
00010 427698194
00010 427791968
00010 429062314
00010 429824140
00010 430679172
00010 432019426
00010 432364648
00010 443788058
00010 443789402
00010 448262546
00010 448922090
00010 449864030
00010 450932408
00010 451467866
00010 456806428
00010 458247614
00010 458249880
00010 460776326
00010 463111220
00010 463871808
00010 467630500
00010 468119794
00010 469253276
00010 470465496
00010 470623040
00010 470789144
00010 472368942
00010 476383812
00010 479725848
00010 480298832
00010 482404478
00010 482406932
00010 483116980
00010 486008944
00010 489245996
00010 489428328
00010 489472174
00010 491829994
00010 494545760
00010 494560164
00010 495927692
00010 497257828
00010 502755526
00010 505717954
00010 510864090
00010 511313686
00010 512457158
00010 514851298
00010 517310382
00010 520366830
00010 522718708
00010 524428268
00010 526637568
00010 528001178
00010 529110132
00010 529421824
00010 529863968
00010 531090208
00010 532007956
00010 532911994
00010 534297452
00010 534462102
00010 537914406
00010 538523102
00010 541354668
00010 544218030
00010 546370696
00010 546908956
00010 547263536
00010 550877934
00010 551922070
00010 553207708
00010 557694236
00010 557941356
00010 557984576
00010 558525868
00010 559579406
00010 559804268
00010 565092550
00010 566043684
00010 569804570
00010 573294382
00010 574458868
00010 577666672
00010 578059810
00010 578770004
00010 585298156
00010 587164020
00010 587889984
00010 590352316
00010 590770260
00010 592885870
00010 594189120
00010 597281714
00010 616977968
00010 617198430
00010 619400142
00010 620854162
00010 621021492
00010 623197954
00010 627247320
00010 631571776
00010 632921324
00010 633541004
00010 633994198
00010 634522224
00010 635317734
00010 637827752
00010 638000116
00010 649779970
00010 650071334
00010 652501596
00010 656071910
00010 659148846
00010 660055000
00010 661877144
00010 662334892
00010 663655908
00010 665757200
00010 665917900
00010 669884818
00010 672059938
00010 672187436
00010 674149494
00010 675402838
00010 682040976
00010 683342598
00010 687400508
00010 687532712
00010 695849058
00010 696386760
00010 701351010
00010 702779918
00010 703831976
00010 706706286
00010 713856634
00010 715265568
00010 716665536
00010 719010076
00010 719382196
00010 722395204
00010 724016112
00010 724178984
00010 724976504
00010 725477264
00010 726851350
00010 728029972
00010 728481592
00010 731286066
00010 731904484
00010 731999144
00010 732197984
00010 733599302
00010 738647006
00010 738863058
00010 741319634
00010 741789988
00010 744227388
00010 744700978
00010 745426532
00010 747762718
00010 750099790
00010 751769920
00010 753783862
00010 754996638
00010 755252588
00010 760841076
00010 761410242
00010 763116382
00010 767411284
00010 767492066
00010 770481852
00010 771617706
00010 771900810
00010 772053434
00010 777949134
00010 780310096
00010 781411826
00010 786930290
00010 787166818
00010 788669604
00010 794059326
00010 795839784
00010 800140834
00010 803496506
00010 803603138
00010 804112238
00010 807976852
00010 809399632
00010 813245228
00010 817408536
00010 822540792
00010 826012128
00010 829787306
00010 830765742
00010 830859960
00010 832971592
00010 836763076
00010 836915536
00010 838190510
00010 840170164
00010 843302472
00010 844823240
00010 847496686
00010 851354654
00010 851894824
00010 852052900
00010 852243006
00010 853802728
00010 855117738
00010 858024198
00010 862528196
00010 862985366
00010 863973270
00010 864319418
00010 867147006
00010 868323846
00010 869604950
00010 871177114
00010 873439186
00010 877618178
00010 885370330
00010 889855414
00010 892143050
00010 893168950
00010 894510156
00010 896765508
00010 899057110
00010 902262788
00010 904380592
00010 904969788
00010 905850142
00010 909262926
00010 916266850
00010 918881998
00010 920583344
00010 921257946
00010 922463636
00010 924278612
00010 925972002
00010 926050158
00010 926436708
00010 934097062
00010 936738778
00010 938692792
00010 939868382
00010 946064292
00010 947592900
00010 949253808
00010 949926930
00010 956745140
00010 957204036
00010 958746096
00010 961035364
00010 965162064
00010 967266596
00010 968125430
00010 969289730
00010 971004940
00010 972187626
00010 974377086
00010 974964546
00010 977195264
00010 980156478
00010 981540680
00010 981875814
00010 982072136
00010 982144492
00010 982664392
00010 984389482
00010 985520032
00010 986248820
00010 987370682
00010 988204366
00010 993650350
00010 993824898
00010 997934242
00010 2583126
00010 4399156
00010 5217858
00010 9238186
00010 11371922
00010 11473706
00010 14999900
00010 16929736
00010 17558698
00010 18431230
00010 24335316
00010 24832114
00010 26309538
00010 29815832
00010 30136616
00010 30675190
00010 31364122
00010 36655318
00010 38701574
00010 39218920
00010 40175898
00010 40423468
00010 40951460
00010 41046774
00010 46408102
00010 51075710
00010 54114622
00010 57415652
00010 57994722
00010 61221316
00010 63076728
00010 66240710
00010 67632724
00010 68578064
00010 69536042
00010 71748736
00010 79278364
00010 79309576
00010 81392514
00010 81792594
00010 83416786
00010 84468514
00010 89727868
00010 91971620
00010 93938262
00010 94703644
00010 104100350
00010 107740194
00010 108038920
00010 109067012
00010 114881866
00010 115023238
00010 115486646
00010 117477368
00010 123839582
00010 124334118
00010 125186930
00010 125530408
00010 127090222
00010 131975130
00010 133024888
00010 133644188
00010 140655868
00010 144843934
00010 145138208
00010 147104372
00010 148865978
00010 152126452
00010 153409030
00010 160630726
00010 161714966
00010 164154120
00010 164311862
00010 172441822
00010 173872298
00010 175010576
00010 178152026
00010 179129402
00010 180762974
00010 189642522
00010 191609074
00010 192014086
00010 194516384
00010 198732910
00010 200469836
00010 200888298
00010 202672508
00010 202795810
00010 203355816
00010 203848720
00010 205280238
00010 205516792
00010 206613558
00010 206642782
00010 208046676
00010 208087492
00010 208704692
00010 210397712
00010 210801086
00010 211112044
00010 211684776
00010 214688344
00010 217362096
00010 218212078
00010 220267858
00010 224596784
00010 225545428
00010 225793502
00010 225871776
00010 226438954
00010 226801552
00010 233438508
00010 234806276
00010 235529214
00010 235868506
00010 236883922
00010 240693202
00010 242844086
00010 244017966
00010 244020278
00010 249340840
00010 251239910
00010 255669874
00010 255890264
00010 257961812
00010 261641890
00010 261931752
00010 262061630
00010 263348102
00010 263448078
00010 264030258
00010 265078818
00010 265685136
00010 270940242
00010 272439298
00010 272544930
00010 275975646
00010 280163618
00010 287289464
00010 287959416
00010 288276772
00010 290377282
00010 292657996
00010 298035122
00010 299185048
00010 306457736
00010 307162206
00010 309002614
00010 314370528
00010 315846872
00010 316866636
00010 320706484
00010 320805314
00010 322545872
00010 325789540
00010 330227984
00010 330703088
00010 330853174
00010 337571760
00010 341608342
00010 341840178
00010 341927846
00010 344759998
00010 354742636
00010 355292006
00010 356109388
00010 363166216
00010 363170256
00010 367386556
00010 367478210
00010 369860852
00010 376068436
00010 376677956
00010 377432972
00010 378989682
00010 380938196
00010 381506308
00010 381902708
00010 382233880
00010 383511766
00010 385934674
00010 386103910
00010 387235720
00010 390633574
00010 391080744
00010 391711846
00010 397045722
00010 398322342
00010 398599480
00010 399555930
00010 403476406
00010 404875584
00010 405236948
00010 407988008
00010 412328736
00010 413250886
00010 417736396
00010 420930050
00010 422270148
00010 425042556
00010 425274202
00010 427769084
00010 431628714
00010 433913466
00010 437413204
00010 438326926
00010 440695020
00010 444208108
00010 447471464
00010 450175432
00010 450447278
00010 455000980
00010 456055628
00010 456111516
00010 458831748
00010 459540648
00010 459560818
00010 466302226
00010 466388972
00010 467251502
00010 468805222
00010 469394414
00010 471458882
00010 473887802
00010 475574218
00010 478411902
00010 478455036
00010 478623194
00010 478636256
00010 479071280
00010 479876102
00010 480741372
00010 485235188
00010 485378512
00010 485691292
00010 488741386
00010 490507476
00010 494307224
00010 495381114
00010 499250664
00010 501444894
00010 503359154
00010 504914612
00010 506348846
00010 509884692
00010 512616524
00010 514452580
00010 515554050
00010 516612596
00010 517288246
00010 519214298
00010 519812054
00010 521597622
00010 527651954
00010 528412958
00010 529974530
00010 534525090
00010 535110330
00010 535486522
00010 537036894
00010 539584854
00010 541514842
00010 544063432
00010 545042412
00010 545960558
00010 549971762
00010 550927040
00010 551012140
00010 551126376
00010 552303642
00010 553829938
00010 556445726
00010 558800614
00010 558980030
00010 561080886
00010 562270458
00010 563777852
00010 564714284
00010 565325026
00010 567905968
00010 570286592
00010 575080842
00010 575470300
00010 579590504
00010 581188002
00010 581833838
00010 587007002
00010 587209984
00010 591845284
00010 593949030
00010 594370892
00010 595045220
00010 602205466
00010 606965324
00010 608883148
00010 609818424
00010 612188252
00010 613096414
00010 616082122
00010 617317680
00010 618055404
00010 619527568
00010 622182758
00010 622734564
00010 624595824
00010 630521880
00010 631091630
00010 636271974
00010 637128474
00010 637830964
00010 639893110
00010 641525662
00010 643016952
00010 643729894
00010 644328400
00010 644541456
00010 644787244
00010 646566452
00010 647166538
00010 647489902
00010 647638272
00010 647989280
00010 649274154
00010 651157490
00010 654177964
00010 654354446
00010 659108360
00010 664339428
00010 664427970
00010 664555380
00010 664837760
00010 669784560
00010 671352186
00010 673706000
00010 676346790
00010 677922740
00010 679876870
00010 681275276
00010 681338768
00010 685008264
00010 685799926
00010 686115198
00010 688395612
00010 690298364
00010 690816246
00010 690859062
00010 691398138
00010 697021486
00010 698538738
00010 700215394
00010 701797866
00010 712821284
00010 716913082
00010 717266666
00010 719707696
00010 720253704
00010 721959980
00010 722748722
00010 723395800
00010 726319844
00010 726755270
00010 726772226
00010 731690998
00010 735340872
00010 735414000
00010 736586358
00010 737874896
00010 738054416
00010 739177868
00010 739240788
00010 739589752
00010 739980940
00010 740061310
00010 741139978
00010 741238636
00010 748374340
00010 748935468
00010 750972684
00010 752384586
00010 753357102
00010 754011578
00010 755346414
00010 759962920
00010 765558062
00010 767184542
00010 767304360
00010 767836604
00010 767881768
00010 768666628
00010 771351236
00010 772794290
00010 775125594
00010 776620842
00010 780035706
00010 780933198
00010 782090652
00010 782338868
00010 783115048
00010 783571868
00010 783647366
00010 789375384
00010 790727054
00010 792461122
00010 793181006
00010 794920084
00010 795959436
00010 797103370
00010 797316058
00010 801103668
00010 803436400
00010 811444344
00010 812296074
00010 815500304
00010 816719382
00010 818999018
00010 829440552
00010 832630372
00010 833172534
00010 835823316
00010 837088958
00010 837698040
00010 838393450
00010 844511394
00010 845343562
00010 847275238
00010 847308652
00010 850502352
00010 850971632
00010 853665098
00010 853787540
00010 856230018
00010 858131376
00010 858148082
00010 860147304
00010 866462960
00010 867701716
00010 867841676
00010 868551194
00010 870755232
00010 872606324
00010 874211546
00010 876216744
00010 877302648
00010 877349014
00010 883457810
00010 885060830
00010 885797272
00010 886841412
00010 888922336
00010 890627824
00010 892964412
00010 893756770
00010 895777966
00010 896401832
00010 897701140
00010 900268250
00010 906329722
00010 907035634
00010 913227550
00010 913379730
00010 913774878
00010 919493056
00010 919729114
00010 927557540
00010 929609828
00010 929615320
00010 930423978
00010 931851168
00010 932057016
00010 933708216
00010 934847558
00010 935606144
00010 937611004
00010 939938194
00010 942839470
00010 945990904
00010 948277050
00010 951483438
00010 955570622
00010 956773400
00010 960600778
00010 963059658
00010 963113518
00010 968036850
00010 968504760
00010 968677870
00010 982213410
00010 982595514
00010 983430664
00010 988675150
00010 991234672
00010 992940394
00010 993613774
00010 998670084
00010 999199118
00010 999675914
00010 1000361488
00010 4130160
00010 4166712
00010 7597064
00010 8426352
00010 10666070
00010 11281820
00010 19698042
00010 20073098
00010 25239348
00010 27040204
00010 28642848
00010 31737058
00010 33482106
00010 36414424
00010 36943326
00010 36952668
00010 38413042
00010 38654556
00010 39060744
00010 46527248
00010 48661702
00010 49110864
00010 49121198
00010 51087874
00010 51905358
00010 53923016
00010 54196542
00010 57919442
00010 58869526
00010 62401958
00010 65217872
00010 67920150
00010 73146136
00010 74657018
00010 76983548
00010 79241934
00010 79632572
00010 81802506
00010 82044152
00010 82101218
00010 83353820
00010 88144422
00010 89263754
00010 90274968
00010 91624772
00010 96426534
00010 97408080
00010 100364990
00010 100824240
00010 102999966
00010 104651050
00010 104890466
00010 110838948
00010 114251018
00010 122697320
00010 123121754
00010 123712770
00010 128007062
00010 130076352
00010 132296596
00010 133113200
00010 135411454
00010 137936376
00010 139074350
00010 142800956
00010 145331328
00010 149676778
00010 150314548
00010 150403112
00010 151230032
00010 152473698
00010 153773368
00010 154072324
00010 155270514
00010 155719568
00010 156744454
00010 159828590
00010 161311990
00010 164290196
00010 166160420
00010 168122274
00010 171538600
00010 172403378
00010 173349980
00010 174240642
00010 177482440
00010 178949054
00010 179723200
00010 185244184
00010 185512488
00010 189932606
00010 189988016
00010 190092012
00010 190394510
00010 190556930
00010 193547744
00010 193577586
00010 193887102
00010 194024632
00010 194169068
00010 195737262
00010 198427584
00010 201597250
00010 203477616
00010 203740270
00010 204879480
00010 207895346
00010 208400880
00010 210692896
00010 211632370
00010 213435672
00010 216721906
00010 218868934
00010 219069220
00010 222676864
00010 222872196
00010 224685068
00010 224737610
00010 229890900
00010 232964206
00010 237933032
00010 239678958
00010 240297264
00010 241323422
00010 244849130
00010 245503772
00010 248488742
00010 248702680
00010 249259134
00010 260427064
00010 261581726
00010 262582728
00010 263558612
00010 264678364
00010 268326404
00010 271644722
00010 275689418
00010 282525970
00010 284171342
00010 285860866
00010 286881344
00010 288000340
00010 288001542
00010 289659822
00010 290834934
00010 291787350
00010 292427130
00010 299323392
00010 300452648
00010 301764652
00010 302465144
00010 305833654
00010 309643930
00010 310876764
00010 313968552
00010 314623598
00010 319632620
00010 329684946
00010 335093232
00010 336324692
00010 337513064
00010 339698808
00010 340050180
00010 341680402
00010 353508902
00010 357077112
00010 357295086
00010 357932978
00010 360376602
00010 361850514
00010 363025306
00010 364358408
00010 369883366
00010 371018280
00010 371613234
00010 373538018
00010 373540274
00010 373842676
00010 374002806
00010 376575404
00010 376588818
00010 377195044
00010 378822836
00010 379245162
00010 379734502
00010 379843768
00010 380082004
00010 380376442
00010 383674876
00010 385361878
00010 389547624
00010 394133470
00010 401514030
00010 402687040
00010 407504192
00010 409439352
00010 409968580
00010 411344900
00010 413043002
00010 413553302
00010 419415708
00010 420413216
00010 423631378
00010 423732642
00010 424057888
00010 428643280
00010 429738068
00010 437000916
00010 439884390
00010 441901250
00010 443119464
00010 449602378
00010 452949164
00010 455521068
00010 455533106
00010 455565712
00010 457242730
00010 458899530
00010 459578436
00010 459620180
00010 460270420
00010 461351110
00010 462595412
00010 462813612
00010 464424298
00010 466574678
00010 469072064
00010 474326064
00010 475775950
00010 475950794
00010 478685748
00010 481244476
00010 481959830
00010 482670710
00010 484450274
00010 485084370
00010 489421344
00010 490120408
00010 490533104
00010 491551866
00010 491742858
00010 491833028
00010 492246810
00010 497235248
00010 498065090
00010 500100810
00010 501921040
00010 502722676
00010 507218848
00010 507992730
00010 508487042
00010 509702190
00010 510432008
00010 511018656
00010 511732624
00010 515715990
00010 517989642
00010 519169400
00010 520444858
00010 520665878
00010 520869114
00010 524539044
00010 527113378
00010 527287844
00010 532432920
00010 533070116
00010 538221382
00010 539559322
00010 540652376
00010 541200210
00010 541220238
00010 542540640
00010 545938822
00010 546228420
00010 551569490
00010 551833266
00010 556584016
00010 558217774
00010 559248774
00010 564520828
00010 570198636
00010 574448056
00010 575268292
00010 576219418
00010 576256148
00010 576707030
00010 579598352
00010 580523800
00010 582467532
00010 582694472
00010 583241880
00010 586755560
00010 590566894
00010 595519986
00010 597465458
00010 599515704
00010 603923712
00010 605267876
00010 606608788
00010 608941936
00010 609788664
00010 611380652
00010 612698616
00010 613504616
00010 614656958
00010 630196274
00010 632843426
00010 633558058
00010 634228270
00010 637424542
00010 638140300
00010 638808456
00010 640883930
00010 642348084
00010 642786836
00010 642878476
00010 652040058
00010 663723378
00010 665184616
00010 665920474
00010 666174994
00010 666309448
00010 667462024
00010 669018692
00010 669335436
00010 669743056
00010 670268578
00010 670464074
00010 672531752
00010 682046834
00010 685673016
00010 686747966
00010 689357046
00010 689507648
00010 691167984
00010 691625088
00010 695188732
00010 697666218
00010 701814264
00010 701822906
00010 703624474
00010 708129196
00010 708134420
00010 710866048
00010 713951742
00010 716405370
00010 718175664
00010 719643550
00010 720181292
00010 720428398
00010 722949406
00010 723667386
00010 724487058
00010 726623112
00010 731474958
00010 731570474
00010 732898402
00010 733929810
00010 734892772
00010 734896600
00010 738188198
00010 739220128
00010 739384942
00010 741019444
00010 743928726
00010 749721304
00010 754209890
00010 756447320
00010 756526110
00010 759095866
00010 759435594
00010 762431062
00010 766625654
00010 767173378
00010 769799978
00010 776197088
00010 778936888
00010 780153902
00010 782168164
00010 787841752
00010 788707192
00010 789807720
00010 790456762
00010 791186998
00010 794578280
00010 795847886
00010 797373828
00010 799969864
00010 802425406
00010 805876484
00010 809752038
00010 812110084
00010 813275438
00010 820325888
00010 820405558
00010 822993222
00010 823736914
00010 829071836
00010 832533302
00010 833951216
00010 843437196
00010 843658016
00010 844244800
00010 845920502
00010 846664624
00010 846938342
00010 846969506
00010 847131418
00010 848874080
00010 849282058
00010 855091400
00010 856140364
00010 861304714
00010 862702774
00010 869219666
00010 870831366
00010 871669402
00010 875132854
00010 878540256
00010 878677934
00010 878766314
00010 879885512
00010 880973866
00010 890527598
00010 896416222
00010 896571042
00010 896573136
00010 896588354
00010 899212718
00010 901779658
00010 903456862
00010 903882624
00010 904827522
00010 905614504
00010 909193096
00010 909194022
00010 910834426
00010 910916266
00010 911027750
00010 912834870
00010 916137546
00010 917420350
00010 931530016
00010 933711908
00010 936836996
00010 937960454
00010 943307580
00010 943691782
00010 945029360
00010 946300744
00010 946579842
00010 949027454
00010 950927424
00010 959726098
00010 961080804
00010 961467748
00010 964681736
00010 965705480
00010 967796286
00010 971026990
00010 980470896
00010 981830976
00010 982906506
00010 984233766
00010 985664324
00010 994955950
00010 995115712
00010 997934774
00010 998271268
00010 999411164
00010 1000362814
00010 3069802
00010 4472744
00010 5726592
00010 6527264
00010 8313512
00010 8855626
00010 12134536
00010 16469186
00010 19050978
00010 20994304
00010 27504250
00010 28095216
00010 28796962
00010 29526160
00010 33398922
00010 34327974
00010 35326426
00010 36902760
00010 37963846
00010 40381186
00010 42203264
00010 45222550
00010 46223364
00010 49080818
00010 58858476
00010 59183596
00010 60657912
00010 61905484
00010 62060968
00010 64142502
00010 64225196
00010 66012168
00010 67269062
00010 68114708
00010 69357292
00010 69532296
00010 72677628
00010 74009966
00010 75135566
00010 76895500
00010 80835554
00010 81395036
00010 84705952
00010 84742980
00010 85988732
00010 89726152
00010 90100596
00010 91117458
00010 94555532
00010 94600598
00010 96075646
00010 96281090
00010 100004056
00010 101976064
00010 107022332
00010 107621840
00010 108941700
00010 117525548
00010 120170772
00010 121159794
00010 121716590
00010 121908768
00010 125232112
00010 132910208
00010 133598998
00010 140692916
00010 140748404
00010 142230180
00010 142797088
00010 143767482
00010 147845382
00010 154431574
00010 156331666
00010 159575810
00010 160500984
00010 164425646
00010 166475160
00010 166810398
00010 168042300
00010 169389064
00010 169435458
00010 170029386
00010 172305924
00010 173026718
00010 173929410
00010 180461392
00010 181364900
00010 182537302
00010 186901914
00010 187779324
00010 191886444
00010 192492978
00010 193415106
00010 196583262
00010 200691054
00010 202620604
00010 204888238
00010 214025486
00010 214091714
00010 216154414
00010 217422514
00010 221023642
00010 221480854
00010 222805440
00010 222916546
00010 227771014
00010 233735860
00010 236682974
00010 238561378
00010 239002956
00010 242428464
00010 243242000
00010 243667678
00010 243676410
00010 245886374
00010 251180724
00010 251566060
00010 254211050
00010 254434636
00010 255856508
00010 258374850
00010 260007892
00010 260254638
00010 264617908
00010 265153096
00010 265674208
00010 268534656
00010 268547708
00010 273357948
00010 275621884
00010 275716908
00010 278311150
00010 278624340
00010 278770408
00010 278805086
00010 279431086
00010 280134268
00010 287203104
00010 287724328
00010 287870432
00010 288292550
00010 288673426
00010 289779592
00010 291242920
00010 291244146
00010 291374182
00010 295186324
00010 299635216
00010 300895372
00010 301775436
00010 303104688
00010 307798874
00010 309025532
00010 309760756
00010 312569406
00010 314331416
00010 315651198
00010 315991458
00010 318064038
00010 318661602
00010 321822040
00010 321951862
00010 324653834
00010 326518904
00010 328575918
00010 331929926
00010 331962780
00010 332269080
00010 337064722
00010 338349378
00010 338711030
00010 338889980
00010 338960990
00010 340927454
00010 341169814
00010 343732048
00010 348302974
00010 359061334
00010 364173196
00010 368409176
00010 369833196
00010 371241148
00010 372027552
00010 375046366
00010 375295726
00010 381025750
00010 382123974
00010 386580388
00010 386692686
00010 387299410
00010 387459332
00010 388153414
00010 388778676
00010 391819138
00010 392837926
00010 394801802
00010 398225768
00010 403426788
00010 403757402
00010 406361596
00010 408343540
00010 413867596
00010 415631808
00010 416496692
00010 417283652
00010 417410242
00010 420852608
00010 422158214
00010 423511302
00010 424814386
00010 424863228
00010 425512970
00010 427547538
00010 428273100
00010 429788678
00010 432359000
00010 433105494
00010 437315762
00010 437826442
00010 438054456
00010 438228090
00010 439471106
00010 439945386
00010 441614854
00010 443178076
00010 444360394
00010 446346616
00010 446805872
00010 447413622
00010 448718080
00010 452495554
00010 453473156
00010 456274488
00010 457305052
00010 463395486
00010 464998884
00010 469296356
00010 470213302
00010 471438896
00010 472484330
00010 477272042
00010 482436012
00010 486180632
00010 492761130
00010 495741784
00010 496468988
00010 496956854
00010 498542754
00010 501175316
00010 507194072
00010 507241522
00010 509166146
00010 516891166
00010 519134584
00010 520826150
00010 521117354
00010 522960232
00010 523912234
00010 533206036
00010 535773728
00010 538367252
00010 541985930
00010 544143290
00010 544182918
00010 544401120
00010 552104178
00010 552989550
00010 555544278
00010 557147418
00010 565712024
00010 572101254
00010 579964406
00010 582739796
00010 585624400
00010 595339306
00010 596113786
00010 597319886
00010 598450846
00010 599693558
00010 600511424
00010 603267934
00010 603556184
00010 605345890
00010 605837094
00010 613392642
00010 614411134
00010 615433070
00010 616589522
00010 622266898
00010 622469690
00010 624582534
00010 625480040
00010 626969734
00010 628088266
00010 629613184
00010 632283726
00010 632559702
00010 634105836
00010 634113472
00010 634385208
00010 635041894
00010 635522330
00010 635524910
00010 637173594
00010 639112172
00010 642002300
00010 643457514
00010 644370820
00010 644801128
00010 644917118
00010 645382700
00010 645570352
00010 649544830
00010 649971008
00010 651974800
00010 652497552
00010 656878578
00010 658348298
00010 665516846
00010 667208004
00010 669216262
00010 673257644
00010 674094986
00010 674744380
00010 678248358
00010 682880000
00010 686076810
00010 686342688
00010 686802148
00010 690844190
00010 691616772
00010 693998726
00010 697262106
00010 698515958
00010 700557466
00010 701938492
00010 705089624
00010 707709600
00010 707762004
00010 710745826
00010 712175142
00010 715924440
00010 718711670
00010 719855940
00010 721439742
00010 721608886
00010 723768772
00010 726110992
00010 728086990
00010 728687824
00010 730710860
00010 731263368
00010 731884948
00010 731990596
00010 732094294
00010 732530804
00010 733774790
00010 734887254
00010 735356962
00010 737560736
00010 743008204
00010 743518704
00010 743713640
00010 748778910
00010 750040606
00010 752763522
00010 758152296
00010 758494668
00010 761656030
00010 763055812
00010 763834928
00010 764217030
00010 766269258
00010 767474214
00010 768533222
00010 774837240
00010 777628228
00010 777659266
00010 781346880
00010 783907272
00010 784181998
00010 787667720
00010 789734184
00010 792550152
00010 793308708
00010 793980008
00010 799260344
00010 800567994
00010 801113080
00010 802020248
00010 803643208
00010 805582352
00010 806925052
00010 807374484
00010 808559596
00010 809195962
00010 809348838
00010 809484950
00010 811995078
00010 812732778
00010 812862064
00010 815980682
00010 818067892
00010 820866752
00010 822888680
00010 824058894
00010 824909338
00010 836637026
00010 838840448
00010 839155428
00010 841666794
00010 842177136
00010 845836104
00010 848913680
00010 860162788
00010 860608260
00010 861074036
00010 861568710
00010 862499048
00010 864441628
00010 869037180
00010 869038278
00010 869378954
00010 870328330
00010 877486750
00010 878652958
00010 880659372
00010 882313594
00010 882677882
00010 882993006
00010 884646924
00010 885540394
00010 890033846
00010 890964940
00010 894975936
00010 895602308
00010 898421076
00010 904726394
00010 905709616
00010 906730760
00010 906906070
00010 907476394
00010 909582382
00010 910193642
00010 915391532
00010 916717216
00010 920444834
00010 921218198
00010 921589706
00010 925195118
00010 925272566
00010 925402066
00010 927262770
00010 927638916
00010 927939472
00010 928181362
00010 931917050
00010 932386110
00010 933143584
00010 936204258
00010 937313920
00010 944428316
00010 944723016
00010 947339814
00010 952636624
00010 956293256
00010 959977972
00010 968502002
00010 970527114
00010 974522254
00010 976334152
00010 976448040
00010 981155272
00010 981561410
00010 982334754
00010 982749564
00010 982872730
00010 994703346
00010 996017450
00010 997655610
00010 999839828
00010 2653968
00010 6343192
00010 10779500
00010 13353932
00010 17950604
00010 23292218
00010 24021262
00010 24803594
00010 26878260
00010 30078110
00010 36934050
00010 37836174
00010 43584722
00010 44634414
00010 46095634
00010 47091002
00010 47900272
00010 48091550
00010 54748238
00010 58951944
00010 58989464
00010 65229936
00010 65723860
00010 65900482
00010 67199250
00010 68616556
00010 69806380
00010 70152014
00010 77851764
00010 78394450
00010 80796470
00010 84910478
00010 85487774
00010 85845224
00010 86030232
00010 87260648
00010 88726416
00010 90100710
00010 92279544
00010 96694112
00010 97738694
00010 99918086
00010 100335050
00010 106832502
00010 108187614
00010 108351206
00010 108863606
00010 112835094
00010 115895570
00010 117155954
00010 117996146
00010 118754414
00010 123270192
00010 123577502
00010 126008072
00010 126840316
00010 130666054
00010 132175944
00010 132504446
00010 133080200
00010 134321460
00010 136295010
00010 137605326
00010 140341082
00010 140749018
00010 141440730
00010 141748298
00010 144582238
00010 147011030
00010 149761710
00010 150559950
00010 151198826
00010 153265744
00010 153497858
00010 153815904
00010 154526176
00010 158296546
00010 160805936
00010 161548280
00010 166176446
00010 167256224
00010 170637430
00010 171721504
00010 173897720
00010 178413912
00010 180548534
00010 181102524
00010 182339058
00010 182492096
00010 182956692
00010 185188846
00010 186591876
00010 187519074
00010 190621562
00010 191849976
00010 193187666
00010 194558342
00010 196695340
00010 197514924
00010 198569166
00010 198637362
00010 200196262
00010 200270576
00010 204520704
00010 206513310
00010 208474420
00010 212805006
00010 216307780
00010 219624078
00010 220796058
00010 221311732
00010 227638966
00010 239600522
00010 243969810
00010 245232898
00010 246094472
00010 247083416
00010 247107190
00010 249451384
00010 252868378
00010 253475894
00010 254270896
00010 257766818
00010 261544026
00010 263120192
00010 264864864
00010 268181534
00010 271128128
00010 275397042
00010 275893784
00010 276592830
00010 277337150
00010 279786968
00010 280518044
00010 284115826
00010 284880236
00010 292624776
00010 296274314
00010 298082830
00010 298638890
00010 299114962
00010 300214432
00010 303952084
00010 303963716
00010 304926084
00010 305257244
00010 308773768
00010 310459554
00010 312657788
00010 313865058
00010 315637500
00010 315731422
00010 317072758
00010 317420684
00010 325827062
00010 326258210
00010 326392574
00010 329683980
00010 331948974
00010 333442052
00010 336269762
00010 338592422
00010 339667840
00010 342413378
00010 342680434
00010 346351820
00010 348374188
00010 350332888
00010 350340598
00010 351031558
00010 352206476
00010 353082434
00010 355859354
00010 362746650
00010 363791030
00010 365122138
00010 370351882
00010 373904914
00010 374592386
00010 374843028
00010 380047706
00010 382173556
00010 386375076
00010 389512780
00010 392063122
00010 393243168
00010 394598098
00010 394892064
00010 396986224
00010 404746836
00010 405656892
00010 407836950
00010 410595122
00010 412087594
00010 413739062
00010 413750704
00010 419285968
00010 419304528
00010 420935504
00010 425274320
00010 426273616
00010 429245224
00010 431844362
00010 434008758
00010 434064760
00010 437386122
00010 437441554
00010 438572700
00010 440124296
00010 440388616
00010 445232988
00010 449371834
00010 455342968
00010 456269232
00010 456468850
00010 465367008
00010 466064780
00010 468211328
00010 470664640
00010 471765806
00010 471868648
00010 473973974
00010 478729710
00010 478870794
00010 484416518
00010 490742282
00010 491616516
00010 500819482
00010 505240648
00010 506044710
00010 506446254
00010 508387064
00010 519431444
00010 520509416
00010 523281828
00010 524195236
00010 524527448
00010 527720354
00010 536850416
00010 537623324
00010 538683622
00010 544638280
00010 552308174
00010 556015316
00010 557712386
00010 562445588
00010 562447940
00010 563552024
00010 565275230
00010 567040418
00010 568139908
00010 569772698
00010 570454018
00010 572900504
00010 574424614
00010 574954158
00010 576499598
00010 576698368
00010 580556364
00010 584529876
00010 586367314
00010 586981650
00010 587581954
00010 588888758
00010 589009728
00010 591789170
00010 593286128
00010 594853116
00010 594960786
00010 598074324
00010 598517292
00010 599028790
00010 600272490
00010 601908212
00010 602383534
00010 604699316
00010 605340446
00010 609480632
00010 614781090
00010 617913530
00010 620868708
00010 633626324
00010 634375856
00010 640862176
00010 643448728
00010 643704874
00010 644289622
00010 644535562
00010 649064292
00010 649709840
00010 651638124
00010 651938868
00010 652955090
00010 653476814
00010 659148550
00010 661817594
00010 664796700
00010 665387934
00010 666787368
00010 667738568
00010 669544636
00010 670988326
00010 673564386
00010 674715168
00010 677483124
00010 677738066
00010 680010976
00010 685942284
00010 686301834
00010 689637648
00010 690491126
00010 693480546
00010 693557676
00010 693692522
00010 693725830
00010 693878662
00010 693986760
00010 695746516
00010 696525672
00010 696769064
00010 700367684
00010 702714554
00010 705130404
00010 706890252
00010 707116934
00010 709889924
00010 716343084
00010 721069098
00010 725445504
00010 726689764
00010 726847780
00010 727991388
00010 733427922
00010 734131044
00010 735784994
00010 740744210
00010 741357490
00010 744342082
00010 744635160
00010 745131272
00010 745226576
00010 746090670
00010 748864954
00010 750673990
00010 753840980
00010 758487294
00010 767897838
00010 767952520
00010 769159786
00010 769397468
00010 775408780
00010 778517248
00010 779955580
00010 780301254
00010 783630042
00010 784269150
00010 784760808
00010 785710000
00010 790859698
00010 792408876
00010 797969502
00010 798892094
00010 799426828
00010 801059068
00010 802806856
00010 803408352
00010 804324268
00010 809766840
00010 812329506
00010 815636064
00010 816853076
00010 819009034
00010 820931604
00010 823889094
00010 823954546
00010 826838082
00010 831972106
00010 832790470
00010 834117816
00010 836956430
00010 841314182
00010 841876168
00010 842871712
00010 844414686
00010 845392220
00010 846037634
00010 846202574
00010 846649938
00010 847424256
00010 848691100
00010 850322958
00010 852790700
00010 852819548
00010 855723506
00010 857059836
00010 857490134
00010 862788054
00010 862887102
00010 863506408
00010 863705874
00010 867106960
00010 869291360
00010 871741378
00010 872250988
00010 872500244
00010 875873934
00010 876308528
00010 877639956
00010 880194016
00010 880539408
00010 881871066
00010 889824820
00010 890753780
00010 891328168
00010 899808746
00010 900218756
00010 901428120
00010 903606128
00010 907313630
00010 907736640
00010 913991780
00010 915448056
00010 917418066
00010 921806290
00010 922473784
00010 925251718
00010 926189708
00010 926535116
00010 929032610
00010 930112046
00010 930940778
00010 931143538
00010 931701414
00010 932154564
00010 943684752
00010 945830926
00010 947383796
00010 947694240
00010 947739088
00010 947741472
00010 947941468
00010 949875580
00010 954000500
00010 954916152
00010 957543170
00010 957735676
00010 957939430
00010 964370434
00010 968880574
00010 970932828
00010 979056044
00010 982987714
00010 989900512
00010 991244350
00010 991999160
00010 992697934
00010 997140800
00010 997735162
00010 997796608
00010 997814766
00010 677666
00010 2866640
00010 4052048
00010 4504090
00010 4747468
00010 5302514
00010 6493294
00010 8287544
00010 8397492
00010 10353936
00010 10992982
00010 11577468
00010 13549610
00010 14871260
00010 21222950
00010 22807372
00010 23630182
00010 27884290
00010 28877634
00010 30421532
00010 32108742
00010 32214806
00010 34144918
00010 34687192
00010 38125466
00010 38367694
00010 39322646
00010 41337772
00010 41515436
00010 42238880
00010 43571124
00010 44452786
00010 44910494
00010 45158364
00010 45784884
00010 48546668
00010 51009750
00010 52903852
00010 54704400
00010 60485836
00010 61831310
00010 66369402
00010 66505214
00010 75450334
00010 75676370
00010 75800004
00010 83442544
00010 84432164
00010 84787900
00010 84789224
00010 84866698
00010 89872778
00010 94039378
00010 97764552
00010 97860068
00010 99969070
00010 102758106
00010 107209582
00010 107395894
00010 108773144
00010 112192384
00010 113445944
00010 122341444
00010 124468686
00010 124872290
00010 125227672
00010 128815442
00010 131303776
00010 132230622
00010 132244478
00010 132750004
00010 134250678
00010 136076326
00010 140975664
00010 142248138
00010 142651032
00010 147866088
00010 150718908
00010 151701090
00010 152225896
00010 152362912
00010 154259002
00010 154931760
00010 156216328
00010 158279490
00010 159065854
00010 161892462
00010 165618614
00010 169299378
00010 169791220
00010 175527638
00010 175756426
00010 177499708
00010 182558392
00010 182808136
00010 185598250
00010 186231916
00010 189252394
00010 190641422
00010 190964520
00010 194259136
00010 195097984
00010 196055596
00010 198167138
00010 199625290
00010 200709728
00010 203993114
00010 208193958
00010 213910238
00010 214634162
00010 218246094
00010 220646636
00010 222633882
00010 224340740
00010 225001712
00010 230588210
00010 231358750
00010 231495800
00010 233221312
00010 234917636
00010 235256372
00010 235258170
00010 236923536
00010 243525782
00010 244139820
00010 244229032
00010 249370276
00010 249402860
00010 250703248
00010 252129242
00010 252944156
00010 261919542
00010 264534518
00010 264589496
00010 267621452
00010 267745224
00010 269141556
00010 269419038
00010 269781398
00010 271584978
00010 274123418
00010 276040446
00010 278982654
00010 279581542
00010 283649196
00010 291091592
00010 292339902
00010 293228614
00010 294688714
00010 296262978
00010 296660408
00010 297698366
00010 298414528
00010 298677994
00010 299651018
00010 304148234
00010 308745592
00010 310759042
00010 310937998
00010 312283986
00010 315277396
00010 315403306
00010 315616454
00010 318033868
00010 318616716
00010 320720432
00010 320822702
00010 324092836
00010 324437098
00010 326725302
00010 328014830
00010 339140172
00010 339206984
00010 340559032
00010 341448552
00010 341477952
00010 343078256
00010 354585916
00010 356800012
00010 358879622
00010 361626386
00010 361757860
00010 363068772
00010 365295692
00010 365311666
00010 368375278
00010 368533868
00010 369873000
00010 370693070
00010 372164586
00010 372240308
00010 373925146
00010 377134738
00010 380141818
00010 380355374
00010 383668514
00010 385720014
00010 386204132
00010 386279724
00010 389072660
00010 392124098
00010 396800218
00010 396826058
00010 397285012
00010 397641670
00010 398169284
00010 400214166
00010 401541716
00010 402657554
00010 402909644
00010 402952858
00010 406340304
00010 409750370
00010 411461402
00010 412192890
00010 413254364
00010 414825018
00010 414967536
00010 420863780
00010 422928192
00010 425330246
00010 425699068
00010 428200706
00010 431667528
00010 436826754
00010 446337204
00010 447657200
00010 450925374
00010 452307868
00010 452334628
00010 455187450
00010 456413302
00010 459060190
00010 459360012
00010 460078452
00010 460589798
00010 465840844
00010 467462608
00010 468097992
00010 472729456
00010 473159532
00010 473644148
00010 474695658
00010 474969932
00010 477652790
00010 480927478
00010 481949580
00010 482233158
00010 484190450
00010 485147198
00010 485325124
00010 485474820
00010 486483936
00010 487593774
00010 487620286
00010 488825194
00010 493030528
00010 497198934
00010 499974180
00010 500455678
00010 502627194
00010 503024072
00010 511082472
00010 512494000
00010 513112668
00010 513179922
00010 514984166
00010 515766932
00010 515949942
00010 519492172
00010 520178996
00010 520624632
00010 523624616
00010 524620840
00010 527992440
00010 531382126
00010 531402962
00010 535111434
00010 535964716
00010 536579990
00010 537002516
00010 539738844
00010 545882448
00010 546063974
00010 546078574
00010 546954294
00010 547933716
00010 548383520
00010 550212404
00010 550765718
00010 551253904
00010 552600082
00010 552607438
00010 552672710
00010 553812832
00010 556537116
00010 558382516
00010 559672066
00010 565329236
00010 569932230
00010 575923918
00010 576057466
00010 578975012
00010 579604230
00010 580824294
00010 580915260
00010 581404068
00010 582440214
00010 586182224
00010 590886342
00010 595304822
00010 602711894
00010 608109820
00010 610399656
00010 611969208
00010 614244880
00010 616654360
00010 617474052
00010 617709346
00010 618922226
00010 619432392
00010 620900148
00010 622969842
00010 623024400
00010 623501194
00010 624594584
00010 627838278
00010 628058662
00010 631133974
00010 637109810
00010 637415898
00010 640189996
00010 641614682
00010 644357776
00010 644974384
00010 651841516
00010 655022706
00010 656675670
00010 657065672
00010 657704494
00010 663831422
00010 668796096
00010 670948444
00010 673622610
00010 674110680
00010 675894778
00010 677526030
00010 678148230
00010 679059756
00010 683692126
00010 684719420
00010 687390656
00010 694912412
00010 696888338
00010 699692550
00010 699879560
00010 701334958
00010 703630832
00010 704492522
00010 704514980
00010 707389770
00010 709793060
00010 711412788
00010 711420310
00010 711610286
00010 715632896
00010 716480394
00010 717026228
00010 717355942
00010 723420268
00010 724881842
00010 727540270
00010 728342546
00010 728552334
00010 730405296
00010 733182310
00010 733479236
00010 734676184
00010 735782220
00010 736467774
00010 738439692
00010 739319382
00010 739344312
00010 739377282
00010 739786258
00010 740608762
00010 740877932
00010 743489434
00010 747543964
00010 747999142
00010 748384422
00010 750907322
00010 752003790
00010 757673856
00010 760733720
00010 762577792
00010 767855906
00010 769967036
00010 770074146
00010 770979954
00010 774510804
00010 775129812
00010 776113832
00010 783540232
00010 785355702
00010 785606108
00010 786726746
00010 786738736
00010 789593816
00010 791405326
00010 795035308
00010 795611986
00010 800701786
00010 801857830
00010 804285264
00010 811169990
00010 811320956
00010 812569730
00010 814379988
00010 815214984
00010 817610542
00010 822503028
00010 823647914
00010 832321352
00010 833436912
00010 834019192
00010 834767518
00010 836594004
00010 837989392
00010 838993028
00010 840301726
00010 841275190
00010 842432542
00010 844265078
00010 844307396
00010 846398096
00010 846570724
00010 847839638
00010 849410690
00010 849537832
00010 849710866
00010 853369936
00010 855368704
00010 858184862
00010 858195836
00010 858226332
00010 862507014
00010 862543336
00010 863730216
00010 865667354
00010 866030890
00010 868504964
00010 874086570
00010 874695940
00010 877284000
00010 877618226
00010 877711954
00010 885934232
00010 890086362
00010 890336330
00010 892302056
00010 892968796
00010 893941610
00010 898721760
00010 898959960
00010 899453000
00010 903752472
00010 905211356
00010 906697550
00010 906981670
00010 908363064
00010 910744600
00010 916387084
00010 917641122
00010 919835796
00010 919997894
00010 923388830
00010 924699624
00010 927139132
00010 927736900
00010 929121446
00010 929861866
00010 932524744
00010 933021702
00010 933216234
00010 933594836
00010 934591678
00010 936496436
00010 938269564
00010 939485362
00010 940397416
00010 940471052
00010 942548928
00010 942694266
00010 946102624
00010 955128850
00010 956028094
00010 956602448
00010 957093484
00010 959065706
00010 960682570
00010 962914976
00010 964511732
00010 965727140
00010 973131864
00010 975124524
00010 975493460
00010 976966010
00010 979276380
00010 983853658
00010 985199770
00010 986603994
00010 986813108
00010 987645072
00010 988082838
00010 991422896
00010 993693018
00010 996166762
00010 997431332
