00010 3750056
00010 4433416
00010 8335456
00010 12989966
00010 14987072
00010 16632148
00010 20353764
00010 21065066
00010 21407632
00010 23558690
00010 26324076
00010 29239206
00010 30236698
00010 33955122
00010 34636046
00010 43563186
00010 48173518
00010 49738060
00010 51551266
00010 54408598
00010 54564556
00010 59360688
00010 60311494
00010 60605978
00010 60687276
00010 66556546
00010 67761338
00010 69594454
00010 69772522
00010 70921434
00010 73609066
00010 73982620
00010 82112532
00010 85002622
00010 91632860
00010 98943406
00010 102175922
00010 102985406
00010 112460836
00010 113994984
00010 116437138
00010 118364040
00010 118908216
00010 124174214
00010 126240652
00010 128197776
00010 138436640
00010 139586612
00010 142410794
00010 146080060
00010 146326022
00010 150337260
00010 152312798
00010 153912558
00010 155528224
00010 156091956
00010 156581412
00010 160988914
00010 163107602
00010 163676980
00010 164407160
00010 171223772
00010 172409094
00010 172995114
00010 172998376
00010 173017334
00010 178757576
00010 181842568
00010 182182194
00010 182761416
00010 189034302
00010 189262642
00010 191175728
00010 193549440
00010 193956712
00010 197327256
00010 200906494
00010 202576628
00010 203657694
00010 206436580
00010 207921732
00010 208671362
00010 208765662
00010 209003872
00010 211070464
00010 211690806
00010 212366464
00010 214207998
00010 221214402
00010 224024258
00010 224864380
00010 226316544
00010 226404120
00010 226799538
00010 227895760
00010 228574274
00010 230046650
00010 232731044
00010 234313336
00010 238169438
00010 246950508
00010 247602468
00010 252301188
00010 252471930
00010 254456188
00010 255426374
00010 255596912
00010 257756892
00010 257919622
00010 259344034
00010 260043128
00010 260564226
00010 262045070
00010 268579050
00010 268588948
00010 269559892
00010 269962018
00010 271829336
00010 272638634
00010 272732114
00010 273759880
00010 274756178
00010 275994058
00010 277986010
00010 278919198
00010 279110040
00010 279624382
00010 280450968
00010 281578290
00010 283918562
00010 286152962
00010 288979872
00010 289502644
00010 289583166
00010 290559168
00010 291927192
00010 294525834
00010 300057308
00010 300528466
00010 301130794
00010 304112014
00010 307296434
00010 308239076
00010 310208660
00010 311288594
00010 312894600
00010 314413104
00010 322180588
00010 325327306
00010 330086712
00010 330450122
00010 330550554
00010 330552984
00010 331167458
00010 332611360
00010 335121416
00010 335654868
00010 335867790
00010 336799142
00010 337833970
00010 339513542
00010 340837188
00010 340979734
00010 342703130
00010 342962954
00010 344490250
00010 344661340
00010 346752252
00010 347335124
00010 348366268
00010 348545074
00010 354746264
00010 358974324
00010 359617576
00010 361118060
00010 361553542
00010 365047712
00010 365742068
00010 369619820
00010 370094998
00010 371085214
00010 382785768
00010 386557166
00010 388174324
00010 389866590
00010 390183150
00010 390295564
00010 391364722
00010 391870418
00010 392730444
00010 395644774
00010 397495638
00010 400032558
00010 402394382
00010 404148080
00010 406468664
00010 407147700
00010 407697144
00010 408627250
00010 410018292
00010 412891752
00010 412917164
00010 413148722
00010 416314674
00010 416364518
00010 428571570
00010 428638572
00010 429303272
00010 430536914
00010 431173924
00010 433141670
00010 433985612
00010 434554068
00010 438383970
00010 438416018
00010 449372162
00010 449541736
00010 449690400
00010 450269092
00010 454770660
00010 455965882
00010 458302848
00010 458461066
00010 458569174
00010 463113396
00010 463724570
00010 463782308
00010 463800030
00010 468656808
00010 470338252
00010 472670352
00010 472671830
00010 473705842
00010 474609564
00010 478483728
00010 480373586
00010 487038274
00010 489204370
00010 493039986
00010 495004704
00010 497126890
00010 497805848
00010 500504716
00010 500759448
00010 503150340
00010 506360676
00010 512262402
00010 512329238
00010 512528698
00010 513248702
00010 513558030
00010 514169418
00010 515445278
00010 515672932
00010 517698660
00010 519876634
00010 522048776
00010 524525524
00010 530792326
00010 533009604
00010 534439924
00010 535552092
00010 535793378
00010 536017368
00010 536185616
00010 536315824
00010 540291900
00010 546465930
00010 548310092
00010 551289446
00010 553699116
00010 554062966
00010 555557880
00010 557485562
00010 558859970
00010 560341424
00010 560853826
00010 562441468
00010 562835564
00010 563499310
00010 564177260
00010 566203260
00010 567301922
00010 568762488
00010 569450564
00010 570540278
00010 572248086
00010 573488902
00010 574069280
00010 574950304
00010 575136344
00010 578406222
00010 579267628
00010 585334018
00010 587393722
00010 587446426
00010 587955440
00010 588630376
00010 591145928
00010 591892644
00010 593133396
00010 594764772
00010 595054964
00010 600306764
00010 603094108
00010 605141992
00010 605303000
00010 608226834
00010 610586094
00010 611796762
00010 623567512
00010 624051772
00010 626969472
00010 631326646
00010 632714908
00010 637160426
00010 638485492
00010 642985674
00010 643696422
00010 645541252
00010 646157160
00010 646523352
00010 646662196
00010 647509120
00010 649875494
00010 649987628
00010 650268496
00010 652301598
00010 654868114
00010 654874122
00010 655237026
00010 657428880
00010 658491028
00010 658560118
00010 661203982
00010 661671758
00010 664421586
00010 664926350
00010 665271000
00010 666680046
00010 666682412
00010 670867010
00010 671516502
00010 671531898
00010 671756430
00010 673936620
00010 674211140
00010 674851730
00010 677973676
00010 679877102
00010 680278986
00010 684001034
00010 690145170
00010 690482272
00010 700002384
00010 700060646
00010 700073246
00010 701962040
00010 706407112
00010 706645548
00010 706814048
00010 709720496
00010 709830890
00010 711445022
00010 715009732
00010 716717556
00010 716721004
00010 717916572
00010 719268270
00010 719957162
00010 730517294
00010 734778164
00010 735124132
00010 735478718
00010 736030730
00010 740293192
00010 742937760
00010 744620842
00010 744630560
00010 745671608
00010 750971244
00010 752184720
00010 752559400
00010 754829256
00010 756887930
00010 761410344
00010 762478688
00010 763733724
00010 764644328
00010 767114678
00010 769790440
00010 770880832
00010 770909832
00010 771148432
00010 771191468
00010 773847896
00010 775437750
00010 777561112
00010 778353334
00010 778594710
00010 778856934
00010 779300666
00010 779963078
00010 782731594
00010 785980010
00010 789608892
00010 789912324
00010 789980334
00010 791437546
00010 792550100
00010 793155020
00010 793750202
00010 804297454
00010 804622804
00010 805841182
00010 805950056
00010 808445576
00010 808601526
00010 811368468
00010 816319644
00010 820860262
00010 821201198
00010 821322956
00010 830763132
00010 831174274
00010 835663166
00010 836299786
00010 836944046
00010 841428962
00010 841549116
00010 843564098
00010 845234400
00010 849452094
00010 850690076
00010 851204950
00010 851884050
00010 853200592
00010 854196800
00010 854487166
00010 856249380
00010 858180154
00010 859457030
00010 862301962
00010 862685388
00010 869137334
00010 869835940
00010 876365972
00010 877821726
00010 877945888
00010 879343186
00010 882433354
00010 885834672
00010 890200610
00010 892997938
00010 893265524
00010 893457678
00010 895821982
00010 896991532
00010 902553568
00010 907170076
00010 909309974
00010 910740894
00010 910982338
00010 911323150
00010 916052944
00010 916624020
00010 917362734
00010 918828736
00010 921327148
00010 923839610
00010 925423744
00010 925429340
00010 926210080
00010 926748274
00010 930228324
00010 941613158
00010 943590748
00010 944617184
00010 946297124
00010 946677886
00010 947681000
00010 948244380
00010 955472052
00010 957363210
00010 958909224
00010 959831018
00010 961506842
00010 963730352
00010 965142788
00010 965183366
00010 966378910
00010 966526642
00010 967057236
00010 973026180
00010 973736394
00010 975554158
00010 977202182
00010 977675392
00010 978112674
00010 983541496
00010 987107788
00010 987285216
00010 987626964
00010 990152152
00010 995736200
00010 997947340
00010 4353542
00010 7871254
00010 13430056
00010 16764534
00010 19690020
00010 21535804
00010 23024912
00010 24484464
00010 25150354
00010 25232804
00010 26280742
00010 30667606
00010 30708258
00010 33628416
00010 34636422
00010 42926916
00010 47563358
00010 48093284
00010 49138806
00010 52432336
00010 52849068
00010 53099386
00010 54234480
00010 57079054
00010 68135144
00010 68430442
00010 70252572
00010 70733394
00010 72261860
00010 76517128
00010 79321740
00010 79533628
00010 79952544
00010 89049160
00010 89814246
00010 90571758
00010 92507484
00010 94841998
00010 96836926
00010 98801244
00010 99046818
00010 100629378
00010 106845920
00010 112743672
00010 112971788
00010 120297796
00010 124613782
00010 124629674
00010 131708990
00010 133762632
00010 134602190
00010 134875738
00010 135340378
00010 136529732
00010 137826480
00010 139109490
00010 139440508
00010 142179424
00010 142521504
00010 142589456
00010 143195966
00010 144676824
00010 144928290
00010 145840452
00010 147804782
00010 150003674
00010 153872318
00010 155795896
00010 156817014
00010 157068100
00010 157254130
00010 159072158
00010 159329376
00010 165025488
00010 166115746
00010 166863972
00010 167204642
00010 172930472
00010 172967320
00010 173611260
00010 174977292
00010 177411346
00010 177921328
00010 186400078
00010 188982676
00010 189575262
00010 191538936
00010 196930906
00010 201101132
00010 201355570
00010 201690508
00010 202014574
00010 203458722
00010 204176376
00010 204998324
00010 207524360
00010 211625376
00010 212710286
00010 216289006
00010 216872710
00010 218831738
00010 219229388
00010 223700082
00010 230278414
00010 230605486
00010 232426666
00010 234829780
00010 237142322
00010 238443860
00010 240659970
00010 241511560
00010 242191480
00010 243887138
00010 243948348
00010 246272620
00010 251694188
00010 252800412
00010 254577948
00010 256180698
00010 259052812
00010 261127144
00010 265012714
00010 265648184
00010 266934388
00010 267015846
00010 267416652
00010 268477512
00010 268629296
00010 270876552
00010 272642544
00010 275255236
00010 276679808
00010 277312514
00010 278963112
00010 279056610
00010 280515212
00010 282816648
00010 285758820
00010 290596822
00010 292013012
00010 296838838
00010 297757142
00010 297759568
00010 299387158
00010 302143596
00010 305568958
00010 305579066
00010 306075210
00010 308548126
00010 312062690
00010 314376590
00010 314747732
00010 315445194
00010 317689594
00010 321689700
00010 322486570
00010 329929364
00010 330525780
00010 330678680
00010 334879818
00010 336102106
00010 336855622
00010 337379432
00010 340046764
00010 342160364
00010 347697946
00010 349655470
00010 354294718
00010 356231862
00010 359452646
00010 361651922
00010 365122412
00010 368547944
00010 368910004
00010 371639732
00010 372551916
00010 372916390
00010 378570514
00010 381274766
00010 382324040
00010 382383396
00010 382595954
00010 384055306
00010 384940968
00010 386543700
00010 387463298
00010 387490428
00010 388215518
00010 388800510
00010 391705530
00010 394586886
00010 395533500
00010 397372962
00010 401456414
00010 401942174
00010 402830090
00010 408665114
00010 409951624
00010 412970014
00010 419307960
00010 423667490
00010 424601356
00010 426116466
00010 428265074
00010 430864854
00010 431680356
00010 431932644
00010 437923734
00010 442005276
00010 442221980
00010 442319926
00010 444806348
00010 445353458
00010 446170570
00010 446972906
00010 452415482
00010 454798200
00010 463513472
00010 464784552
00010 465452918
00010 467352298
00010 468374296
00010 469819860
00010 470131886
00010 470481310
00010 473950012
00010 474713910
00010 474799784
00010 474802658
00010 476415604
00010 478554234
00010 479982166
00010 488799692
00010 489704030
00010 490998776
00010 492051816
00010 492724824
00010 493321790
00010 494560662
00010 501011018
00010 504665178
00010 510553730
00010 510562938
00010 512387214
00010 513698866
00010 514253306
00010 518469586
00010 518676122
00010 519154800
00010 519201372
00010 520146984
00010 520389784
00010 521607672
00010 529788736
00010 531107760
00010 533427850
00010 534264348
00010 534428782
00010 540410506
00010 541156806
00010 545062236
00010 547264128
00010 550907276
00010 550919658
00010 553227478
00010 554479622
00010 554753258
00010 556754522
00010 558303616
00010 562109774
00010 562318190
00010 564557292
00010 568376288
00010 568666042
00010 569644034
00010 577202596
00010 577641256
00010 580784616
00010 581714280
00010 584340532
00010 588461298
00010 592988546
00010 594367938
00010 596435592
00010 598735056
00010 602002112
00010 605251208
00010 605670820
00010 606360034
00010 607097096
00010 607220552
00010 608782720
00010 609765192
00010 609782682
00010 611351252
00010 613916940
00010 614711404
00010 617096424
00010 621956570
00010 623812578
00010 626248392
00010 627208912
00010 631318030
00010 631647554
00010 632946006
00010 633152234
00010 633700896
00010 636223596
00010 636345064
00010 638606336
00010 638634478
00010 639611086
00010 643459272
00010 643569154
00010 645301786
00010 645874066
00010 646038682
00010 648593454
00010 650496244
00010 652063414
00010 657249250
00010 657264064
00010 657846392
00010 661856760
00010 663373480
00010 667855236
00010 669811638
00010 674238094
00010 675242264
00010 675415220
00010 675786794
00010 678654652
00010 686437466
00010 694077416
00010 694177198
00010 694382210
00010 695644336
00010 696478876
00010 696800400
00010 700124686
00010 704076032
00010 705698792
00010 707208300
00010 709047050
00010 712707298
00010 715046588
00010 715654840
00010 721300706
00010 724187982
00010 725236994
00010 728508142
00010 730364558
00010 731119026
00010 732334810
00010 733180602
00010 733748154
00010 734611006
00010 736203398
00010 736250948
00010 738414388
00010 739780956
00010 742539564
00010 744364064
00010 751972200
00010 756103452
00010 756801504
00010 758428656
00010 759612586
00010 761023042
00010 761598196
00010 762364232
00010 764655082
00010 765458974
00010 765540312
00010 766948192
00010 767713998
00010 770200276
00010 773332914
00010 773798534
00010 774636774
00010 777498342
00010 777773244
00010 778778404
00010 780038092
00010 783089142
00010 783905982
00010 784335186
00010 788764032
00010 790485088
00010 791208712
00010 791342692
00010 795063538
00010 802312102
00010 803339034
00010 806728534
00010 808697760
00010 809619486
00010 810797204
00010 812050098
00010 812663322
00010 813908702
00010 814375766
00010 815323026
00010 819466086
00010 820867366
00010 821392128
00010 825978078
00010 826615584
00010 829075918
00010 830853652
00010 832046472
00010 833645096
00010 838095668
00010 839238370
00010 839507594
00010 839998042
00010 843225844
00010 845015118
00010 847113764
00010 849041382
00010 850540948
00010 850652748
00010 854977390
00010 855823518
00010 856009282
00010 860012342
00010 860595200
00010 864539234
00010 868765348
00010 869508568
00010 871162820
00010 872119082
00010 879447044
00010 880482732
00010 881510028
00010 885298648
00010 892235546
00010 894127614
00010 894680550
00010 898441632
00010 902454846
00010 903740240
00010 904273586
00010 905497134
00010 905996190
00010 906677010
00010 911306172
00010 912586458
00010 912673934
00010 913015074
00010 914572662
00010 914605634
00010 916912182
00010 921953096
00010 923103854
00010 923278294
00010 926417628
00010 930018828
00010 930449134
00010 931575914
00010 932411332
00010 934473566
00010 944133540
00010 947533310
00010 951240368
00010 952491486
00010 956775016
00010 958347944
00010 958869958
00010 959306858
00010 960743348
00010 962915044
00010 964605786
00010 965010342
00010 966047842
00010 967057526
00010 968156712
00010 969989892
00010 970890496
00010 973776068
00010 974137800
00010 974886290
00010 975509200
00010 975627192
00010 978241274
00010 979047200
00010 981710854
00010 982186636
00010 982346678
00010 985703804
00010 989503010
00010 993247380
00010 995630562
00010 996472426
00010 996602136
00010 998741460
00010 586774
00010 1172560
00010 1997528
00010 2939750
00010 3097492
00010 3759350
00010 3950650
00010 4569782
00010 6719156
00010 6801528
00010 7261600
00010 7411566
00010 8596570
00010 10559774
00010 11960142
00010 14015580
00010 15178854
00010 21340638
00010 21630700
00010 23708758
00010 25423916
00010 26993608
00010 29965466
00010 32006142
00010 33043738
00010 33045648
00010 34259462
00010 35718168
00010 37154452
00010 37340420
00010 42434562
00010 44645194
00010 44762330
00010 45205434
00010 51686326
00010 54440864
00010 56966938
00010 58959112
00010 59505778
00010 62050656
00010 66325550
00010 70204598
00010 71126890
00010 73675402
00010 77985590
00010 78279254
00010 78885164
00010 79445070
00010 79954040
00010 80098544
00010 81274876
00010 81676584
00010 86928208
00010 87223210
00010 88899772
00010 89094378
00010 95626592
00010 95683478
00010 98912614
00010 100703714
00010 101700916
00010 102337074
00010 112248604
00010 112529970
00010 116273828
00010 116999758
00010 122538068
00010 124294712
00010 125412940
00010 126515688
00010 126602090
00010 134043618
00010 134064004
00010 136883134
00010 140402938
00010 140605556
00010 140733372
00010 141027348
00010 142981548
00010 149560926
00010 149563048
00010 152931862
00010 155456310
00010 155924388
00010 156529860
00010 159060520
00010 159280846
00010 159583334
00010 166292616
00010 168046594
00010 168871092
00010 169060846
00010 169138950
00010 172104162
00010 173638298
00010 175499060
00010 176696292
00010 177436178
00010 179662594
00010 181195868
00010 182326722
00010 182570406
00010 186108294
00010 186291548
00010 189468716
00010 189739882
00010 190913908
00010 192470492
00010 195570572
00010 195796722
00010 198203754
00010 198580762
00010 198752330
00010 206662796
00010 210441166
00010 214973846
00010 215727552
00010 217440214
00010 219793402
00010 225374340
00010 226709212
00010 229413510
00010 229932908
00010 234363830
00010 239696970
00010 241175506
00010 241665320
00010 247996580
00010 250648668
00010 251691062
00010 256035156
00010 257521554
00010 258325882
00010 258522848
00010 261437308
00010 262154444
00010 264931406
00010 270467816
00010 270510172
00010 275620586
00010 279206558
00010 280706970
00010 281287970
00010 282207000
00010 284495832
00010 286190630
00010 287438246
00010 288117694
00010 288226026
00010 289536194
00010 289981638
00010 294464330
00010 295793738
00010 296297260
00010 296336708
00010 299378342
00010 300277472
00010 301716838
00010 302811022
00010 304255766
00010 305574422
00010 308048312
00010 312768584
00010 316849276
00010 318900692
00010 319500348
00010 320615800
00010 323165918
00010 323754274
00010 324124836
00010 324827356
00010 324906428
00010 326508864
00010 326664214
00010 329446400
00010 333105290
00010 333158176
00010 333893392
00010 335762736
00010 340115560
00010 340861478
00010 342472788
00010 343488930
00010 344448482
00010 344999634
00010 346755938
00010 355507940
00010 356231234
00010 358070442
00010 359385810
00010 363131126
00010 364266466
00010 367879156
00010 370005708
00010 372394740
00010 372441014
00010 373855920
00010 373999680
00010 375682392
00010 377123934
00010 379135188
00010 380666558
00010 381999628
00010 384370456
00010 385657758
00010 387748108
00010 387749854
00010 390176642
00010 393153722
00010 393216202
00010 395010932
00010 395253844
00010 398028420
00010 398473414
00010 404812530
00010 406219012
00010 407609164
00010 409263964
00010 411856406
00010 413097862
00010 415937238
00010 421485864
00010 427713518
00010 427936722
00010 434266012
00010 434570552
00010 434725976
00010 436632426
00010 436646630
00010 438808294
00010 439833252
00010 440238330
00010 445449088
00010 446432854
00010 446457828
00010 449299198
00010 449550920
00010 453272628
00010 453548600
00010 457149120
00010 459512286
00010 462708516
00010 463045970
00010 463897502
00010 469625058
00010 470311716
00010 474174878
00010 476292426
00010 476298220
00010 477367668
00010 482909038
00010 484084632
00010 486361668
00010 488473346
00010 490890632
00010 493493952
00010 495129636
00010 497675602
00010 499198050
00010 500116558
00010 500567424
00010 501779740
00010 503544458
00010 504019654
00010 506167360
00010 506685298
00010 506824618
00010 508297946
00010 509990780
00010 512218462
00010 515452414
00010 516709184
00010 516797276
00010 520933938
00010 525484872
00010 525725654
00010 525808580
00010 526199914
00010 529395414
00010 530834270
00010 530886508
00010 533021734
00010 533113328
00010 540448270
00010 541587446
00010 542238660
00010 542719048
00010 543202478
00010 544019160
00010 549440930
00010 551071566
00010 551400092
00010 552569656
00010 553042892
00010 555449526
00010 556919126
00010 559002028
00010 560713980
00010 561706390
00010 563089130
00010 564363554
00010 569051738
00010 570966882
00010 571331378
00010 572954332
00010 574215910
00010 576787102
00010 577357936
00010 579875420
00010 580733086
00010 581634834
00010 582982032
00010 583326906
00010 586817494
00010 587549068
00010 588917772
00010 597817794
00010 598393994
00010 598396278
00010 601711774
00010 601794682
00010 603660544
00010 604698212
00010 605566432
00010 606764094
00010 610695348
00010 612111874
00010 612456560
00010 614741056
00010 615933030
00010 615938686
00010 618556950
00010 621731198
00010 624531326
00010 624533350
00010 625663206
00010 626788452
00010 629629804
00010 632848086
00010 635299512
00010 636805182
00010 641295090
00010 643576436
00010 644687088
00010 645183936
00010 649887252
00010 652116768
00010 654788556
00010 656590454
00010 657568938
00010 658576256
00010 658817214
00010 659211330
00010 660936636
00010 661384258
00010 663956888
00010 670195028
00010 671168748
00010 674684496
00010 674834622
00010 680060762
00010 685221786
00010 686407176
00010 689192574
00010 691128262
00010 693944910
00010 695897366
00010 696712756
00010 697777450
00010 699550888
00010 700018622
00010 700384442
00010 703465480
00010 704466738
00010 709786388
00010 717969432
00010 729048828
00010 732507584
00010 732792570
00010 732819906
00010 735790298
00010 739166364
00010 741491752
00010 741630730
00010 742114026
00010 743655486
00010 743885618
00010 744634496
00010 745617234
00010 746405804
00010 747132540
00010 750488706
00010 751591900
00010 753135342
00010 757508764
00010 760820954
00010 763757572
00010 764146522
00010 766214796
00010 768678270
00010 771806324
00010 773336882
00010 780083858
00010 781520970
00010 782868966
00010 783565472
00010 785434744
00010 785584950
00010 789337746
00010 795868780
00010 799728062
00010 800499878
00010 802380148
00010 804552494
00010 806649342
00010 807633472
00010 809538630
00010 814497586
00010 816073750
00010 816682062
00010 817019950
00010 817850378
00010 818064010
00010 818732962
00010 819209382
00010 820292552
00010 821839790
00010 822961630
00010 826234270
00010 827564838
00010 833201142
00010 833338554
00010 833612704
00010 834937354
00010 835185728
00010 836647626
00010 836946718
00010 839517802
00010 841087792
00010 847836976
00010 849888688
00010 850632914
00010 850636712
00010 850829022
00010 850969104
00010 852396856
00010 854546590
00010 856271954
00010 856407020
00010 856733866
00010 858151792
00010 858240766
00010 859269192
00010 861600028
00010 861638804
00010 862636636
00010 862638716
00010 865426870
00010 865998474
00010 868456414
00010 868945520
00010 870325440
00010 871883802
00010 872848238
00010 873417684
00010 873625516
00010 874912106
00010 875678296
00010 876216974
00010 879150796
00010 879263294
00010 882274088
00010 885224682
00010 887106412
00010 887518924
00010 889376598
00010 893481404
00010 893876620
00010 894619402
00010 895927830
00010 897618980
00010 901795936
00010 903848732
00010 904505388
00010 905691276
00010 906510238
00010 907199296
00010 909364876
00010 914887936
00010 915556626
00010 915572858
00010 916351822
00010 916396328
00010 917634638
00010 918114444
00010 919368760
00010 920639654
00010 927103542
00010 927670920
00010 933027404
00010 933467502
00010 933990690
00010 934016708
00010 934160604
00010 937444968
00010 938946770
00010 939111262
00010 939978764
00010 941143498
00010 947522034
00010 948573492
00010 948838100
00010 953048266
00010 953610932
00010 954029046
00010 957196186
00010 957765276
00010 958808374
00010 963892924
00010 965344258
00010 969745008
00010 970665104
00010 971855206
00010 972970586
00010 973577848
00010 973914466
00010 975097668
00010 975108860
00010 976403968
00010 977933658
00010 978824824
00010 978899782
00010 984140554
00010 984216796
00010 987584808
00010 991944134
00010 993341422
00010 995832330
00010 1000475978
00010 2981892
00010 3772314
00010 3931038
00010 4490620
00010 10393028
00010 10759038
00010 12679296
00010 15459400
00010 18860990
00010 20306138
00010 24623266
00010 28148072
00010 28612100
00010 29448612
00010 32046478
00010 32449682
00010 34399120
00010 34512908
00010 38186064
00010 38227662
00010 39216334
00010 39316832
00010 39386564
00010 41224022
00010 41353842
00010 41679994
00010 47621124
00010 49071880
00010 49817214
00010 55136834
00010 57451106
00010 59751000
00010 67470542
00010 73795598
00010 75699480
00010 75742440
00010 76212126
00010 80578540
00010 84749240
00010 85290278
00010 88817334
00010 90793366
00010 90821056
00010 91176934
00010 93404376
00010 96232206
00010 98845076
00010 99962860
00010 104238314
00010 106905842
00010 113034106
00010 113683326
00010 114900318
00010 116189396
00010 118082602
00010 122062052
00010 122279044
00010 124971790
00010 129332796
00010 130159986
00010 131749622
00010 136141456
00010 137763786
00010 143391736
00010 143821574
00010 144187954
00010 150125874
00010 150391564
00010 154528166
00010 157835000
00010 158179138
00010 159341214
00010 161048702
00010 166427266
00010 170106566
00010 171020084
00010 175861300
00010 183066560
00010 184587850
00010 188186090
00010 189949112
00010 190098052
00010 190489756
00010 190966996
00010 191573438
00010 198195754
00010 200660712
00010 203900722
00010 204132836
00010 209767856
00010 209987382
00010 211734612
00010 213003796
00010 213628178
00010 220156634
00010 223721648
00010 231549884
00010 233934366
00010 236801722
00010 237547030
00010 239807956
00010 240298172
00010 240991490
00010 241587148
00010 244066654
00010 248067328
00010 248274830
00010 248498658
00010 248677046
00010 248739838
00010 249613992
00010 251040988
00010 251398864
00010 252569556
00010 253361262
00010 253392582
00010 254196932
00010 255744096
00010 265624104
00010 267256266
00010 267779068
00010 268522858
00010 279157378
00010 279219216
00010 279340620
00010 279438230
00010 280288414
00010 280428972
00010 281210000
00010 284048428
00010 284697732
00010 285700316
00010 289052848
00010 290443352
00010 291739328
00010 303628354
00010 306481152
00010 306846652
00010 307834348
00010 309515760
00010 313783300
00010 317636658
00010 318067476
00010 319572000
00010 321063960
00010 323141614
00010 328179924
00010 329600494
00010 331758674
00010 332140674
00010 340196232
00010 344673432
00010 345684400
00010 346170404
00010 349358168
00010 351733288
00010 352106348
00010 355491212
00010 358266704
00010 361574290
00010 363598072
00010 365287866
00010 367645562
00010 367824628
00010 369395400
00010 369724292
00010 370260036
00010 371927356
00010 371999992
00010 374413236
00010 375298870
00010 377859700
00010 378710194
00010 384260954
00010 386578982
00010 386852780
00010 392459798
00010 400337166
00010 400694332
00010 402236650
00010 403704268
00010 405213240
00010 405368374
00010 409159814
00010 414011512
00010 416261718
00010 418283688
00010 418832162
00010 418922468
00010 419724680
00010 420095942
00010 420474126
00010 420866380
00010 421860146
00010 424207560
00010 424637424
00010 427086640
00010 427996404
00010 429875898
00010 430541404
00010 431150018
00010 431609836
00010 441361256
00010 441832034
00010 442011718
00010 443218672
00010 445223888
00010 445971498
00010 447113318
00010 453385798
00010 453542428
00010 455613326
00010 456976700
00010 457025184
00010 458359652
00010 460420662
00010 462923844
00010 462977626
00010 465179786
00010 467767562
00010 468049264
00010 471244392
00010 472367880
00010 474188510
00010 475565002
00010 476440996
00010 479360010
00010 479617148
00010 480809050
00010 481937452
00010 482917286
00010 484338260
00010 490741948
00010 492859524
00010 492938016
00010 493641460
00010 494017690
00010 496086804
00010 497724828
00010 499788198
00010 500395610
00010 503468154
00010 504960704
00010 507302692
00010 508568630
00010 509128258
00010 509245776
00010 509915238
00010 511482836
00010 511492186
00010 514348374
00010 520502366
00010 520504402
00010 527882762
00010 528385756
00010 531508964
00010 533193488
00010 537409374
00010 539498470
00010 541714060
00010 542393086
00010 542779108
00010 546793816
00010 549271710
00010 551309516
00010 553077086
00010 554047924
00010 554830672
00010 555540152
00010 556276488
00010 560112786
00010 561230914
00010 562553160
00010 562719360
00010 563460044
00010 564946912
00010 569013640
00010 572673604
00010 573550092
00010 577007992
00010 577914512
00010 579382218
00010 580042018
00010 580836028
00010 581043352
00010 582012962
00010 586062352
00010 586064880
00010 587131596
00010 587162816
00010 588654364
00010 589496718
00010 589777312
00010 590692036
00010 591953308
00010 594566946
00010 596894740
00010 597502256
00010 599661274
00010 605686254
00010 608052108
00010 610273510
00010 611140824
00010 611223438
00010 612767686
00010 618317008
00010 619416084
00010 626115188
00010 627131594
00010 627174572
00010 629480370
00010 630636412
00010 631227528
00010 634427734
00010 634617278
00010 635132132
00010 635246116
00010 636690112
00010 636792294
00010 637728110
00010 638162132
00010 639330430
00010 640031394
00010 640430164
00010 640825772
00010 641019022
00010 641195550
00010 645478886
00010 647143956
00010 648549388
00010 652468804
00010 655235574
00010 660577728
00010 660998012
00010 661558284
00010 663782844
00010 664231410
00010 665128922
00010 666253730
00010 667020618
00010 667639162
00010 669040114
00010 670449348
00010 672537988
00010 678205056
00010 679119278
00010 679477986
00010 683277722
00010 683355300
00010 684130212
00010 686569478
00010 686904418
00010 690097714
00010 690509720
00010 692431190
00010 708345742
00010 708846912
00010 711929190
00010 717233244
00010 717270228
00010 718086474
00010 719321856
00010 720155676
00010 724283382
00010 726470158
00010 728900092
00010 733292772
00010 734866126
00010 735633640
00010 736058282
00010 736606770
00010 736714914
00010 737573808
00010 742501242
00010 742718444
00010 748456402
00010 750049330
00010 750483944
00010 754386964
00010 754558498
00010 755288428
00010 759031228
00010 760641702
00010 764073524
00010 764416030
00010 766159252
00010 767447324
00010 768856756
00010 770698960
00010 770880748
00010 771239682
00010 771733156
00010 773961768
00010 774994390
00010 775436294
00010 780386052
00010 783253808
00010 788349606
00010 792106724
00010 792275876
00010 794076746
00010 799977318
00010 800010996
00010 803814698
00010 807231684
00010 810455374
00010 810805090
00010 812458464
00010 815110590
00010 815337490
00010 816440022
00010 816470910
00010 818912450
00010 821635370
00010 821997028
00010 826145292
00010 832278802
00010 833971602
00010 836798800
00010 837643306
00010 840854430
00010 843969068
00010 848256812
00010 851226738
00010 851373980
00010 853413650
00010 859209874
00010 859914652
00010 861154124
00010 867173764
00010 867503560
00010 869314802
00010 869353070
00010 871330406
00010 873333908
00010 873343110
00010 877483168
00010 887593496
00010 888609554
00010 888622766
00010 888655548
00010 890936042
00010 891424410
00010 892435470
00010 895683552
00010 897059056
00010 897613372
00010 901668378
00010 901692652
00010 903968844
00010 904402238
00010 905422696
00010 905428748
00010 909660192
00010 911817898
00010 917176574
00010 920883042
00010 922579684
00010 922983210
00010 924022040
00010 925216420
00010 925686608
00010 928722500
00010 933376822
00010 934045484
00010 940273650
00010 943258304
00010 945751176
00010 946000618
00010 955797420
00010 960472832
00010 961505940
00010 964348922
00010 965673712
00010 965906864
00010 966299144
00010 967104254
00010 971035908
00010 971515752
00010 971572270
00010 973883388
00010 973952638
00010 976451516
00010 979474172
00010 981519894
00010 983324494
00010 984488672
00010 986535640
00010 986667236
00010 991183756
00010 991227802
00010 991372852
00010 992355438
00010 993230960
00010 993752176
00010 994065676
00010 994844076
00010 995131688
00010 996540792
00010 998402322
00010 999339872
00010 999676126
00010 311604
00010 1412398
00010 2683498
00010 2957168
00010 3886362
00010 5813036
00010 7534028
00010 9332746
00010 9679134
00010 9728206
00010 15207214
00010 15408412
00010 17554748
00010 21526498
00010 26234320
00010 36674246
00010 36716580
00010 36926592
00010 38976774
00010 39502848
00010 39734230
00010 43255162
00010 43297948
00010 44569000
00010 45920072
00010 46074142
00010 47394526
00010 47616078
00010 48408530
00010 48673922
00010 50539462
00010 52587488
00010 53693968
00010 54125596
00010 56740814
00010 57381736
00010 57494498
00010 62830202
00010 64728196
00010 64977290
00010 67276888
00010 69390006
00010 72456872
00010 72979060
00010 76416212
00010 76556596
00010 79684382
00010 79709544
00010 80388144
00010 82233158
00010 82469008
00010 84574038
00010 89003998
00010 89346606
00010 93318268
00010 94013344
00010 96232638
00010 97168676
00010 97281218
00010 99808542
00010 102299378
00010 104110390
00010 104757840
00010 105060772
00010 108338814
00010 108451440
00010 110220434
00010 110663858
00010 114810050
00010 116549330
00010 121195598
00010 123904954
00010 124943474
00010 128382788
00010 130241852
00010 131629526
00010 131747384
00010 133174266
00010 136632328
00010 139605504
00010 140043174
00010 142024822
00010 147138456
00010 149306956
00010 150008164
00010 154935858
00010 156701234
00010 159298180
00010 164876436
00010 167179824
00010 167201888
00010 167499324
00010 173603872
00010 173611384
00010 175005328
00010 175049670
00010 175711096
00010 175984334
00010 176438322
00010 176488620
00010 177390364
00010 179309470
00010 179670716
00010 182507554
00010 187989122
00010 190576474
00010 192247132
00010 192384474
00010 195210260
00010 196014520
00010 197354320
00010 198228384
00010 204791306
00010 207370548
00010 207786696
00010 210580492
00010 215136060
00010 215444494
00010 216926870
00010 219546876
00010 222684298
00010 231099526
00010 231881056
00010 232193708
00010 232622294
00010 233059506
00010 238577806
00010 240884302
00010 241301030
00010 241644326
00010 243706542
00010 245727952
00010 245740082
00010 246394954
00010 249954296
00010 250351712
00010 251746982
00010 252263122
00010 254092988
00010 259649464
00010 259947120
00010 260097094
00010 261445962
00010 269502074
00010 274596646
00010 274684758
00010 275309602
00010 276751228
00010 277637734
00010 278053408
00010 278325748
00010 282239468
00010 287305686
00010 290391248
00010 292812182
00010 293897758
00010 297987688
00010 298360822
00010 301600268
00010 302392390
00010 306150758
00010 306897950
00010 309619978
00010 309699022
00010 309934370
00010 310664808
00010 311217334
00010 313094384
00010 316761760
00010 319456532
00010 320544224
00010 321199574
00010 322260348
00010 327933574
00010 328157536
00010 328250488
00010 329231004
00010 334509662
00010 335077158
00010 336318798
00010 338398762
00010 340669150
00010 343445834
00010 343913420
00010 344764006
00010 344957572
00010 345407744
00010 347767452
00010 349883372
00010 350198634
00010 355141740
00010 355248752
00010 355419788
00010 355880598
00010 356981554
00010 359140948
00010 361838800
00010 362736578
00010 364137392
00010 364480724
00010 366475086
00010 366916590
00010 370792610
00010 375434008
00010 377389630
00010 379096944
00010 380424642
00010 385950872
00010 388993914
00010 389964562
00010 390248918
00010 391302450
00010 392971666
00010 393054108
00010 395155950
00010 395961884
00010 400558172
00010 401259498
00010 405063238
00010 410389012
00010 410415850
00010 411269400
00010 411955734
00010 414713762
00010 415256744
00010 415774994
00010 417180026
00010 419652532
00010 424826664
00010 424961862
00010 424967514
00010 429746628
00010 434865384
00010 435459720
00010 435739962
00010 437403812
00010 437983150
00010 438034804
00010 443203580
00010 445119984
00010 445308162
00010 445543882
00010 448639302
00010 451295340
00010 452410980
00010 453396098
00010 453912406
00010 457542584
00010 458224692
00010 460193336
00010 461080196
00010 461605216
00010 462217258
00010 464285000
00010 466142102
00010 471390156
00010 471394524
00010 472037404
00010 473382322
00010 474929168
00010 477038978
00010 480009848
00010 489532888
00010 490106800
00010 493811098
00010 495155810
00010 495465190
00010 497742818
00010 502966376
00010 504932162
00010 505794496
00010 507566872
00010 509740330
00010 510571356
00010 511582160
00010 515212614
00010 516266476
00010 516931914
00010 518082434
00010 519338780
00010 519526328
00010 520756794
00010 520926902
00010 521200092
00010 522635314
00010 525962088
00010 527378412
00010 533164000
00010 535081208
00010 536098272
00010 536143716
00010 537230676
00010 538271248
00010 538991456
00010 540618642
00010 540630520
00010 541806040
00010 543197950
00010 547509698
00010 547769964
00010 549244702
00010 549246094
00010 549975604
00010 552699984
00010 553935754
00010 564302036
00010 565325016
00010 565504088
00010 565830282
00010 568186174
00010 568992444
00010 569200182
00010 571574372
00010 572088066
00010 573508618
00010 574489734
00010 575446048
00010 576466716
00010 577386018
00010 577826194
00010 579402384
00010 580448934
00010 581308428
00010 583334954
00010 585819130
00010 585822750
00010 587232228
00010 587250592
00010 588627444
00010 588814474
00010 596984982
00010 598934662
00010 600287788
00010 600898498
00010 608244338
00010 610284586
00010 611649264
00010 613225692
00010 613889690
00010 616648312
00010 616829098
00010 616922646
00010 617892700
00010 619705614
00010 621625792
00010 622458756
00010 623982550
00010 625530260
00010 626089174
00010 627164232
00010 628229704
00010 628340650
00010 628501050
00010 629151826
00010 630358220
00010 635510872
00010 635693068
00010 637067192
00010 642726354
00010 647022954
00010 651098140
00010 651798298
00010 652522618
00010 653285692
00010 661754832
00010 667036438
00010 669646734
00010 669722474
00010 670348776
00010 670349930
00010 676114374
00010 677479044
00010 684817456
00010 685106972
00010 688478074
00010 690714290
00010 691374804
00010 692308890
00010 694801294
00010 696046840
00010 698789566
00010 700063054
00010 700223156
00010 704740272
00010 704760486
00010 709931636
00010 712178038
00010 715118756
00010 715851330
00010 717041294
00010 718291496
00010 719802142
00010 720047854
00010 720071620
00010 721430178
00010 722992754
00010 723046998
00010 726625936
00010 728836198
00010 735452944
00010 739789436
00010 743156962
00010 748152460
00010 748823022
00010 750522796
00010 750654410
00010 754143862
00010 759216232
00010 759288710
00010 762091854
00010 769336794
00010 769338274
00010 771613174
00010 775609892
00010 778001448
00010 778688054
00010 779688722
00010 780948770
00010 782804642
00010 785696804
00010 786727116
00010 791307580
00010 791369118
00010 797416242
00010 798071700
00010 798088752
00010 799366362
00010 802889678
00010 803161784
00010 803513356
00010 804782974
00010 808941826
00010 809150932
00010 811625196
00010 812149628
00010 812454238
00010 813484718
00010 814738814
00010 814846228
00010 819513302
00010 822041452
00010 827135034
00010 830851384
00010 833015580
00010 834782064
00010 841604998
00010 844796218
00010 844885130
00010 846536270
00010 847302654
00010 848949600
00010 853048666
00010 855942428
00010 856914328
00010 857852050
00010 860271966
00010 861560918
00010 862498036
00010 864639338
00010 865834600
00010 866773624
00010 867484750
00010 870119900
00010 874850758
00010 876179536
00010 876272206
00010 881051218
00010 881522660
00010 883372144
00010 889840228
00010 891455570
00010 892353442
00010 892615230
00010 897203100
00010 904120638
00010 904472058
00010 904629208
00010 913167196
00010 918905922
00010 921032000
00010 926835326
00010 934890676
00010 935561886
00010 937231802
00010 937378878
00010 941681478
00010 941836546
00010 942341162
00010 943571684
00010 944959328
00010 946749512
00010 951007486
00010 952141110
00010 952825698
00010 953094708
00010 953751510
00010 954312524
00010 959578694
00010 964044306
00010 968706842
00010 972996764
00010 977009162
00010 980126826
00010 980606538
00010 983434826
00010 984818282
00010 984902016
00010 992700720
00010 3535628
00010 7144352
00010 7503346
00010 8254936
00010 8343782
00010 8791594
00010 8998030
00010 9337690
00010 9451952
00010 9885816
00010 12264306
00010 14637572
00010 15223496
00010 18805840
00010 19709062
00010 22450526
00010 22554684
00010 28955874
00010 33881228
00010 42605844
00010 49049506
00010 49316824
00010 52644348
00010 52916932
00010 57581778
00010 59000212
00010 59339430
00010 59632996
00010 59894178
00010 61211314
00010 62826224
00010 63925698
00010 64492192
00010 64874254
00010 65135142
00010 71374162
00010 75098272
00010 78056084
00010 81457608
00010 81826942
00010 81976264
00010 82135170
00010 86101584
00010 94292210
00010 95173084
00010 97736718
00010 97827086
00010 99902628
00010 99907028
00010 101406368
00010 106070322
00010 106455166
00010 107630930
00010 110424034
00010 113291764
00010 113956772
00010 114206758
00010 119987460
00010 120340154
00010 122220040
00010 124971038
00010 125127852
00010 127809430
00010 132777346
00010 133558930
00010 133590722
00010 134827004
00010 134918034
00010 136340824
00010 141858646
00010 142514620
00010 145240328
00010 148456494
00010 150041746
00010 151254878
00010 152807398
00010 154325126
00010 155720654
00010 158386370
00010 158804694
00010 167512550
00010 168436948
00010 169171230
00010 170825378
00010 173818826
00010 177517918
00010 177735308
00010 178649578
00010 181022636
00010 181531104
00010 182102434
00010 182886360
00010 188980754
00010 189974486
00010 191059236
00010 191113040
00010 194434020
00010 195739656
00010 196410674
00010 196600016
00010 197593620
00010 197680606
00010 198122282
00010 198493066
00010 198531404
00010 198643730
00010 200842836
00010 201464494
00010 203153912
00010 206535126
00010 208834990
00010 210581276
00010 219090406
00010 221345280
00010 221475064
00010 223921964
00010 224554648
00010 224837640
00010 224905546
00010 229869742
00010 234600100
00010 240022784
00010 241058774
00010 241293292
00010 243155532
00010 243878614
00010 243975714
00010 244152102
00010 246087994
00010 247138470
00010 247573512
00010 250407098
00010 252252670
00010 252846554
00010 253051406
00010 253631782
00010 260911090
00010 264011634
00010 269217144
00010 269555196
00010 270454656
00010 270651600
00010 270931660
00010 273154114
00010 273437924
00010 273653692
00010 275952478
00010 277864850
00010 278918884
00010 278987236
00010 279719336
00010 279795228
00010 281984622
00010 288646702
00010 289513464
00010 292441616
00010 294526490
00010 294658682
00010 295562462
00010 295838578
00010 296726800
00010 298044814
00010 299015822
00010 299940682
00010 301795384
00010 303019516
00010 303608486
00010 304485380
00010 306256302
00010 310719928
00010 311195540
00010 311488628
00010 312062296
00010 314146236
00010 318274078
00010 319581694
00010 321443660
00010 322615860
00010 322852282
00010 325605794
00010 325869768
00010 326005984
00010 326093182
00010 327442904
00010 328886250
00010 329941750
00010 334639022
00010 336356832
00010 338975578
00010 339478102
00010 340369836
00010 340769606
00010 341085754
00010 341836572
00010 342373904
00010 342512698
00010 343824148
00010 346124792
00010 348081738
00010 348374232
00010 356294460
00010 360554008
00010 360615534
00010 366031550
00010 370253310
00010 372109470
00010 374348142
00010 375340938
00010 379385570
00010 381899586
00010 386650844
00010 389494182
00010 390388880
00010 392657712
00010 394499986
00010 395917816
00010 396023518
00010 398085220
00010 401889878
00010 403485128
00010 404609094
00010 405253666
00010 408635422
00010 410084866
00010 410210820
00010 414896342
00010 418101020
00010 420424642
00010 421821886
00010 426290466
00010 429919654
00010 431195132
00010 434809630
00010 440839078
00010 443245030
00010 444724484
00010 446618768
00010 448049380
00010 448270498
00010 448945450
00010 449369178
00010 452204812
00010 454929554
00010 458150040
00010 461071590
00010 462261828
00010 465901518
00010 466638554
00010 469500834
00010 469549910
00010 469578722
00010 473164912
00010 473916872
00010 474096766
00010 474777052
00010 475794510
00010 476219958
00010 482246484
00010 484455892
00010 488458742
00010 488634586
00010 493925706
00010 494277756
00010 494514278
00010 497291478
00010 499523546
00010 499615100
00010 501134168
00010 502782278
00010 503343386
00010 503984070
00010 507021286
00010 508089592
00010 509640636
00010 510083178
00010 510224486
00010 511170234
00010 512098618
00010 520135548
00010 520692804
00010 527944362
00010 528184300
00010 529740332
00010 531284886
00010 532158816
00010 537071646
00010 537609648
00010 539119076
00010 541499206
00010 550193778
00010 551951292
00010 554724332
00010 557714290
00010 560332332
00010 560849910
00010 561345008
00010 564473224
00010 568240242
00010 568462600
00010 571244244
00010 571672520
00010 572405210
00010 576106766
00010 578805868
00010 580213324
00010 586822978
00010 587037510
00010 587445486
00010 587739256
00010 588317420
00010 593767776
00010 598095912
00010 602523216
00010 606424416
00010 608333194
00010 616361590
00010 616939074
00010 618438400
00010 620212136
00010 628561788
00010 630801594
00010 634405170
00010 637004568
00010 646483058
00010 647604394
00010 650203206
00010 651859306
00010 653744926
00010 654693076
00010 655121376
00010 656243444
00010 659428936
00010 659869840
00010 660236354
00010 662697438
00010 663217384
00010 666041212
00010 667827502
00010 668496544
00010 669664690
00010 670350324
00010 671853314
00010 673100626
00010 676422746
00010 682832278
00010 683863242
00010 684370564
00010 684967594
00010 686260566
00010 692044550
00010 692298200
00010 694056804
00010 694224576
00010 695041288
00010 696346522
00010 697220682
00010 697284418
00010 699249418
00010 704492814
00010 705293378
00010 706568300
00010 707513096
00010 709765082
00010 712780944
00010 713041636
00010 713362124
00010 716637254
00010 718728378
00010 721773080
00010 723014426
00010 724166438
00010 725307020
00010 729285318
00010 729751692
00010 731298312
00010 731803880
00010 734064198
00010 737622172
00010 738133376
00010 740463682
00010 740901822
00010 744805638
00010 747253702
00010 748742988
00010 748755496
00010 751462762
00010 760590272
00010 761014428
00010 763748964
00010 764361122
00010 765697340
00010 765735736
00010 769900434
00010 771916342
00010 780037500
00010 786880034
00010 792848812
00010 795622240
00010 797173914
00010 797607976
00010 803813336
00010 803841554
00010 804679846
00010 807217448
00010 807419702
00010 807921066
00010 808914670
00010 816231690
00010 816308798
00010 817622744
00010 818570628
00010 821910662
00010 824888180
00010 826997340
00010 828348576
00010 828625270
00010 829246650
00010 831510060
00010 832208862
00010 832223590
00010 835668056
00010 840103382
00010 840150604
00010 840857492
00010 843208956
00010 843966056
00010 844866300
00010 849693970
00010 850417364
00010 855403222
00010 859883468
00010 860387140
00010 862927196
00010 864814080
00010 865708428
00010 865765794
00010 865785120
00010 866047650
00010 869090568
00010 869271388
00010 881949766
00010 883015160
00010 884318144
00010 886878654
00010 887662094
00010 893654220
00010 893720916
00010 896294222
00010 900003458
00010 902789100
00010 905520522
00010 908664878
00010 910031262
00010 913116346
00010 913466572
00010 914456024
00010 915438466
00010 916123550
00010 916281598
00010 918428670
00010 919761554
00010 919852506
00010 922599108
00010 927598838
00010 927752736
00010 928451428
00010 928730788
00010 931077560
00010 932014112
00010 934038600
00010 935112406
00010 936724142
00010 937133348
00010 938802828
00010 941865236
00010 944646546
00010 948028072
00010 948508976
00010 948617750
00010 955306318
00010 955401618
00010 959403104
00010 962774432
00010 962944072
00010 962996800
00010 963132788
00010 963226212
00010 963686156
00010 971958130
00010 973670154
00010 982104546
00010 983375382
00010 985032250
00010 987150260
00010 988337752
00010 989697870
00010 989887212
00010 990010552
00010 994101002
00010 995031786
00010 995252544
00010 995828072
00010 998727876
00010 999259878
