00010 3104570
00010 3107506
00010 4445458
00010 7415134
00010 9898322
00010 12762456
00010 12851030
00010 18081018
00010 18328674
00010 18792664
00010 20226904
00010 20806622
00010 21465504
00010 25909010
00010 26841476
00010 27349206
00010 28392186
00010 30914530
00010 31902648
00010 33598926
00010 34103450
00010 34215338
00010 37797302
00010 39351332
00010 40249812
00010 40341024
00010 43435526
00010 44470090
00010 45586680
00010 50046800
00010 51520496
00010 51614138
00010 51976866
00010 53572792
00010 57141072
00010 57153704
00010 59074522
00010 61594414
00010 68366978
00010 70829984
00010 72242562
00010 72743698
00010 73351100
00010 74373968
00010 80837300
00010 81813406
00010 87569888
00010 91013882
00010 100244436
00010 100918060
00010 104479614
00010 105116230
00010 116115678
00010 117106426
00010 117205776
00010 117510614
00010 117710888
00010 118016940
00010 118532312
00010 120214132
00010 124514030
00010 124622958
00010 124748866
00010 128717290
00010 130518584
00010 135595890
00010 135929228
00010 137889186
00010 139526266
00010 143759748
00010 143761658
00010 147183558
00010 147467190
00010 154658170
00010 155882998
00010 156286238
00010 156331466
00010 158536284
00010 165852956
00010 170271798
00010 170544456
00010 171246696
00010 173574376
00010 174410314
00010 175211022
00010 180787140
00010 182018606
00010 182400936
00010 185579070
00010 187281510
00010 187641530
00010 189050918
00010 189246794
00010 192133556
00010 195107480
00010 197195112
00010 197275324
00010 198173834
00010 198253916
00010 202073508
00010 202347284
00010 202973326
00010 209852146
00010 211926364
00010 212374020
00010 215267676
00010 216106626
00010 216697576
00010 216725346
00010 217313400
00010 217920010
00010 225157084
00010 226064870
00010 230199906
00010 230301112
00010 230345492
00010 233434354
00010 235116412
00010 237298386
00010 240293776
00010 243048312
00010 245209556
00010 246358906
00010 247834346
00010 249467688
00010 252039840
00010 252686490
00010 255131624
00010 257675546
00010 257869724
00010 261895576
00010 261900128
00010 268152488
00010 270684652
00010 270890396
00010 276668188
00010 277302454
00010 280033088
00010 285675412
00010 286912328
00010 287948118
00010 291528038
00010 293446588
00010 294917218
00010 296333658
00010 301875206
00010 305315544
00010 308416430
00010 313954682
00010 314643314
00010 317984286
00010 318094394
00010 319009248
00010 319338750
00010 323610356
00010 325184622
00010 325558882
00010 325894820
00010 333006430
00010 340604592
00010 341811926
00010 343551318
00010 351825946
00010 354782808
00010 354868738
00010 356425876
00010 365478976
00010 366914588
00010 366951894
00010 371199424
00010 376437074
00010 376471552
00010 376729396
00010 380019402
00010 382056630
00010 385346534
00010 386143732
00010 387131552
00010 395569166
00010 396000408
00010 399635720
00010 405538692
00010 406817984
00010 409247262
00010 417849916
00010 417887104
00010 417975430
00010 420669170
00010 422523364
00010 426187758
00010 426990878
00010 427659540
00010 431789688
00010 433157180
00010 434999164
00010 435384054
00010 435389986
00010 436172296
00010 437438574
00010 440611562
00010 440636122
00010 441379996
00010 443743382
00010 443921422
00010 444748878
00010 452257224
00010 453183944
00010 462897820
00010 463296254
00010 467403952
00010 469800196
00010 473875068
00010 474228128
00010 474675774
00010 477752210
00010 483153998
00010 484565462
00010 484921574
00010 485013170
00010 485874374
00010 485948590
00010 488152690
00010 488626702
00010 489328180
00010 490649840
00010 497488824
00010 501996290
00010 502647636
00010 508454060
00010 509871912
00010 512116360
00010 512629778
00010 513483826
00010 514130966
00010 514551168
00010 518131744
00010 518935272
00010 519018650
00010 522434208
00010 523511278
00010 525412038
00010 529187112
00010 535232136
00010 537289514
00010 540409554
00010 542176950
00010 542446108
00010 546924672
00010 548304864
00010 550042240
00010 551144696
00010 551296052
00010 553684518
00010 555611878
00010 556202548
00010 559760956
00010 564232882
00010 564437776
00010 565455714
00010 565695912
00010 565855580
00010 566528590
00010 570916756
00010 571940194
00010 572833930
00010 572889060
00010 577075094
00010 582972754
00010 583147178
00010 583840386
00010 587493790
00010 589107968
00010 590132880
00010 592294724
00010 593697766
00010 596007622
00010 596403386
00010 603568676
00010 608994528
00010 609783928
00010 613503482
00010 614362386
00010 629172756
00010 633761684
00010 634793370
00010 635180864
00010 640550776
00010 643995740
00010 647077946
00010 647156110
00010 649016052
00010 650523446
00010 651209650
00010 652737022
00010 654349268
00010 657366076
00010 662251088
00010 662979380
00010 665894866
00010 670532818
00010 670884790
00010 677628280
00010 683050068
00010 683244538
00010 683434642
00010 686405356
00010 688737900
00010 689785670
00010 690573466
00010 690922748
00010 692502344
00010 696357070
00010 701956466
00010 703641342
00010 707482902
00010 708134318
00010 711045186
00010 712184556
00010 716146176
00010 718389726
00010 724334934
00010 726542458
00010 726559628
00010 728088352
00010 729918564
00010 733596280
00010 735439650
00010 737189690
00010 744709590
00010 747415388
00010 749829732
00010 750090806
00010 750332696
00010 751548748
00010 752101944
00010 752854796
00010 753688814
00010 754668732
00010 755308868
00010 755476014
00010 757490678
00010 758314098
00010 759038812
00010 761016872
00010 761115032
00010 764864028
00010 765695942
00010 766747250
00010 769550136
00010 770631034
00010 770988598
00010 772681348
00010 775789052
00010 776613880
00010 781789764
00010 783010096
00010 784056346
00010 788591732
00010 788646944
00010 792856252
00010 793680082
00010 794396242
00010 797086216
00010 799582364
00010 800353356
00010 801538732
00010 803493526
00010 813260076
00010 818537528
00010 819817246
00010 819828626
00010 821293966
00010 821443170
00010 822633166
00010 823243458
00010 826005748
00010 826081556
00010 828196728
00010 830097774
00010 830327350
00010 831447058
00010 832111788
00010 839845280
00010 840204470
00010 841973950
00010 842602654
00010 844130894
00010 846712146
00010 852824232
00010 853813590
00010 853832482
00010 855424494
00010 855655910
00010 863638962
00010 863707906
00010 865208980
00010 866576744
00010 866794172
00010 870086776
00010 871007732
00010 872704002
00010 874911242
00010 875144696
00010 876308204
00010 876429222
00010 877826470
00010 880184272
00010 880300304
00010 887302526
00010 890386448
00010 892112662
00010 892114206
00010 892505136
00010 895135238
00010 897348034
00010 898070604
00010 898307310
00010 898562744
00010 898602434
00010 907555656
00010 909176990
00010 910628958
00010 914441588
00010 917872556
00010 920474856
00010 921100238
00010 921986288
00010 922521474
00010 929935272
00010 930419706
00010 931882142
00010 937932066
00010 939495202
00010 941823662
00010 946163872
00010 947286862
00010 948536870
00010 950581656
00010 954278108
00010 956872270
00010 957304206
00010 964340256
00010 965137786
00010 965390630
00010 967994974
00010 971093802
00010 977786318
00010 980214438
00010 982498750
00010 983406922
00010 986515000
00010 989331466
00010 989807722
00010 990727844
00010 991982508
00010 1399946
00010 4606900
00010 4995824
00010 7186756
00010 12516918
00010 14064952
00010 14315948
00010 18332754
00010 22677544
00010 23898774
00010 24065368
00010 24965938
00010 26941380
00010 27832552
00010 28499614
00010 28857356
00010 31630386
00010 33294330
00010 39453520
00010 41930970
00010 46465124
00010 47071076
00010 47449790
00010 48869464
00010 53701250
00010 53765348
00010 54203544
00010 54865356
00010 54923362
00010 56189550
00010 56344552
00010 57264304
00010 57957904
00010 59135976
00010 59772496
00010 62729970
00010 71053504
00010 71874134
00010 72804550
00010 72885860
00010 73405438
00010 74151448
00010 75310358
00010 76425858
00010 82034164
00010 82899550
00010 86914048
00010 86987906
00010 90288526
00010 92347110
00010 92782210
00010 95795660
00010 95900364
00010 100331022
00010 100573906
00010 101354588
00010 101434814
00010 101441302
00010 102183168
00010 103619636
00010 103824318
00010 107664794
00010 111021546
00010 111730316
00010 111901034
00010 114918680
00010 116446188
00010 121086010
00010 121264510
00010 125952372
00010 129245894
00010 130846638
00010 132106226
00010 132383984
00010 132773814
00010 133748312
00010 137353816
00010 138739066
00010 138988834
00010 149285952
00010 149727470
00010 152471672
00010 154027884
00010 154146666
00010 158076250
00010 161459988
00010 161883880
00010 162679354
00010 168684556
00010 168897276
00010 172834174
00010 173683066
00010 178001036
00010 178246560
00010 180727680
00010 190520478
00010 192561306
00010 194571270
00010 194654588
00010 195108614
00010 199041460
00010 199435328
00010 199846276
00010 200355142
00010 201591534
00010 205096076
00010 205636916
00010 207395714
00010 212483204
00010 212541208
00010 214401928
00010 215294456
00010 215551724
00010 219136962
00010 221174204
00010 225973400
00010 230374232
00010 233903592
00010 233980982
00010 235272672
00010 238905310
00010 239439696
00010 244341668
00010 247944180
00010 249629098
00010 250799388
00010 252591956
00010 252782644
00010 254710784
00010 256949350
00010 259418938
00010 259500422
00010 265023518
00010 266597602
00010 271574828
00010 272166448
00010 272688952
00010 272819818
00010 273402014
00010 279137086
00010 282688920
00010 284527954
00010 286428368
00010 290121206
00010 294046846
00010 294455336
00010 294892564
00010 298494160
00010 299711264
00010 301447950
00010 301835352
00010 303252590
00010 307211934
00010 308682944
00010 311694918
00010 312984612
00010 314180886
00010 315162504
00010 318628768
00010 320498830
00010 320611178
00010 320678166
00010 321842232
00010 322110384
00010 327619780
00010 328258838
00010 330555060
00010 331712214
00010 334180370
00010 334325122
00010 335246768
00010 336616266
00010 337115602
00010 340837616
00010 340946028
00010 341235628
00010 341678884
00010 345059826
00010 345882252
00010 347518694
00010 349215424
00010 352358672
00010 352367338
00010 354205826
00010 359560718
00010 364542850
00010 366457544
00010 367424128
00010 370392792
00010 371427266
00010 371986614
00010 373023264
00010 373478172
00010 374057694
00010 377508688
00010 381251446
00010 382790612
00010 390654038
00010 390799170
00010 396847024
00010 397143758
00010 400386428
00010 404677828
00010 404815644
00010 408150150
00010 408877066
00010 409875996
00010 410017926
00010 413497346
00010 414812258
00010 415641148
00010 418322932
00010 418520158
00010 419727872
00010 423816162
00010 423948132
00010 425244748
00010 425579662
00010 426436240
00010 429574742
00010 431396938
00010 433427706
00010 433841176
00010 433881394
00010 434401312
00010 440064094
00010 442023574
00010 442511156
00010 443251842
00010 443341532
00010 444471266
00010 444535850
00010 445950618
00010 450314192
00010 459055468
00010 459355778
00010 460099738
00010 460407960
00010 460967200
00010 462576696
00010 463537654
00010 463595342
00010 464470198
00010 466897692
00010 471811442
00010 477458014
00010 478819380
00010 480809282
00010 483975602
00010 485435638
00010 487306876
00010 490726162
00010 492032088
00010 492159720
00010 495954650
00010 496092978
00010 497746846
00010 498589578
00010 500769546
00010 502954562
00010 503938478
00010 506538892
00010 508051278
00010 508702514
00010 510395406
00010 510706404
00010 510956916
00010 512744192
00010 512889668
00010 517193384
00010 517914900
00010 519234156
00010 519662472
00010 519690522
00010 520701664
00010 522816612
00010 523188396
00010 527603448
00010 527731600
00010 527822756
00010 529357598
00010 530370626
00010 535029186
00010 537203812
00010 537492272
00010 540103928
00010 542317340
00010 548052782
00010 548536750
00010 549543272
00010 552158658
00010 552626564
00010 554297782
00010 555459226
00010 557641340
00010 559780804
00010 559836096
00010 562138730
00010 563296618
00010 569858452
00010 571501734
00010 571793806
00010 573092730
00010 575791630
00010 577197294
00010 580349280
00010 582919154
00010 583055094
00010 583063318
00010 585810098
00010 585880560
00010 586756504
00010 592954374
00010 596294610
00010 598775748
00010 598783380
00010 598847566
00010 599011482
00010 600089272
00010 600536140
00010 601589474
00010 602060352
00010 602589246
00010 604823320
00010 606602790
00010 606740824
00010 607032052
00010 610715386
00010 612485236
00010 615722242
00010 618835072
00010 619140348
00010 620680210
00010 622849000
00010 623791430
00010 623880124
00010 626562870
00010 627380394
00010 632477876
00010 633470984
00010 636568492
00010 637833674
00010 638066140
00010 639105988
00010 640683182
00010 645967240
00010 647849114
00010 648181032
00010 648883406
00010 651263202
00010 654268782
00010 654356910
00010 659838448
00010 660434718
00010 661244234
00010 661959798
00010 663934988
00010 673257998
00010 673934778
00010 674503866
00010 680437162
00010 680602426
00010 683382224
00010 686302228
00010 690182984
00010 690590900
00010 695522926
00010 696235284
00010 696343690
00010 699738770
00010 701549252
00010 702247524
00010 707951284
00010 713424572
00010 721827028
00010 721881378
00010 721887780
00010 722450388
00010 722688290
00010 723697492
00010 724910282
00010 724976042
00010 726035416
00010 727366848
00010 729370046
00010 733661924
00010 734838842
00010 738335150
00010 739676586
00010 740005182
00010 740043146
00010 740092186
00010 744145252
00010 744562708
00010 744741374
00010 745356348
00010 757245900
00010 767351570
00010 768971946
00010 773300352
00010 773783694
00010 775169054
00010 776508502
00010 777823854
00010 778042462
00010 782504882
00010 783084444
00010 783500666
00010 785744886
00010 789148696
00010 791973262
00010 793186220
00010 800987710
00010 803888062
00010 805862888
00010 807479256
00010 811246632
00010 812627046
00010 814748092
00010 817091130
00010 817570592
00010 819159472
00010 823846508
00010 826347998
00010 826617860
00010 827557128
00010 829373166
00010 829467478
00010 829879710
00010 833054456
00010 834886238
00010 835504560
00010 836806070
00010 839815492
00010 841557104
00010 842170446
00010 842649826
00010 843410174
00010 844986346
00010 849684928
00010 850981394
00010 852072480
00010 852508194
00010 856405456
00010 858166492
00010 858365176
00010 861106052
00010 861373878
00010 862364916
00010 865370086
00010 867453806
00010 869984298
00010 870089874
00010 870437596
00010 872497888
00010 872740494
00010 876390606
00010 884531134
00010 885534982
00010 887878200
00010 888134282
00010 888149782
00010 888191480
00010 891082122
00010 892048444
00010 895303198
00010 896006520
00010 907777460
00010 910895644
00010 911368634
00010 911441828
00010 912962752
00010 913182446
00010 917668220
00010 918067384
00010 920046234
00010 920456176
00010 922506410
00010 922821426
00010 924669500
00010 926549302
00010 928722936
00010 929752824
00010 932771388
00010 935065428
00010 938683100
00010 939351840
00010 940036008
00010 940608150
00010 942348176
00010 946737918
00010 952473770
00010 954634916
00010 956693172
00010 958219414
00010 961037140
00010 964742848
00010 971661254
00010 971720248
00010 971791432
00010 974240352
00010 975878816
00010 978221356
00010 979724390
00010 981153010
00010 982068556
00010 983046742
00010 986705622
00010 988259398
00010 989482242
00010 991090610
00010 2905234
00010 9412662
00010 10037230
00010 11912632
00010 13613530
00010 15226292
00010 18887266
00010 19884840
00010 24643258
00010 27438140
00010 33842462
00010 36108482
00010 36426802
00010 41799616
00010 41987946
00010 46895404
00010 49191748
00010 52431032
00010 56217670
00010 56435702
00010 56839196
00010 57565392
00010 58566340
00010 61186972
00010 65174402
00010 65189344
00010 68827462
00010 73310590
00010 78225392
00010 81033170
00010 81164840
00010 81495658
00010 81676930
00010 84903118
00010 89535422
00010 90485828
00010 92943624
00010 93516862
00010 96819432
00010 96843094
00010 97122754
00010 99408884
00010 101250834
00010 102113082
00010 105117732
00010 105266250
00010 105548824
00010 110767200
00010 111399168
00010 115941738
00010 117297292
00010 119512004
00010 120555940
00010 122811622
00010 122956358
00010 127830930
00010 129830200
00010 133202096
00010 134349854
00010 135197762
00010 136785554
00010 137677192
00010 140124174
00010 140331378
00010 140712588
00010 148658358
00010 149228738
00010 149657326
00010 149664594
00010 150443342
00010 151047010
00010 153748506
00010 155786286
00010 160547826
00010 162944942
00010 163004532
00010 163981446
00010 165373408
00010 166310388
00010 167466304
00010 167640338
00010 168436104
00010 168941392
00010 169202970
00010 170317308
00010 170319210
00010 174743630
00010 177492654
00010 178207854
00010 179195264
00010 181051114
00010 184363994
00010 184651984
00010 189829654
00010 189937760
00010 192332250
00010 195732242
00010 197354706
00010 199785802
00010 201176992
00010 201919128
00010 202181248
00010 202922740
00010 203755390
00010 208739772
00010 212366314
00010 212506194
00010 213056468
00010 214734014
00010 216673626
00010 216929668
00010 219411318
00010 220188400
00010 220829240
00010 222162646
00010 222189194
00010 223590026
00010 224268942
00010 224673184
00010 226112074
00010 228655324
00010 233206768
00010 238097304
00010 241361004
00010 244790090
00010 247351936
00010 247792274
00010 250843160
00010 252965202
00010 255950460
00010 261398056
00010 263793906
00010 269730624
00010 282400218
00010 283058370
00010 283085510
00010 283396264
00010 287220970
00010 287735426
00010 288524038
00010 292073762
00010 292257586
00010 292588762
00010 293086300
00010 296483126
00010 296695870
00010 297847806
00010 298697874
00010 301496572
00010 301607256
00010 316620162
00010 318688992
00010 321999832
00010 324113298
00010 324421058
00010 326058928
00010 329540428
00010 330063568
00010 333254242
00010 334043688
00010 336279404
00010 340406076
00010 340507908
00010 340710952
00010 342666152
00010 345438262
00010 348226624
00010 350294174
00010 350769524
00010 351008480
00010 351877620
00010 351988814
00010 353808800
00010 355464454
00010 355715464
00010 356289102
00010 358810794
00010 359482222
00010 362543618
00010 366463510
00010 367166298
00010 367351810
00010 371201524
00010 373540946
00010 377736146
00010 378248132
00010 378272296
00010 379616694
00010 380850630
00010 382375966
00010 387828042
00010 390382142
00010 390444090
00010 394780082
00010 396866448
00010 397344126
00010 403767838
00010 416749598
00010 416809872
00010 419121436
00010 419158760
00010 422494854
00010 422743606
00010 424527326
00010 426189578
00010 430770966
00010 431233116
00010 432936754
00010 434038858
00010 434158350
00010 434187622
00010 434287052
00010 435724520
00010 436310144
00010 440436580
00010 444491392
00010 446213068
00010 447889932
00010 449238904
00010 450743684
00010 451729926
00010 457994782
00010 461613792
00010 461645042
00010 461959832
00010 462545304
00010 463761560
00010 465384104
00010 467164828
00010 468258238
00010 471367166
00010 472083964
00010 476782418
00010 478318764
00010 478667488
00010 481089618
00010 483559050
00010 487023604
00010 487981832
00010 491844482
00010 492352982
00010 498942040
00010 499258662
00010 502913002
00010 507439186
00010 509147704
00010 510718352
00010 514110328
00010 515816296
00010 515958004
00010 520556316
00010 521222344
00010 521486300
00010 522706724
00010 524140482
00010 524900818
00010 526299666
00010 526833454
00010 528608602
00010 529560114
00010 529947838
00010 536866250
00010 536891882
00010 537917366
00010 538447186
00010 538525818
00010 549020676
00010 549177370
00010 555088666
00010 555909208
00010 557136986
00010 557533948
00010 558737090
00010 560824938
00010 563616804
00010 563819304
00010 565202178
00010 568459766
00010 573979530
00010 574090530
00010 574838048
00010 574971724
00010 576607160
00010 576660570
00010 577006968
00010 577481976
00010 578962126
00010 580260502
00010 580758112
00010 585046714
00010 587767358
00010 589099118
00010 590000298
00010 590803842
00010 594503318
00010 594746224
00010 594913554
00010 595667862
00010 595875950
00010 596211288
00010 599056126
00010 601765288
00010 603848682
00010 605858398
00010 606104940
00010 606879194
00010 608760210
00010 608880612
00010 609655938
00010 610690628
00010 612461792
00010 613389400
00010 613929178
00010 615737716
00010 616993688
00010 617033416
00010 617251142
00010 621706496
00010 624141772
00010 624476262
00010 627547388
00010 628537062
00010 631225674
00010 634296348
00010 635483450
00010 637956852
00010 641533500
00010 642382054
00010 645375610
00010 646317812
00010 646461676
00010 648385138
00010 654644042
00010 654855690
00010 658461020
00010 658766394
00010 670542038
00010 673649778
00010 673992826
00010 673999414
00010 674279412
00010 675600468
00010 675607336
00010 677975110
00010 679135448
00010 679765366
00010 683000640
00010 684255806
00010 684695838
00010 686751012
00010 688090988
00010 688381306
00010 690664456
00010 690671180
00010 691984564
00010 694740078
00010 699530780
00010 706290190
00010 713220864
00010 717487932
00010 722510832
00010 722645670
00010 724409616
00010 727049052
00010 730245550
00010 733733078
00010 735327838
00010 738162046
00010 740390276
00010 743542608
00010 747939860
00010 750861448
00010 753615322
00010 761140200
00010 762300356
00010 765107232
00010 769918816
00010 770884252
00010 772432400
00010 774970198
00010 779126766
00010 779134228
00010 781383468
00010 781496212
00010 783386978
00010 784427738
00010 790868768
00010 791674668
00010 793213418
00010 796322846
00010 802679062
00010 804846778
00010 807279840
00010 807516780
00010 808521584
00010 808562346
00010 809555760
00010 810977884
00010 811031906
00010 813619462
00010 814635484
00010 815077558
00010 817186656
00010 817474346
00010 817818402
00010 819546904
00010 821488400
00010 823616948
00010 823675834
00010 824763470
00010 827481460
00010 829640694
00010 834536364
00010 837060112
00010 839603124
00010 839963074
00010 839994256
00010 840460540
00010 840676044
00010 840942596
00010 844573468
00010 845775610
00010 848167606
00010 848513208
00010 850043414
00010 850388764
00010 851451480
00010 851731786
00010 855046228
00010 855744238
00010 856290950
00010 857773634
00010 859818414
00010 862066298
00010 862424186
00010 867787982
00010 870104028
00010 871732362
00010 872357314
00010 873371798
00010 876384046
00010 878355642
00010 881383338
00010 882591454
00010 883227792
00010 884680658
00010 886612848
00010 890859870
00010 892785886
00010 893998330
00010 895269058
00010 895499312
00010 896638622
00010 896756206
00010 898032730
00010 898095256
00010 898440212
00010 898660362
00010 904375952
00010 904669140
00010 907590560
00010 913642352
00010 915859044
00010 916904154
00010 917226444
00010 919393590
00010 920123252
00010 921594474
00010 921605372
00010 922312494
00010 925034680
00010 933744344
00010 936068964
00010 937130140
00010 937943942
00010 940387226
00010 941129362
00010 945584390
00010 945956252
00010 946362812
00010 947350222
00010 947448940
00010 949393838
00010 950564596
00010 950709758
00010 951717006
00010 954343358
00010 954577974
00010 956768204
00010 957853952
00010 960871716
00010 961062344
00010 965040164
00010 965264164
00010 965360440
00010 969765598
00010 971253486
00010 971300768
00010 975445406
00010 976707086
00010 979288586
00010 980142732
00010 981513988
00010 982434190
00010 986145130
00010 987163538
00010 990952794
00010 993785132
00010 995670522
00010 996363952
00010 996921578
00010 997873814
00010 999845990
00010 2079358
00010 2469136
00010 5315586
00010 6213506
00010 6746716
00010 7264650
00010 8902562
00010 10748620
00010 11220458
00010 11823352
00010 12242874
00010 13034542
00010 13163090
00010 15165952
00010 17208886
00010 20029956
00010 20649164
00010 21971330
00010 23340342
00010 24873764
00010 26224690
00010 28392758
00010 30443840
00010 35140202
00010 36250722
00010 36918958
00010 37843786
00010 39059920
00010 39242488
00010 39946426
00010 40230882
00010 41234520
00010 44306436
00010 45614830
00010 48114858
00010 50562872
00010 54905380
00010 55563042
00010 58584312
00010 58673700
00010 58924336
00010 59158336
00010 59779074
00010 62685616
00010 66127058
00010 71879246
00010 74369338
00010 77738438
00010 78244992
00010 80495840
00010 86613510
00010 88068888
00010 89085320
00010 90061716
00010 91713420
00010 94852494
00010 98583418
00010 98627112
00010 102090826
00010 104931306
00010 107006774
00010 107687942
00010 109922872
00010 110523882
00010 110677556
00010 113024262
00010 117578840
00010 119749884
00010 124864298
00010 127637234
00010 128017344
00010 128188118
00010 130749980
00010 133819720
00010 133874982
00010 134837180
00010 134926132
00010 138876486
00010 139485058
00010 140495312
00010 141899522
00010 143805370
00010 146164164
00010 146539380
00010 146822768
00010 149106292
00010 149673426
00010 149805930
00010 153592882
00010 155889254
00010 157516476
00010 159096392
00010 163984614
00010 164242818
00010 165340652
00010 166939374
00010 171137118
00010 171170996
00010 173252410
00010 175354280
00010 178720112
00010 179307008
00010 180501098
00010 180568100
00010 189966558
00010 191205824
00010 195754290
00010 198408438
00010 198737222
00010 204679546
00010 207831206
00010 208421584
00010 210590426
00010 210594232
00010 210705616
00010 212119740
00010 212342774
00010 214971982
00010 219954972
00010 221452754
00010 222265350
00010 224521376
00010 225497660
00010 226793440
00010 230358840
00010 232412010
00010 234952870
00010 235370266
00010 237173634
00010 238528486
00010 240104600
00010 241025390
00010 241231670
00010 243221274
00010 244188346
00010 245098848
00010 245130668
00010 246709756
00010 247366274
00010 247601996
00010 247626572
00010 247899748
00010 248035992
00010 251728134
00010 252098720
00010 255035220
00010 255639884
00010 258453562
00010 260013090
00010 261991168
00010 262183580
00010 266660728
00010 267837560
00010 268487112
00010 270940718
00010 271377226
00010 272591138
00010 273336374
00010 273907642
00010 275236916
00010 275597826
00010 277954858
00010 278174758
00010 278175830
00010 278347130
00010 279767682
00010 280839628
00010 281008074
00010 282781810
00010 284446548
00010 285389898
00010 286230192
00010 287020806
00010 289931446
00010 290514918
00010 290674648
00010 291543970
00010 291846892
00010 293212218
00010 297831834
00010 298162350
00010 299265604
00010 301055140
00010 303224158
00010 303231424
00010 303974294
00010 309552522
00010 310188048
00010 313355500
00010 313412148
00010 313728408
00010 317309788
00010 317664658
00010 322017526
00010 323678862
00010 325489228
00010 333458838
00010 334884090
00010 336711910
00010 337739670
00010 340194912
00010 341138504
00010 346845246
00010 347469858
00010 347608792
00010 351354392
00010 353479716
00010 358679250
00010 362803500
00010 363790294
00010 365327392
00010 371704860
00010 373356924
00010 374738596
00010 376451132
00010 376836688
00010 377116040
00010 377742812
00010 378688608
00010 379433278
00010 381259584
00010 383327858
00010 391191880
00010 391209532
00010 391378814
00010 391477802
00010 391954370
00010 395098274
00010 402011968
00010 403849374
00010 407542254
00010 407588216
00010 408952086
00010 416987218
00010 419852758
00010 421049342
00010 422125154
00010 425366338
00010 425436878
00010 426298618
00010 429770432
00010 430833642
00010 433278322
00010 436269754
00010 439316146
00010 439980934
00010 446627834
00010 446638090
00010 451428044
00010 451676772
00010 452722568
00010 453259372
00010 453671070
00010 456008550
00010 460981670
00010 468051640
00010 471591870
00010 472906284
00010 473363600
00010 474114728
00010 474691066
00010 483828738
00010 483890912
00010 484797466
00010 487264510
00010 487393340
00010 490799792
00010 492670180
00010 501025474
00010 504595740
00010 504686270
00010 508400396
00010 508763988
00010 512175808
00010 513441844
00010 517514630
00010 518601470
00010 518605106
00010 518802826
00010 519174796
00010 522195836
00010 522220972
00010 522720770
00010 523664016
00010 525184290
00010 526730628
00010 530408168
00010 534006190
00010 536874296
00010 539594270
00010 540989444
00010 542305460
00010 542813794
00010 549088278
00010 550291256
00010 552933946
00010 554414858
00010 556487078
00010 557748726
00010 561113996
00010 562957386
00010 563558704
00010 564116044
00010 572928702
00010 573534598
00010 574577014
00010 575357938
00010 575442508
00010 575496954
00010 575703998
00010 575988368
00010 577836046
00010 579881780
00010 582572334
00010 583514598
00010 584848180
00010 584998908
00010 588988680
00010 593060058
00010 594334760
00010 595606448
00010 596052040
00010 599063682
00010 599293442
00010 600070474
00010 601169958
00010 603839390
00010 604839972
00010 604871436
00010 616107648
00010 616972732
00010 617673414
00010 619531190
00010 621237996
00010 621529662
00010 629155752
00010 629472136
00010 630867426
00010 631702590
00010 632754856
00010 632838448
00010 635990970
00010 639561986
00010 641384964
00010 652868384
00010 654187750
00010 654867274
00010 656685878
00010 656730680
00010 657219152
00010 657460156
00010 658751958
00010 658808288
00010 659117886
00010 661016856
00010 661318156
00010 661667494
00010 664555330
00010 666387196
00010 666452962
00010 667665772
00010 669619712
00010 676212420
00010 679940794
00010 680565366
00010 682889254
00010 686916824
00010 692261048
00010 693645678
00010 700954998
00010 701765176
00010 703392922
00010 703565598
00010 704682650
00010 705065264
00010 705213254
00010 706734590
00010 706849276
00010 706922482
00010 709544486
00010 712881274
00010 713416032
00010 714400506
00010 715045182
00010 715742056
00010 718653010
00010 718717772
00010 719987986
00010 720228946
00010 720425718
00010 723689236
00010 728187598
00010 734286526
00010 735366082
00010 737859708
00010 738416112
00010 740060552
00010 742516002
00010 744295836
00010 745494582
00010 746393574
00010 747645028
00010 749575646
00010 750611300
00010 750616778
00010 753554096
00010 754783428
00010 754807644
00010 754918494
00010 755083352
00010 755822088
00010 757269834
00010 762793704
00010 765051680
00010 766780910
00010 768876332
00010 769293734
00010 770259270
00010 780087238
00010 782169294
00010 785010228
00010 786331776
00010 787660112
00010 792857724
00010 797470898
00010 797582544
00010 799209238
00010 802953942
00010 803432198
00010 806286886
00010 807738258
00010 814547936
00010 814797470
00010 818023132
00010 825231238
00010 826874554
00010 830009598
00010 830140878
00010 830759450
00010 841385394
00010 843463926
00010 845193196
00010 846435298
00010 847440826
00010 852392208
00010 855543170
00010 859083172
00010 860012008
00010 861047008
00010 869059882
00010 869192130
00010 870271900
00010 870633712
00010 872938068
00010 874406048
00010 879057638
00010 882071668
00010 889324064
00010 889667502
00010 890271262
00010 894109624
00010 903242236
00010 907122114
00010 910961122
00010 915290756
00010 915324832
00010 916293968
00010 919992064
00010 920945540
00010 921702934
00010 922448804
00010 925615594
00010 926158142
00010 929787042
00010 929838158
00010 938786800
00010 942313412
00010 944670020
00010 944968126
00010 945002712
00010 951382552
00010 955758038
00010 967829940
00010 970411790
00010 970985528
00010 977728240
00010 978341896
00010 980909464
00010 982879330
00010 983299618
00010 983814510
00010 984279986
00010 988844692
00010 990824940
00010 993211180
00010 993939518
00010 995430356
00010 999471538
00010 14186502
00010 15115988
00010 15383110
00010 15984082
00010 16089734
00010 19678094
00010 20520868
00010 20689772
00010 21829800
00010 24080954
00010 24432180
00010 25826928
00010 27611750
00010 31324976
00010 31526612
00010 31530714
00010 34678444
00010 35351348
00010 35552412
00010 39742990
00010 43469516
00010 43806896
00010 47931960
00010 52867044
00010 53441640
00010 62049404
00010 62269518
00010 62495568
00010 64425178
00010 64456102
00010 70850016
00010 74709758
00010 79486414
00010 79831610
00010 81415108
00010 81478186
00010 81763882
00010 87725002
00010 88189936
00010 94931598
00010 96337910
00010 101043422
00010 101277136
00010 102838656
00010 102845242
00010 102851186
00010 103706236
00010 104818020
00010 110880318
00010 112120508
00010 112606230
00010 114896496
00010 115764614
00010 118235816
00010 119931596
00010 120015954
00010 121813716
00010 122172840
00010 123129644
00010 127729530
00010 129101572
00010 130792318
00010 130812938
00010 132717784
00010 134051258
00010 134087124
00010 135744318
00010 136663362
00010 136828766
00010 139544846
00010 145961808
00010 147490530
00010 148020096
00010 153373612
00010 156378498
00010 156926454
00010 157635162
00010 158172214
00010 161453408
00010 161851364
00010 163552042
00010 164012162
00010 164013298
00010 164634606
00010 164846934
00010 166213908
00010 167676844
00010 170175210
00010 174226892
00010 174671796
00010 178604560
00010 181386860
00010 186913362
00010 194771502
00010 195854466
00010 198726452
00010 199044632
00010 199360724
00010 199790112
00010 203666754
00010 205687664
00010 206706118
00010 207778236
00010 209382710
00010 212004358
00010 213345068
00010 215471384
00010 217925740
00010 221970754
00010 223676136
00010 227714294
00010 229113864
00010 230084352
00010 233339274
00010 234065630
00010 237677534
00010 238777318
00010 240586362
00010 243061318
00010 247820044
00010 248462738
00010 249317588
00010 252221996
00010 254328554
00010 254501760
00010 257242376
00010 261785078
00010 262424104
00010 262628168
00010 262767116
00010 267497784
00010 269743912
00010 269811216
00010 269818252
00010 272613332
00010 273670790
00010 274448596
00010 279063380
00010 280214118
00010 284251368
00010 284256662
00010 284629956
00010 284806164
00010 285037690
00010 285155716
00010 288368730
00010 289771642
00010 290508726
00010 291582974
00010 293303366
00010 299204908
00010 300525054
00010 302028718
00010 304033696
00010 305295038
00010 305778486
00010 305916874
00010 306668996
00010 311079968
00010 314206236
00010 317812090
00010 317973552
00010 319188390
00010 319425402
00010 319667548
00010 319758964
00010 321806182
00010 323767794
00010 325107908
00010 329912066
00010 332592378
00010 333342060
00010 336236824
00010 339638634
00010 343425642
00010 343456454
00010 345433754
00010 346430422
00010 346510566
00010 346899794
00010 347184674
00010 349672206
00010 353608288
00010 354311428
00010 355336852
00010 356438406
00010 366315552
00010 370318732
00010 375313448
00010 381131344
00010 381964300
00010 383217414
00010 387921770
00010 391956208
00010 392226998
00010 394994746
00010 395113568
00010 397841646
00010 398059516
00010 398357816
00010 398975828
00010 400512320
00010 401100328
00010 403542790
00010 406406622
00010 407989990
00010 408967526
00010 409686050
00010 413941612
00010 414767214
00010 414798650
00010 418014656
00010 420282998
00010 420885904
00010 422011682
00010 422426718
00010 422738706
00010 423259074
00010 426571362
00010 427450136
00010 431672590
00010 434597596
00010 435908828
00010 438350508
00010 438936694
00010 439319226
00010 441294860
00010 443493634
00010 449135254
00010 449647412
00010 451457574
00010 451473504
00010 453165498
00010 453360530
00010 456230464
00010 456342152
00010 459423386
00010 459870184
00010 461502540
00010 462382540
00010 462705908
00010 466908518
00010 468868714
00010 476406078
00010 477976988
00010 479681756
00010 485092208
00010 487159302
00010 491799112
00010 492091976
00010 497081262
00010 497117996
00010 500722212
00010 500944802
00010 501871316
00010 504561976
00010 504984418
00010 505453742
00010 513324734
00010 517761784
00010 518459188
00010 521582242
00010 522638102
00010 527993342
00010 529767444
00010 533405858
00010 540614668
00010 541059256
00010 542386462
00010 545707990
00010 548077562
00010 548469532
00010 548768246
00010 549560890
00010 553767106
00010 554127016
00010 555638342
00010 564934082
00010 566141724
00010 566269180
00010 566606036
00010 570232348
00010 570811896
00010 573584770
00010 573637778
00010 573862314
00010 575698546
00010 580220412
00010 580299846
00010 583025738
00010 585205516
00010 587512130
00010 591934418
00010 594941804
00010 599670380
00010 599819692
00010 600907808
00010 604842388
00010 609895182
00010 609920134
00010 610452198
00010 614755138
00010 615398664
00010 616238956
00010 616784112
00010 622199382
00010 624487560
00010 629913850
00010 631911758
00010 632273920
00010 632365352
00010 635707384
00010 635797444
00010 637043978
00010 639936642
00010 643843926
00010 651787848
00010 653886030
00010 654608698
00010 655471060
00010 656379144
00010 657164976
00010 659764768
00010 663438730
00010 670233032
00010 673278322
00010 675935732
00010 678546856
00010 678813290
00010 683181034
00010 683414678
00010 684401824
00010 684419446
00010 686534964
00010 688940662
00010 690221112
00010 693560878
00010 697531912
00010 699866318
00010 700035820
00010 701098142
00010 701307924
00010 701576338
00010 703001698
00010 705449544
00010 707348928
00010 712097002
00010 714257764
00010 722488574
00010 722692594
00010 727148388
00010 728939958
00010 729287606
00010 730718114
00010 734822740
00010 735224518
00010 735987372
00010 738372946
00010 740251364
00010 743494398
00010 746362498
00010 748380948
00010 753958452
00010 754444384
00010 754711890
00010 756053478
00010 758759468
00010 758882272
00010 759786300
00010 760090896
00010 760483276
00010 762253214
00010 762491466
00010 764956050
00010 768274538
00010 770594248
00010 774670206
00010 775224256
00010 776406660
00010 777110726
00010 777934516
00010 780504210
00010 783084244
00010 787408930
00010 791612816
00010 792118486
00010 794445722
00010 798988884
00010 799304702
00010 799514660
00010 800697808
00010 800881950
00010 801099456
00010 802134120
00010 808281944
00010 808485534
00010 814311858
00010 815808122
00010 815917908
00010 816120970
00010 818578094
00010 822340964
00010 826535718
00010 826707848
00010 826804420
00010 830413194
00010 832304312
00010 832452032
00010 834219380
00010 835785486
00010 836416030
00010 842184456
00010 843467080
00010 844961776
00010 845149610
00010 845317086
00010 846714724
00010 847657842
00010 849122558
00010 852512006
00010 859614268
00010 860898218
00010 865866562
00010 867131326
00010 869390534
00010 875064168
00010 875903194
00010 878078930
00010 878175944
00010 878394562
00010 878965420
00010 879003346
00010 880229778
00010 882322144
00010 885144810
00010 886282506
00010 887660196
00010 889853902
00010 890388472
00010 897640324
00010 904438180
00010 906235098
00010 908337374
00010 911046248
00010 912396486
00010 914779690
00010 916208478
00010 917629620
00010 917864772
00010 919898632
00010 920475486
00010 920621718
00010 922470802
00010 929630206
00010 931892290
00010 932686802
00010 935179932
00010 935414992
00010 936948870
00010 938753722
00010 946469778
00010 953459956
00010 954922406
00010 955226830
00010 955609122
00010 956814590
00010 957327244
00010 963964784
00010 964342994
00010 965666640
00010 966380342
00010 966577112
00010 969335206
00010 971130020
00010 971855862
00010 973274750
00010 975236898
00010 977141234
00010 982099064
00010 983374280
00010 983385926
00010 984409886
00010 985301252
00010 987332572
00010 987737942
00010 987787594
00010 988873586
00010 989448210
00010 992729438
00010 993662408
00010 999821566
00010 1000590868
00010 633894
00010 1059948
00010 1632748
00010 3913624
00010 7371348
00010 10579272
00010 12426880
00010 12719630
00010 18470182
00010 20750778
00010 26899704
00010 27014452
00010 29702104
00010 29718790
00010 30233172
00010 32830236
00010 35591858
00010 40833146
00010 43464876
00010 46747188
00010 47677618
00010 49017940
00010 51370832
00010 52076926
00010 54513240
00010 56502094
00010 57089330
00010 63559748
00010 64849858
00010 69222192
00010 69412294
00010 72687324
00010 80685006
00010 81623334
00010 82013492
00010 82046402
00010 84106770
00010 84500650
00010 85288282
00010 85974660
00010 86762858
00010 86764996
00010 94832972
00010 95854622
00010 96111100
00010 100196396
00010 100406364
00010 102296958
00010 102414430
00010 102752204
00010 105972616
00010 106272066
00010 108801234
00010 109636894
00010 110864912
00010 111414586
00010 111422940
00010 114229154
00010 120740620
00010 122924808
00010 123897952
00010 124603356
00010 126102392
00010 128538524
00010 130368030
00010 131341904
00010 134038700
00010 136392878
00010 137057598
00010 137323596
00010 138336756
00010 139305750
00010 140720054
00010 144861508
00010 146697092
00010 146825142
00010 156213504
00010 162098686
00010 162222290
00010 166082730
00010 171283768
00010 171553622
00010 174567686
00010 174823704
00010 175107124
00010 175653114
00010 181833150
00010 185778944
00010 186071322
00010 187335854
00010 187854758
00010 188735106
00010 188877854
00010 190644962
00010 192217810
00010 192287508
00010 198890024
00010 201562928
00010 204600208
00010 207446380
00010 209709864
00010 212902376
00010 214150054
00010 214245652
00010 216028050
00010 217665072
00010 219579930
00010 220776078
00010 222204072
00010 223094904
00010 224329136
00010 224551410
00010 225515834
00010 226091746
00010 227370522
00010 233954262
00010 234889698
00010 237357808
00010 238093040
00010 238128074
00010 241342526
00010 243574026
00010 248800382
00010 249475366
00010 250201494
00010 251015338
00010 252913730
00010 257499266
00010 258415680
00010 258472844
00010 260532846
00010 262815068
00010 264606772
00010 267860520
00010 270148608
00010 273821450
00010 276736644
00010 280213330
00010 285622872
00010 287041740
00010 288257476
00010 289246382
00010 294729422
00010 295304058
00010 295766296
00010 297117888
00010 297876168
00010 298787234
00010 299384474
00010 299530376
00010 300366376
00010 301981014
00010 302019560
00010 302021424
00010 303142184
00010 307095056
00010 309289456
00010 310195686
00010 321645144
00010 328137456
00010 332991888
00010 333394980
00010 333980532
00010 334398428
00010 340143774
00010 343868146
00010 347150810
00010 349773346
00010 352203188
00010 353041830
00010 361442342
00010 362879318
00010 363877294
00010 366693348
00010 370184162
00010 370768600
00010 371712612
00010 373931272
00010 374701146
00010 376872860
00010 378764848
00010 380030030
00010 384487140
00010 386548050
00010 388195162
00010 389661020
00010 395388960
00010 402005544
00010 404859984
00010 405126780
00010 406365448
00010 407547036
00010 408177036
00010 408765436
00010 409116758
00010 413841534
00010 414432300
00010 415499222
00010 416695438
00010 418520966
00010 419096962
00010 419916558
00010 422719036
00010 423434750
00010 423579744
00010 425548788
00010 426138062
00010 426567426
00010 430281176
00010 430496922
00010 431925140
00010 437566088
00010 439164482
00010 441152358
00010 441539076
00010 443362344
00010 448114376
00010 453648172
00010 454381690
00010 454676298
00010 454840626
00010 457300602
00010 460609916
00010 463289140
00010 465801378
00010 466822954
00010 471273078
00010 474447692
00010 475282638
00010 475933572
00010 486309322
00010 486712880
00010 490273334
00010 497098362
00010 497268318
00010 503537864
00010 513662480
00010 513730530
00010 519370934
00010 522662434
00010 523678054
00010 524281360
00010 527407150
00010 529272464
00010 532480000
00010 538034884
00010 538398398
00010 540675286
00010 542442492
00010 542715954
00010 545306596
00010 546198100
00010 549577520
00010 549807772
00010 550373978
00010 553103618
00010 555313778
00010 556400396
00010 558663554
00010 562574318
00010 563234806
00010 563714284
00010 564075058
00010 565358738
00010 568919880
00010 573251574
00010 579661454
00010 580658644
00010 583560804
00010 589797050
00010 590468760
00010 590713462
00010 591291428
00010 591695614
00010 593801726
00010 599538416
00010 599638122
00010 604113312
00010 611361134
00010 613772480
00010 615080294
00010 619167946
00010 623213112
00010 626211080
00010 626507432
00010 627545880
00010 629379172
00010 632603986
00010 633617896
00010 640053772
00010 643265400
00010 643311498
00010 644375254
00010 644766548
00010 647253512
00010 647347990
00010 647392600
00010 650038970
00010 652545920
00010 655924750
00010 656074944
00010 658485448
00010 658709602
00010 662668616
00010 663420460
00010 663804926
00010 665017462
00010 670632976
00010 672534270
00010 672653674
00010 678667788
00010 680338770
00010 681698504
00010 683007242
00010 685721004
00010 685722196
00010 690401344
00010 691091812
00010 694200634
00010 697619682
00010 698295706
00010 700577018
00010 701154628
00010 702893614
00010 705477112
00010 705581016
00010 706181454
00010 706199130
00010 707378948
00010 708341830
00010 709497854
00010 710269080
00010 710479346
00010 711276998
00010 712588998
00010 712595992
00010 714545760
00010 716071424
00010 717113742
00010 721077256
00010 722226842
00010 722354336
00010 726225496
00010 726971532
00010 728803498
00010 729090448
00010 729759670
00010 733070992
00010 733226686
00010 734860514
00010 743067544
00010 744529196
00010 746191616
00010 748032526
00010 750702058
00010 752476548
00010 752664814
00010 755441318
00010 758433096
00010 759974702
00010 763714690
00010 764427808
00010 769089878
00010 769950626
00010 770543648
00010 772361592
00010 772988014
00010 775620440
00010 776316406
00010 776993976
00010 778610016
00010 783384070
00010 788542970
00010 790583370
00010 794333054
00010 794621988
00010 794881338
00010 797581490
00010 804544576
00010 805727974
00010 806739290
00010 810540730
00010 815224288
00010 815367272
00010 817771364
00010 821745150
00010 823938290
00010 824742002
00010 826525522
00010 827816246
00010 829401278
00010 829480776
00010 830330130
00010 830607802
00010 831124026
00010 831186666
00010 834588904
00010 835137430
00010 838096980
00010 838535572
00010 839543666
00010 842186964
00010 843371396
00010 844329190
00010 845105096
00010 846248416
00010 846829538
00010 855091840
00010 855303678
00010 858211322
00010 858408304
00010 864219888
00010 872159978
00010 872181208
00010 872211564
00010 874709070
00010 876896726
00010 876953726
00010 887473042
00010 889533090
00010 892471196
00010 894986532
00010 897825352
00010 898047066
00010 898375352
00010 898885262
00010 901685698
00010 901787206
00010 908486604
00010 909272490
00010 909504452
00010 910300498
00010 913722988
00010 919422878
00010 919763332
00010 920552792
00010 922554628
00010 924584840
00010 924850264
00010 927290310
00010 932642572
00010 933524920
00010 934381802
00010 934884102
00010 935510830
00010 936708570
00010 936724800
00010 937197918
00010 940675832
00010 941343850
00010 942555912
00010 943802678
00010 945929804
00010 948439712
00010 948702596
00010 951299102
00010 951391304
00010 954634824
00010 954793458
00010 954811546
00010 955532584
00010 956231634
00010 958819456
00010 960331982
00010 960787942
00010 962394934
00010 966353498
00010 966726612
00010 970774018
00010 971410474
00010 972672772
00010 975001022
00010 977569784
00010 982503368
00010 982687414
00010 982798188
00010 985605136
00010 985716006
00010 985918118
00010 988888722
00010 988995172
00010 989782646
00010 992788424
00010 992877512
00010 993058866
00010 993195498
00010 993788196
00010 994717160
00010 996880998
00010 997268436
00010 999583322
