00010 4237844
00010 8448796
00010 10903524
00010 13547468
00010 17948720
00010 19178992
00010 23516216
00010 25053960
00010 26701898
00010 27617796
00010 28427000
00010 29082594
00010 29478702
00010 30888818
00010 31463672
00010 31847636
00010 36074082
00010 40546386
00010 43767154
00010 43873814
00010 46852408
00010 49798158
00010 49812268
00010 50167320
00010 52683250
00010 53068164
00010 54337284
00010 58624870
00010 58792138
00010 63661206
00010 66730208
00010 70047718
00010 70372798
00010 73254086
00010 73307160
00010 75567236
00010 83163732
00010 83851198
00010 89186380
00010 91639370
00010 96611100
00010 100138442
00010 101431678
00010 103533170
00010 104170128
00010 112278648
00010 113076906
00010 114992178
00010 115359358
00010 116905222
00010 117989414
00010 118716950
00010 121337682
00010 122852862
00010 122893744
00010 123439198
00010 124112550
00010 124469354
00010 125919450
00010 128944856
00010 129213300
00010 129640304
00010 129748378
00010 130677394
00010 132928272
00010 136668130
00010 138873262
00010 139687318
00010 145212900
00010 146085874
00010 148309440
00010 148415538
00010 150201200
00010 151638166
00010 157049256
00010 161566132
00010 167486768
00010 167912744
00010 168689462
00010 169648572
00010 173901524
00010 174743424
00010 175068446
00010 176005542
00010 179234918
00010 180765628
00010 182104372
00010 182776696
00010 184306098
00010 185199170
00010 188376328
00010 191257764
00010 192026916
00010 194849182
00010 197444950
00010 197503122
00010 197861956
00010 199942436
00010 211466090
00010 214013586
00010 215412050
00010 218715864
00010 219263962
00010 219645386
00010 236673512
00010 242999588
00010 246471704
00010 248753526
00010 250506680
00010 251821220
00010 251895544
00010 256258694
00010 260448304
00010 262369118
00010 264037224
00010 265480810
00010 266881996
00010 273558612
00010 274227780
00010 275753780
00010 277222872
00010 281135018
00010 283140244
00010 283376572
00010 284196484
00010 284569144
00010 286409814
00010 291022456
00010 291947260
00010 293058278
00010 295592698
00010 300482594
00010 300923476
00010 304202428
00010 305662068
00010 306640672
00010 306846620
00010 309079044
00010 309792476
00010 309873474
00010 316435548
00010 319026106
00010 321552376
00010 323573314
00010 325244798
00010 329065698
00010 332386066
00010 336236094
00010 336411096
00010 337206716
00010 339754662
00010 340148566
00010 341250258
00010 342364318
00010 343108892
00010 343544414
00010 347615294
00010 350388550
00010 350770400
00010 353108058
00010 353352966
00010 353630732
00010 357370882
00010 357714136
00010 365607772
00010 365610024
00010 372575634
00010 380348216
00010 383259508
00010 385921520
00010 390121272
00010 391150754
00010 399184710
00010 400998078
00010 401845484
00010 402322726
00010 407526196
00010 408228754
00010 410394036
00010 412797880
00010 413128756
00010 413668806
00010 414043650
00010 415183584
00010 415376028
00010 416695430
00010 416953870
00010 418893554
00010 419239446
00010 419290956
00010 430077730
00010 431417096
00010 431483960
00010 431517912
00010 436882596
00010 437852720
00010 439543274
00010 440508146
00010 442824334
00010 444715010
00010 445536702
00010 445822632
00010 448481692
00010 449602666
00010 450398336
00010 455700234
00010 460212424
00010 461261766
00010 463366762
00010 463466820
00010 463564198
00010 463589534
00010 465187672
00010 465440756
00010 471729840
00010 474255060
00010 475657926
00010 478322874
00010 485503728
00010 486498626
00010 486515242
00010 486688660
00010 487961372
00010 488359158
00010 488703744
00010 496002528
00010 496400870
00010 498051440
00010 498563424
00010 501144002
00010 506218850
00010 510233896
00010 510287810
00010 511504178
00010 512060224
00010 512406864
00010 515233070
00010 516557876
00010 525565528
00010 526378202
00010 527739108
00010 529537640
00010 530730106
00010 531414894
00010 536540786
00010 536597720
00010 536706854
00010 537303302
00010 538284226
00010 539346188
00010 545329112
00010 546007348
00010 546215990
00010 547308476
00010 549090058
00010 549780782
00010 550290192
00010 550819752
00010 554146772
00010 557887102
00010 565879554
00010 565880500
00010 571539872
00010 572745290
00010 574376396
00010 577580144
00010 581310676
00010 581368620
00010 586388280
00010 588002098
00010 588306936
00010 588314390
00010 593911660
00010 595486586
00010 596298948
00010 600125952
00010 601017180
00010 603368516
00010 603803650
00010 604399400
00010 611076140
00010 612417708
00010 613461180
00010 616883906
00010 617308366
00010 618116864
00010 623152214
00010 623782174
00010 624592698
00010 627712926
00010 628968956
00010 631503194
00010 631507880
00010 632156846
00010 633332758
00010 637270936
00010 638517784
00010 638733590
00010 641992472
00010 642215092
00010 648153506
00010 648757390
00010 650198190
00010 650287258
00010 653845766
00010 654792690
00010 658781654
00010 659968778
00010 662848784
00010 663129992
00010 669156376
00010 669198392
00010 670033964
00010 671781424
00010 671993944
00010 673364462
00010 674599060
00010 675316996
00010 686417504
00010 689482844
00010 693943930
00010 694828358
00010 702601070
00010 704138236
00010 707815454
00010 708216778
00010 708765784
00010 712208660
00010 712512608
00010 712838170
00010 714466582
00010 714516278
00010 715149042
00010 717161484
00010 718400528
00010 719750196
00010 720635218
00010 721280536
00010 723433970
00010 724951832
00010 725818210
00010 726464122
00010 727439198
00010 728775910
00010 731801500
00010 732854842
00010 733060798
00010 735570542
00010 738105032
00010 741841408
00010 743309298
00010 747025242
00010 749293260
00010 750641292
00010 751678762
00010 753745130
00010 754427472
00010 758562864
00010 759990830
00010 764860598
00010 765633882
00010 767854772
00010 773764802
00010 774040056
00010 782946186
00010 783421976
00010 783457910
00010 783571346
00010 784400802
00010 786491510
00010 787352416
00010 790916162
00010 792753626
00010 794078248
00010 794410136
00010 796151386
00010 798166118
00010 798167414
00010 800317858
00010 801463242
00010 801685446
00010 801752126
00010 802677750
00010 802855224
00010 803234412
00010 804423308
00010 811039368
00010 813321376
00010 814073514
00010 815933584
00010 816125038
00010 817843970
00010 818824952
00010 820287210
00010 821700090
00010 823293440
00010 827976800
00010 828124598
00010 828483392
00010 830825666
00010 830891184
00010 838599852
00010 842307966
00010 842479724
00010 843409088
00010 843529996
00010 844234256
00010 849448174
00010 850446220
00010 850908446
00010 850999824
00010 854069490
00010 856740316
00010 861523822
00010 861545420
00010 863784656
00010 864168340
00010 864343196
00010 870914880
00010 872317306
00010 874193024
00010 874484450
00010 875547162
00010 881808528
00010 884482968
00010 888071082
00010 888073694
00010 890254014
00010 890801704
00010 902879786
00010 904855292
00010 907464384
00010 917453398
00010 917595058
00010 917619256
00010 919649650
00010 922683922
00010 923597486
00010 924156034
00010 926296108
00010 927224642
00010 930888362
00010 933078778
00010 933285208
00010 934034944
00010 935797952
00010 936837868
00010 938011314
00010 939912564
00010 941505060
00010 941563440
00010 942326016
00010 945627800
00010 946130648
00010 946774328
00010 947651162
00010 951075578
00010 954171282
00010 960527040
00010 961448366
00010 963266462
00010 965420516
00010 966450940
00010 967819244
00010 970595690
00010 971690894
00010 974511646
00010 975093122
00010 977602920
00010 980563482
00010 982084330
00010 986150278
00010 989094868
00010 989191112
00010 989553306
00010 989844096
00010 993462234
00010 993783768
00010 996068994
00010 996183974
00010 997561938
00010 999796872
00010 574530
00010 913024
00010 4314114
00010 9505156
00010 13083906
00010 15115152
00010 15768120
00010 16314092
00010 16340334
00010 18351234
00010 23403618
00010 25477260
00010 28801762
00010 29533350
00010 33259022
00010 33309528
00010 38696940
00010 40240850
00010 40314754
00010 43284226
00010 45143090
00010 48390204
00010 48829162
00010 52158580
00010 55186242
00010 55900142
00010 57882290
00010 58079428
00010 62976340
00010 64391352
00010 65852056
00010 66909528
00010 68399570
00010 69719916
00010 70101452
00010 70383364
00010 73027814
00010 74955492
00010 75246182
00010 76815528
00010 77679464
00010 78140508
00010 78476176
00010 82481854
00010 82525266
00010 86770354
00010 88873384
00010 91848424
00010 96784830
00010 101017066
00010 101145408
00010 101625244
00010 105414708
00010 112356912
00010 112824796
00010 114618166
00010 115401138
00010 116169458
00010 116782756
00010 118392278
00010 119375122
00010 120028960
00010 122978330
00010 122993002
00010 124132280
00010 125079682
00010 129429006
00010 130170350
00010 132857468
00010 134368220
00010 135424592
00010 136216756
00010 136671298
00010 136702022
00010 138805134
00010 139635018
00010 139674962
00010 145274074
00010 147496668
00010 147745488
00010 155587402
00010 158174998
00010 158324218
00010 159628246
00010 159769404
00010 161074760
00010 164343516
00010 166675560
00010 166965942
00010 168461068
00010 173030192
00010 174473500
00010 176626024
00010 178871774
00010 179163882
00010 180206370
00010 190132942
00010 191361680
00010 191505094
00010 191932936
00010 194648962
00010 194783186
00010 198769406
00010 203701418
00010 204504336
00010 206349782
00010 206477982
00010 207666146
00010 208662122
00010 209940362
00010 213128372
00010 215387944
00010 218211608
00010 219543408
00010 220278804
00010 220790864
00010 220979424
00010 221679280
00010 222484324
00010 222865912
00010 222887484
00010 226693170
00010 228369402
00010 229035006
00010 231604360
00010 234004940
00010 234809484
00010 236344360
00010 237215664
00010 239327876
00010 239617964
00010 240173760
00010 243352618
00010 253883318
00010 255935840
00010 260056188
00010 262358042
00010 268386626
00010 269324770
00010 271027016
00010 271592404
00010 275496728
00010 277430154
00010 277450134
00010 277744510
00010 280288826
00010 281301878
00010 283911088
00010 289198906
00010 289225896
00010 289321838
00010 290140658
00010 291135904
00010 293981528
00010 299933962
00010 301386442
00010 302068134
00010 302124314
00010 303368228
00010 316051942
00010 317837590
00010 322158382
00010 322668728
00010 323306908
00010 324164242
00010 326187934
00010 328391632
00010 329608106
00010 333499042
00010 334707016
00010 335280342
00010 339138702
00010 343498862
00010 345010964
00010 350694546
00010 353224922
00010 353858920
00010 356400386
00010 358877402
00010 361795106
00010 362848906
00010 365346024
00010 366279016
00010 368881154
00010 375161108
00010 376354696
00010 379560990
00010 381976362
00010 382409666
00010 382994608
00010 384326020
00010 385584426
00010 385780906
00010 387125814
00010 389106102
00010 389604574
00010 390540254
00010 392448904
00010 394675798
00010 396389556
00010 400773474
00010 403705636
00010 403887126
00010 405153954
00010 405397414
00010 406370292
00010 423828316
00010 426366340
00010 427723284
00010 430324614
00010 431200958
00010 432243430
00010 434053636
00010 436055542
00010 436644584
00010 437575488
00010 439764794
00010 441021496
00010 444125282
00010 444728142
00010 444998456
00010 449696606
00010 453692032
00010 455370012
00010 463364100
00010 464350628
00010 464941916
00010 465474720
00010 465734746
00010 466122578
00010 469782804
00010 470430486
00010 472907192
00010 473060038
00010 475508000
00010 476337080
00010 477752206
00010 481910364
00010 482311112
00010 483506346
00010 483611998
00010 483984600
00010 488215374
00010 492941234
00010 497710110
00010 500565634
00010 502218170
00010 511799354
00010 514277556
00010 514968090
00010 515548914
00010 517253748
00010 518054928
00010 518197036
00010 520421156
00010 521223746
00010 521349894
00010 521981990
00010 524485224
00010 527595886
00010 529340002
00010 533230814
00010 533237288
00010 534239930
00010 536257178
00010 538928688
00010 542036714
00010 542512546
00010 545084692
00010 547656334
00010 548612008
00010 549207500
00010 551666366
00010 552949236
00010 552955786
00010 558893938
00010 560619880
00010 563509344
00010 563690572
00010 563773706
00010 565826760
00010 567092652
00010 570310612
00010 571615370
00010 573440402
00010 574236740
00010 574248082
00010 574414932
00010 574473692
00010 574523604
00010 575058820
00010 577705474
00010 581597602
00010 583460306
00010 585895312
00010 587513054
00010 588043550
00010 589097152
00010 590588368
00010 593747716
00010 597452972
00010 601608404
00010 603398934
00010 605361810
00010 606710450
00010 607775818
00010 610828884
00010 610916938
00010 612699464
00010 613001150
00010 616229214
00010 621542702
00010 622613412
00010 625929024
00010 626006798
00010 626261154
00010 626279470
00010 627590448
00010 628640104
00010 628985026
00010 635852606
00010 637664958
00010 638448638
00010 639287124
00010 639540066
00010 640901886
00010 643970084
00010 644516396
00010 646646994
00010 649176516
00010 650313556
00010 650694806
00010 653985818
00010 654532414
00010 660041802
00010 662852130
00010 664587420
00010 667056374
00010 669140516
00010 670714890
00010 670871138
00010 672521044
00010 673614742
00010 673886760
00010 675083862
00010 675126618
00010 676267206
00010 676636946
00010 680764482
00010 680909682
00010 681695586
00010 684843058
00010 685446236
00010 686581884
00010 687443660
00010 698045568
00010 700918196
00010 703715880
00010 703994316
00010 705816216
00010 716364022
00010 718554858
00010 718635266
00010 718948958
00010 719300952
00010 727274022
00010 727606940
00010 729002994
00010 731594646
00010 732344572
00010 733156922
00010 735712480
00010 735833900
00010 739938096
00010 745636920
00010 747030316
00010 751025916
00010 752860894
00010 753252394
00010 756240150
00010 758994894
00010 760905178
00010 761337770
00010 764215566
00010 765657662
00010 771787030
00010 775864626
00010 778407300
00010 778991724
00010 780037378
00010 783567878
00010 785373640
00010 786076556
00010 786111786
00010 787022244
00010 787491786
00010 787748480
00010 787906544
00010 788336052
00010 790444964
00010 792963030
00010 793051000
00010 799990128
00010 802816256
00010 803811466
00010 805299278
00010 807452666
00010 807496448
00010 807743162
00010 810898392
00010 811581124
00010 812482400
00010 815870430
00010 817965378
00010 820270068
00010 821101794
00010 823742674
00010 827844194
00010 829655592
00010 834213592
00010 835243206
00010 837199240
00010 837382910
00010 838332214
00010 843275444
00010 845495658
00010 847719124
00010 850394158
00010 850934396
00010 864211442
00010 865764630
00010 869926980
00010 870395982
00010 872301850
00010 874992138
00010 876761158
00010 877098886
00010 878473400
00010 881726784
00010 887305088
00010 887429872
00010 887850136
00010 889189824
00010 889360016
00010 895086746
00010 897375060
00010 902062570
00010 902961788
00010 902964620
00010 904216112
00010 905396736
00010 911590044
00010 912448286
00010 919555472
00010 924451266
00010 929323586
00010 929472702
00010 929659600
00010 932084910
00010 945357892
00010 948649940
00010 948725458
00010 949698088
00010 950806832
00010 951658074
00010 951861820
00010 956838978
00010 962445332
00010 971769488
00010 972297398
00010 973827430
00010 977287808
00010 979703438
00010 980187034
00010 981068188
00010 987760380
00010 987979322
00010 991650258
00010 996051482
00010 997540882
00010 999300736
00010 633416
00010 2461976
00010 4453834
00010 5196638
00010 5863608
00010 8450474
00010 10534998
00010 15906120
00010 16406968
00010 17611140
00010 18457366
00010 19368906
00010 20695708
00010 22631348
00010 22879674
00010 23455126
00010 25060830
00010 27866268
00010 27900348
00010 29247238
00010 34289630
00010 36884680
00010 37014458
00010 39737688
00010 39750990
00010 41050814
00010 45470864
00010 51390150
00010 57828264
00010 58014612
00010 58541566
00010 58580018
00010 60720624
00010 64008268
00010 66012744
00010 69587282
00010 70059680
00010 71503458
00010 75096816
00010 78738940
00010 80764656
00010 82109350
00010 82502688
00010 86402772
00010 88921996
00010 88947448
00010 89900810
00010 90246558
00010 94825864
00010 95440574
00010 98620706
00010 102202424
00010 103851772
00010 104090660
00010 108616702
00010 110754454
00010 111568426
00010 113188416
00010 115004672
00010 115958536
00010 119495830
00010 121043532
00010 121086828
00010 123760058
00010 125452948
00010 129279502
00010 132087458
00010 135172150
00010 142062190
00010 143430022
00010 144610404
00010 144740126
00010 144795914
00010 148954268
00010 150458648
00010 150554820
00010 152530368
00010 153310720
00010 154589538
00010 155214866
00010 157284316
00010 159543032
00010 161580456
00010 164103900
00010 164836768
00010 165115992
00010 166137328
00010 170470398
00010 170514456
00010 180119152
00010 181155642
00010 182398644
00010 182601904
00010 182683942
00010 184062264
00010 186746026
00010 187628886
00010 196285040
00010 201393446
00010 204169910
00010 206541636
00010 210503780
00010 211705400
00010 214506944
00010 217796474
00010 219587926
00010 224325596
00010 225463764
00010 226327172
00010 227090286
00010 227338976
00010 231135452
00010 233452652
00010 234471136
00010 234966310
00010 237436942
00010 238622926
00010 240423708
00010 245330386
00010 246015742
00010 250796916
00010 252240884
00010 253831452
00010 258858638
00010 260050382
00010 264150058
00010 264564726
00010 266344588
00010 267939320
00010 268335648
00010 268375170
00010 268842170
00010 269596032
00010 269782704
00010 271198624
00010 273398980
00010 275266672
00010 276868518
00010 277085608
00010 278406880
00010 281922852
00010 282974350
00010 285137748
00010 285870940
00010 285886434
00010 286209690
00010 287807418
00010 292267836
00010 293245784
00010 294071512
00010 298719406
00010 299845424
00010 301048102
00010 301180930
00010 301561162
00010 304638360
00010 307829640
00010 309255722
00010 311985594
00010 313704392
00010 313939112
00010 318112138
00010 325870626
00010 326231006
00010 326884732
00010 326968366
00010 331529056
00010 333415454
00010 334020724
00010 337869354
00010 338395970
00010 344275352
00010 346295562
00010 347056462
00010 350838286
00010 351821552
00010 351899018
00010 353360290
00010 353371724
00010 354586466
00010 354875736
00010 356784594
00010 358186204
00010 359127738
00010 361243898
00010 361267666
00010 362902460
00010 368832322
00010 369404250
00010 371101486
00010 373062782
00010 376715522
00010 383815318
00010 383938952
00010 384588384
00010 389002836
00010 389004446
00010 390063310
00010 390196082
00010 393291462
00010 394610658
00010 406940062
00010 407555532
00010 411165894
00010 411413090
00010 411470776
00010 411586112
00010 411747524
00010 412274156
00010 413758464
00010 413830792
00010 416311848
00010 417502628
00010 419374926
00010 419396802
00010 420924004
00010 421338360
00010 423984372
00010 426501778
00010 429440286
00010 432598330
00010 441016054
00010 441663094
00010 447387292
00010 449446734
00010 450575492
00010 450737276
00010 454639744
00010 455417642
00010 456185358
00010 456727234
00010 457838404
00010 461729016
00010 461818558
00010 464119140
00010 464319636
00010 464704396
00010 465784854
00010 466200034
00010 467282022
00010 468263960
00010 473274716
00010 474757340
00010 475270714
00010 476430194
00010 476773462
00010 486400474
00010 487859826
00010 490536350
00010 491086066
00010 493663796
00010 497146664
00010 497437728
00010 498912608
00010 500014726
00010 500464610
00010 504657044
00010 504882506
00010 505193210
00010 508640916
00010 510888084
00010 518718638
00010 521386196
00010 524624734
00010 526438548
00010 527754152
00010 533006646
00010 537939140
00010 538802964
00010 539714470
00010 540735826
00010 544747470
00010 550755736
00010 552659332
00010 553211712
00010 556516344
00010 560056868
00010 560512268
00010 564377684
00010 564766734
00010 572713444
00010 574665412
00010 575156532
00010 576700764
00010 578444732
00010 578643854
00010 581878816
00010 584465748
00010 586389454
00010 586860870
00010 593206178
00010 594221802
00010 594958528
00010 595098212
00010 599017112
00010 599600690
00010 600108820
00010 600643344
00010 602972520
00010 606004386
00010 608063150
00010 608362186
00010 608890960
00010 615113254
00010 615545850
00010 616553668
00010 617487682
00010 618091986
00010 618757562
00010 620940648
00010 621650096
00010 622257122
00010 624853034
00010 625248572
00010 627978588
00010 628381888
00010 629477682
00010 629933210
00010 634238928
00010 634552916
00010 635286188
00010 635441178
00010 635772034
00010 639922170
00010 642978670
00010 643031824
00010 648441968
00010 649977758
00010 650496330
00010 651062916
00010 652735398
00010 656698018
00010 659498586
00010 661395030
00010 662417390
00010 662643294
00010 665235234
00010 665341532
00010 666037472
00010 666075014
00010 666967146
00010 669108314
00010 672567864
00010 675839766
00010 676714764
00010 678448838
00010 682661296
00010 689363794
00010 691909436
00010 692559002
00010 697138762
00010 697752138
00010 697988778
00010 702403244
00010 703312554
00010 704551560
00010 707480450
00010 713792976
00010 717541706
00010 719837084
00010 719847542
00010 723379060
00010 723524994
00010 729312184
00010 731148738
00010 732759388
00010 735369196
00010 736608450
00010 737544738
00010 739554054
00010 740642442
00010 740789566
00010 746898644
00010 751668420
00010 754161498
00010 754762018
00010 756121578
00010 757710508
00010 758351056
00010 762655488
00010 766032004
00010 769999856
00010 772746162
00010 772750582
00010 773678314
00010 779693108
00010 780963658
00010 781326134
00010 781968390
00010 782927236
00010 784084296
00010 784885588
00010 785392398
00010 789547162
00010 789860858
00010 791209374
00010 793668608
00010 794738226
00010 795241308
00010 795797088
00010 796410222
00010 798687806
00010 803291760
00010 805045138
00010 805883236
00010 806024330
00010 807135796
00010 808051928
00010 808823876
00010 808868120
00010 810786810
00010 811180706
00010 817047666
00010 820623720
00010 820640226
00010 821239772
00010 821317806
00010 821320272
00010 827104790
00010 831310354
00010 832748674
00010 833814900
00010 836145128
00010 839011402
00010 839683828
00010 840355982
00010 843900910
00010 845353030
00010 848792454
00010 850032466
00010 850922076
00010 853461056
00010 854331130
00010 854867248
00010 857563884
00010 858517406
00010 861596936
00010 861782664
00010 862129278
00010 862441964
00010 868151710
00010 871846138
00010 873563542
00010 873822320
00010 874124352
00010 879730208
00010 883950808
00010 889628022
00010 890191556
00010 890913222
00010 893136008
00010 893312480
00010 893926438
00010 897158744
00010 900111804
00010 900293034
00010 901565242
00010 902602252
00010 903680838
00010 904004890
00010 905349670
00010 910707650
00010 911716578
00010 912057402
00010 912390802
00010 915826738
00010 923334644
00010 926743952
00010 928376578
00010 928971832
00010 929059608
00010 931135064
00010 937935190
00010 941873082
00010 943833116
00010 944331562
00010 944870174
00010 951053984
00010 953179748
00010 953728764
00010 955851794
00010 959874642
00010 960242046
00010 966863906
00010 966890238
00010 967571786
00010 968390688
00010 970515412
00010 976662074
00010 976735934
00010 979739868
00010 980169056
00010 982251810
00010 984122184
00010 985510418
00010 985589556
00010 987263362
00010 987937330
00010 988181604
00010 990468154
00010 991528074
00010 994636890
00010 996077154
00010 6980318
00010 10156332
00010 11949414
00010 15306180
00010 16804556
00010 18579336
00010 19868444
00010 22282080
00010 25479646
00010 25628396
00010 26094962
00010 35721638
00010 36761834
00010 41250852
00010 43395428
00010 44093794
00010 46977262
00010 50239246
00010 52966114
00010 54843274
00010 57712132
00010 60142704
00010 60604428
00010 61797580
00010 64453366
00010 66524524
00010 66538732
00010 69207286
00010 70318036
00010 75909166
00010 77706658
00010 79686712
00010 80516024
00010 80636084
00010 81384520
00010 82267294
00010 83427038
00010 85481034
00010 86324530
00010 92667496
00010 93986978
00010 95809680
00010 98872570
00010 100603142
00010 104927738
00010 105488494
00010 108465410
00010 109716544
00010 113872832
00010 114003594
00010 115155424
00010 118752286
00010 122647158
00010 122978224
00010 124396934
00010 125776474
00010 126703416
00010 127358826
00010 127960462
00010 130618826
00010 132891716
00010 141004996
00010 143126380
00010 149418252
00010 150116178
00010 155584422
00010 158638734
00010 159418186
00010 159550690
00010 159921694
00010 160733668
00010 167805654
00010 169274474
00010 169667378
00010 169950314
00010 170185954
00010 175275784
00010 176078444
00010 176234786
00010 177820588
00010 178996188
00010 179012764
00010 180394202
00010 183550082
00010 184907060
00010 186828650
00010 187090542
00010 189405558
00010 189598112
00010 189662884
00010 196776794
00010 196824760
00010 200598346
00010 201267864
00010 204190984
00010 205072512
00010 206583226
00010 206757586
00010 210819304
00010 212251754
00010 212689934
00010 213439674
00010 217144194
00010 217706140
00010 218631826
00010 219503980
00010 221464656
00010 222904944
00010 226105574
00010 226456364
00010 227943450
00010 228912062
00010 234864958
00010 239198238
00010 241054782
00010 241105912
00010 244312090
00010 247671254
00010 247781128
00010 247856448
00010 249340742
00010 249518308
00010 251070918
00010 251518434
00010 254308332
00010 259642362
00010 261670540
00010 261845858
00010 262079004
00010 262325880
00010 267173782
00010 267877248
00010 268665136
00010 272395406
00010 273435962
00010 274945240
00010 277309806
00010 279192446
00010 279529278
00010 281212848
00010 284437844
00010 285427632
00010 290002158
00010 290941984
00010 292504080
00010 293405646
00010 293602080
00010 293764686
00010 295105356
00010 297385562
00010 297535532
00010 302727962
00010 303663512
00010 307077784
00010 309251908
00010 311340640
00010 315221584
00010 315703990
00010 317116282
00010 319974804
00010 321397184
00010 323705260
00010 327934360
00010 328099280
00010 328849434
00010 331471402
00010 338068274
00010 338812808
00010 349292146
00010 359777772
00010 359989284
00010 364257920
00010 366870368
00010 368596364
00010 373149744
00010 374952282
00010 378010670
00010 379953588
00010 382412064
00010 385318548
00010 385494470
00010 397345324
00010 399664282
00010 399977424
00010 408263188
00010 408339380
00010 408805714
00010 410332728
00010 410435586
00010 413813110
00010 415853062
00010 418713102
00010 419946436
00010 427134142
00010 428053106
00010 434438332
00010 435930330
00010 436094790
00010 436688982
00010 442024200
00010 443888114
00010 447851504
00010 447971120
00010 452407692
00010 457546352
00010 458984646
00010 460889878
00010 460950770
00010 464750500
00010 470471860
00010 472755026
00010 474678132
00010 478147336
00010 479326314
00010 488946992
00010 488950818
00010 491574832
00010 495460198
00010 497088608
00010 497488668
00010 498542674
00010 498817808
00010 500343006
00010 502527568
00010 510465906
00010 511410504
00010 512910712
00010 514575250
00010 516617224
00010 519567244
00010 520314254
00010 523227032
00010 524090580
00010 527354500
00010 529436546
00010 530508314
00010 531852522
00010 534604982
00010 539708094
00010 540423494
00010 540513848
00010 541922552
00010 542137070
00010 546521410
00010 549279438
00010 549592812
00010 553759512
00010 556555500
00010 556870522
00010 556979728
00010 558185260
00010 559514248
00010 563517620
00010 565808114
00010 566299934
00010 566665434
00010 567428598
00010 569447286
00010 574094338
00010 577027710
00010 579343142
00010 579984310
00010 583189348
00010 584744370
00010 589864470
00010 591083556
00010 595524920
00010 596016004
00010 599172028
00010 601929698
00010 602295684
00010 604295522
00010 604433204
00010 611598170
00010 622885860
00010 623027758
00010 623249800
00010 627907600
00010 628355270
00010 630853578
00010 632950952
00010 633713330
00010 635996040
00010 639457620
00010 641567842
00010 641658594
00010 645290662
00010 645329326
00010 645469354
00010 646143782
00010 648649168
00010 649421060
00010 655047246
00010 658467038
00010 659074162
00010 659391136
00010 662423624
00010 662685396
00010 663825740
00010 664062064
00010 664696278
00010 664757184
00010 667835330
00010 668960906
00010 669218428
00010 670254246
00010 675865000
00010 676685092
00010 679010132
00010 688394824
00010 688889056
00010 694256300
00010 694625232
00010 700214974
00010 700358066
00010 703095748
00010 705293514
00010 705442018
00010 707453774
00010 713052498
00010 718401162
00010 719514980
00010 725188438
00010 727213224
00010 727653626
00010 729706118
00010 730770358
00010 731549994
00010 735443108
00010 736849478
00010 739071082
00010 739675830
00010 741787990
00010 743147764
00010 743343928
00010 743885928
00010 747135338
00010 747854012
00010 752278058
00010 754276160
00010 755632820
00010 759496306
00010 760311778
00010 760591436
00010 762307938
00010 769212772
00010 772612018
00010 774566316
00010 774702036
00010 775654428
00010 775805350
00010 782074750
00010 785448606
00010 788610436
00010 794180808
00010 797005470
00010 801844852
00010 802704586
00010 803527970
00010 804253342
00010 809545562
00010 809726394
00010 811793946
00010 812838744
00010 812948794
00010 813584794
00010 821066842
00010 821498564
00010 822145712
00010 822941460
00010 825645190
00010 827702424
00010 828032594
00010 829387916
00010 832623318
00010 833680920
00010 833875624
00010 833925228
00010 834504006
00010 838241100
00010 838473236
00010 840977528
00010 841042368
00010 844194156
00010 848177142
00010 850805896
00010 862800572
00010 866954938
00010 868548138
00010 868800934
00010 872056458
00010 872541378
00010 877561200
00010 878459182
00010 882224042
00010 889553734
00010 891121762
00010 892278136
00010 893342942
00010 893445664
00010 898057124
00010 900352454
00010 910883578
00010 911024356
00010 912740964
00010 912774678
00010 916446070
00010 917730746
00010 921002562
00010 924985858
00010 927571994
00010 928541262
00010 930212348
00010 934344700
00010 936618636
00010 938417398
00010 939891718
00010 940527478
00010 943263640
00010 945568248
00010 948160978
00010 949455818
00010 949499020
00010 954467086
00010 955310990
00010 956210314
00010 956815206
00010 958022232
00010 966975510
00010 972568922
00010 976196606
00010 976639444
00010 977791870
00010 978230894
00010 978356342
00010 980879732
00010 982723270
00010 983042774
00010 986296778
00010 986443512
00010 988762892
00010 990862216
00010 993886748
00010 999371380
00010 3861394
00010 4423826
00010 6241850
00010 8423142
00010 12776552
00010 16135910
00010 21456966
00010 21912376
00010 24942260
00010 26579946
00010 26665900
00010 26711966
00010 27508850
00010 27554720
00010 31002082
00010 32235768
00010 34430282
00010 38031290
00010 39589752
00010 41183930
00010 45738534
00010 46787350
00010 46869494
00010 47342762
00010 48907164
00010 49212588
00010 49352456
00010 49955376
00010 51566120
00010 53599796
00010 57449952
00010 59396798
00010 63540646
00010 68354984
00010 70394984
00010 71146640
00010 72033174
00010 72096006
00010 85278586
00010 86392616
00010 86981254
00010 89433258
00010 90162830
00010 90352436
00010 90614494
00010 95599366
00010 96574906
00010 102217352
00010 102836584
00010 104979288
00010 109066278
00010 111991082
00010 114674046
00010 115177904
00010 117043490
00010 122271790
00010 125149952
00010 126960916
00010 128017886
00010 128084122
00010 128320782
00010 132549108
00010 138106706
00010 138829232
00010 141356786
00010 147354262
00010 148677334
00010 150016614
00010 150803476
00010 160204424
00010 160206932
00010 161116836
00010 165256200
00010 171029710
00010 172259588
00010 175553268
00010 177720276
00010 179737612
00010 187114310
00010 187278416
00010 188295620
00010 188497580
00010 188743898
00010 191442642
00010 195772392
00010 196503244
00010 198022096
00010 198085414
00010 199176016
00010 204176236
00010 205371594
00010 209379694
00010 209527156
00010 210720336
00010 211029032
00010 212033344
00010 214544318
00010 215461866
00010 216077552
00010 217844770
00010 217931306
00010 218213046
00010 218552200
00010 220248900
00010 221417472
00010 222066564
00010 222083758
00010 222474120
00010 222621446
00010 224185808
00010 226298152
00010 226352598
00010 226407902
00010 226489724
00010 227554990
00010 227599512
00010 230681706
00010 234340816
00010 236497172
00010 237450974
00010 238825522
00010 241908038
00010 244159422
00010 247084762
00010 248461126
00010 252410244
00010 254427736
00010 257881546
00010 261408530
00010 261893100
00010 262357738
00010 263486238
00010 266481954
00010 267211288
00010 272938044
00010 273536076
00010 274586720
00010 274841192
00010 279881944
00010 279891470
00010 282081626
00010 282351928
00010 282878002
00010 287793134
00010 288523110
00010 296977028
00010 299289222
00010 302379154
00010 303286960
00010 305995766
00010 308741102
00010 308899272
00010 310296000
00010 310371984
00010 310846868
00010 313826940
00010 314201086
00010 314413376
00010 314510980
00010 314942206
00010 318590328
00010 319232454
00010 319337088
00010 320733698
00010 324144924
00010 324268386
00010 324629124
00010 325547840
00010 325757490
00010 326062332
00010 326667370
00010 327292628
00010 327372020
00010 329569922
00010 331292190
00010 331396252
00010 332719412
00010 335823044
00010 337057204
00010 341884952
00010 343777196
00010 344114442
00010 346031138
00010 348495012
00010 352578246
00010 353241810
00010 357512210
00010 357627428
00010 359949422
00010 363876190
00010 365561560
00010 365580380
00010 369694296
00010 373629618
00010 375931954
00010 376972302
00010 377450476
00010 382518892
00010 387950790
00010 390735552
00010 392966240
00010 394625392
00010 397611016
00010 397794258
00010 399276510
00010 401275818
00010 402535376
00010 405348424
00010 412258374
00010 415999178
00010 426374420
00010 428504250
00010 428594890
00010 429137556
00010 431704156
00010 432132200
00010 434538772
00010 437837094
00010 438093390
00010 442151304
00010 443395930
00010 448956666
00010 450899434
00010 454417012
00010 456039370
00010 460951606
00010 469797246
00010 470794718
00010 478685864
00010 486776524
00010 488550364
00010 488561494
00010 490539126
00010 492074638
00010 494459032
00010 495386206
00010 496786272
00010 498162354
00010 499473850
00010 499587772
00010 499843706
00010 500399312
00010 501241372
00010 501429450
00010 501951706
00010 508007094
00010 510953782
00010 514138832
00010 515821520
00010 516673048
00010 517442914
00010 518670668
00010 521471460
00010 522918624
00010 526519514
00010 528943050
00010 529543500
00010 531965836
00010 533769372
00010 533915268
00010 535486592
00010 537621980
00010 537652312
00010 538806422
00010 540948592
00010 541953242
00010 541969376
00010 542785906
00010 544299178
00010 545941238
00010 547992762
00010 555468396
00010 556348180
00010 557886242
00010 558098882
00010 558896736
00010 561744866
00010 565589994
00010 565606554
00010 566179110
00010 572014766
00010 572868866
00010 574312378
00010 575435054
00010 578094672
00010 579118366
00010 581836898
00010 584791794
00010 587968126
00010 588637062
00010 589219490
00010 595742322
00010 595829648
00010 597956538
00010 599946668
00010 600590152
00010 603087912
00010 605498914
00010 609030690
00010 610342130
00010 618311242
00010 620397050
00010 624048246
00010 624400582
00010 626549174
00010 631301066
00010 631684498
00010 634871768
00010 635475118
00010 635782346
00010 636436930
00010 640236424
00010 641559342
00010 647722654
00010 648113042
00010 648756370
00010 649163698
00010 651744678
00010 657228200
00010 659685782
00010 661526092
00010 662139142
00010 670726266
00010 671498546
00010 671802012
00010 673700610
00010 678105478
00010 680258184
00010 680456652
00010 683391074
00010 683493494
00010 684666742
00010 686041004
00010 686189658
00010 687756714
00010 689260892
00010 691066498
00010 692981344
00010 694974352
00010 702914720
00010 704972252
00010 705443960
00010 706015382
00010 706268440
00010 712532260
00010 716817026
00010 721820502
00010 723752184
00010 725907596
00010 728451442
00010 729105114
00010 730910422
00010 731546166
00010 736589452
00010 737101272
00010 741035262
00010 742948072
00010 743580648
00010 744993702
00010 752045690
00010 765325632
00010 765772298
00010 768451746
00010 771447366
00010 773716084
00010 779223502
00010 782479400
00010 783859352
00010 784107386
00010 785873304
00010 786991962
00010 788007242
00010 788146400
00010 788155676
00010 790884228
00010 793041584
00010 793152902
00010 794831378
00010 794989410
00010 800738378
00010 803695748
00010 807856534
00010 807918396
00010 813757552
00010 816535158
00010 817702936
00010 818494088
00010 819748818
00010 820056868
00010 825509518
00010 826085872
00010 828044326
00010 828360234
00010 830646624
00010 833523910
00010 834454716
00010 836492644
00010 840671598
00010 841442078
00010 843760088
00010 844407976
00010 846700952
00010 846702122
00010 847928736
00010 852309516
00010 853124986
00010 856054436
00010 856820310
00010 858049752
00010 861247076
00010 861902192
00010 861941960
00010 868916274
00010 869605740
00010 869612614
00010 870605664
00010 871218220
00010 871368132
00010 871713028
00010 871974718
00010 875810866
00010 878237876
00010 878821338
00010 879356082
00010 885254008
00010 886599892
00010 887768066
00010 888808980
00010 889762402
00010 891873430
00010 898139716
00010 898625170
00010 902268606
00010 904462092
00010 905535692
00010 905542688
00010 907431734
00010 907550970
00010 907871390
00010 916843752
00010 916861794
00010 918123986
00010 922722610
00010 930701492
00010 931565100
00010 932598980
00010 932646370
00010 934785520
00010 935319066
00010 938749906
00010 942537412
00010 943387922
00010 947872292
00010 949292590
00010 951455588
00010 951612734
00010 952866446
00010 959139328
00010 960761768
00010 960956048
00010 963182260
00010 964315584
00010 965024242
00010 966790674
00010 968681796
00010 970222996
00010 971335752
00010 972306192
00010 977646022
00010 977668846
00010 989936366
00010 997471878
00010 6070814
00010 10369098
00010 11441432
00010 12531470
00010 13101598
00010 13586552
00010 14172192
00010 14427794
00010 16790160
00010 17954682
00010 19602698
00010 21717532
00010 23748982
00010 24526490
00010 25286000
00010 28349120
00010 28407980
00010 37130562
00010 37221296
00010 39375330
00010 39672498
00010 42578190
00010 42793832
00010 43542756
00010 46038248
00010 48977826
00010 52348168
00010 53008948
00010 61576856
00010 61962222
00010 62789064
00010 63813630
00010 64209752
00010 66970110
00010 73393680
00010 76145146
00010 76153422
00010 76262510
00010 76276620
00010 83693980
00010 84413502
00010 85889652
00010 86755194
00010 88195864
00010 90930366
00010 92950762
00010 95194182
00010 98562650
00010 100572702
00010 102907982
00010 105013808
00010 106571450
00010 109817080
00010 112168538
00010 112193956
00010 112683284
00010 114476098
00010 115040400
00010 115528218
00010 115959106
00010 123658712
00010 124195266
00010 125454862
00010 126427704
00010 129641596
00010 130738130
00010 131376634
00010 133157622
00010 133644640
00010 135629460
00010 137317716
00010 138005046
00010 146893544
00010 148196066
00010 154904646
00010 155007822
00010 157958120
00010 158146174
00010 160092822
00010 160659494
00010 162131042
00010 162341610
00010 162890150
00010 162952494
00010 166862382
00010 171090666
00010 171958798
00010 173939768
00010 174129454
00010 174132246
00010 175024268
00010 177187880
00010 177500424
00010 179969064
00010 184257580
00010 186070416
00010 189139330
00010 197109674
00010 197818780
00010 198094542
00010 202978892
00010 203180998
00010 205516928
00010 206009138
00010 206342522
00010 207504902
00010 207529248
00010 208389758
00010 212799618
00010 220547832
00010 221072168
00010 221831988
00010 224908864
00010 228633876
00010 231414212
00010 233476764
00010 234266124
00010 238048010
00010 238232200
00010 238832440
00010 240192390
00010 240696110
00010 241987196
00010 247040844
00010 248398204
00010 249679536
00010 250889864
00010 253383146
00010 254126222
00010 256596476
00010 258054602
00010 259225564
00010 259312422
00010 260686072
00010 260739538
00010 261172300
00010 263940634
00010 264415324
00010 265577890
00010 268884520
00010 272072868
00010 272647476
00010 273784576
00010 276273264
00010 276965762
00010 277949118
00010 283711046
00010 284535688
00010 285277760
00010 290474112
00010 294916662
00010 301190914
00010 301367976
00010 307748970
00010 311142144
00010 313812204
00010 318301074
00010 320187990
00010 321024296
00010 323410766
00010 323613792
00010 324295796
00010 328266738
00010 329680030
00010 330654658
00010 331645518
00010 333949558
00010 336192812
00010 336590328
00010 338555414
00010 339933208
00010 340442420
00010 340608684
00010 341898754
00010 345034946
00010 345892732
00010 346234642
00010 347382206
00010 348186396
00010 352432748
00010 358017574
00010 359813284
00010 361119476
00010 361384306
00010 361797170
00010 361798306
00010 362616834
00010 362711676
00010 363336262
00010 366139234
00010 366462664
00010 372510512
00010 373364628
00010 373559898
00010 376225128
00010 383312674
00010 384037662
00010 384045426
00010 387335802
00010 387822980
00010 393381284
00010 395715566
00010 397249324
00010 398328754
00010 399110512
00010 400742640
00010 400942946
00010 401548552
00010 404012958
00010 408445866
00010 409811904
00010 409864730
00010 410947442
00010 410978750
00010 414805066
00010 415643962
00010 422828836
00010 422845362
00010 424403322
00010 434695808
00010 438635324
00010 446914600
00010 447503718
00010 447971132
00010 448185334
00010 448937944
00010 449431856
00010 451913756
00010 453518166
00010 453787982
00010 466995976
00010 471111708
00010 473983796
00010 474549094
00010 476165170
00010 478332782
00010 482053916
00010 482441380
00010 482689084
00010 483501274
00010 484098888
00010 484975740
00010 487007284
00010 488994542
00010 490485984
00010 497036786
00010 497202246
00010 516591940
00010 517057400
00010 518514598
00010 520483490
00010 520611740
00010 522819372
00010 523520786
00010 524398410
00010 525937666
00010 530404662
00010 531355386
00010 535498152
00010 542248236
00010 544946590
00010 547822612
00010 550232882
00010 550536408
00010 553336374
00010 555278606
00010 557804076
00010 558272776
00010 561551598
00010 562492496
00010 563701472
00010 563778212
00010 566952600
00010 567684518
00010 569058344
00010 571935822
00010 574949924
00010 579477556
00010 580365078
00010 582830862
00010 588858654
00010 589158304
00010 597074774
00010 598868636
00010 600027212
00010 600342674
00010 613851116
00010 615516746
00010 615760840
00010 616505064
00010 617859322
00010 620095414
00010 624577620
00010 625556538
00010 628819426
00010 629557626
00010 629578724
00010 629619910
00010 629801122
00010 632599252
00010 634887106
00010 636413430
00010 638139540
00010 642117826
00010 643511040
00010 646516496
00010 650006912
00010 650521192
00010 650658686
00010 650821560
00010 653427444
00010 654701684
00010 658563918
00010 659824086
00010 662636614
00010 665317916
00010 665786052
00010 667448932
00010 668445570
00010 672602040
00010 672869388
00010 677016478
00010 678290886
00010 678788946
00010 680522674
00010 680785336
00010 681309992
00010 681433132
00010 683163236
00010 686216002
00010 686496054
00010 689737786
00010 695965134
00010 697699774
00010 700020808
00010 701079336
00010 702363026
00010 704422414
00010 710726520
00010 715286070
00010 723947056
00010 726182806
00010 732995036
00010 733103018
00010 734198648
00010 736371892
00010 737916008
00010 739377088
00010 744144088
00010 746529992
00010 748379738
00010 748452668
00010 752427548
00010 755662978
00010 757149486
00010 759078514
00010 759518130
00010 759704124
00010 760776792
00010 764233252
00010 766211638
00010 766474414
00010 773466570
00010 773505930
00010 774790332
00010 776085094
00010 779541236
00010 786548724
00010 786609454
00010 789933286
00010 791521394
00010 792530062
00010 793258166
00010 793513746
00010 796961984
00010 798830866
00010 800444110
00010 802340198
00010 807865438
00010 809129610
00010 809597830
00010 810261312
00010 810807888
00010 810988464
00010 812054250
00010 815893322
00010 818897872
00010 819798868
00010 823189942
00010 828834748
00010 829214930
00010 834924888
00010 839759842
00010 840769766
00010 841261944
00010 845661986
00010 846806990
00010 847770140
00010 850580472
00010 851786884
00010 856132312
00010 859817344
00010 860777316
00010 860824184
00010 870523672
00010 871019892
00010 872649214
00010 874715516
00010 878663428
00010 879922296
00010 882022410
00010 885335786
00010 887464684
00010 890701294
00010 897160172
00010 897994076
00010 898026890
00010 902407202
00010 903750426
00010 905118172
00010 907516996
00010 907527274
00010 908690652
00010 908727566
00010 912725654
00010 916497214
00010 916593286
00010 918973620
00010 919817450
00010 920990812
00010 922477390
00010 922933810
00010 925410700
00010 929306164
00010 931024152
00010 932766506
00010 935868328
00010 937988384
00010 938769632
00010 942399316
00010 944759250
00010 945307574
00010 949195124
00010 950440038
00010 953134430
00010 953405130
00010 954287212
00010 954290110
00010 956385532
00010 956386994
00010 958009994
00010 961350602
00010 961814008
00010 962162808
00010 964095546
00010 964187688
00010 965921466
00010 967050208
00010 969062322
00010 970256002
00010 971600048
00010 972364122
00010 974280334
00010 974311384
00010 976955094
00010 978073594
00010 979909142
00010 980805140
00010 981633722
00010 985931506
00010 989433382
00010 993258664
00010 993635002
00010 998801154
00010 999688994
00010 4399578
00010 5734022
00010 7281142
00010 9969826
00010 10356658
00010 17919186
00010 18991434
00010 20627034
00010 21465100
00010 22743492
00010 24014532
00010 24696238
00010 25521868
00010 30687304
00010 31924064
00010 35777776
00010 35936532
00010 40877282
00010 43113354
00010 44156890
00010 44339370
00010 44341556
00010 44557796
00010 49028726
00010 49650500
00010 49711192
00010 51006986
00010 51237922
00010 51840128
00010 55894036
00010 57838302
00010 62013658
00010 66817478
00010 66821200
00010 72115682
00010 77584894
00010 79754996
00010 79846036
00010 81293408
00010 81904034
00010 86949220
00010 89498022
00010 93603500
00010 94198754
00010 95172562
00010 101546742
00010 106453358
00010 107065848
00010 112032780
00010 114263032
00010 115040310
00010 116221684
00010 118215834
00010 119755388
00010 133368204
00010 136290780
00010 136298094
00010 138660378
00010 139043948
00010 147637048
00010 149032774
00010 151268254
00010 151272678
00010 151596626
00010 152825434
00010 156907102
00010 161116458
00010 162394506
00010 164765318
00010 169878076
00010 170586300
00010 170837992
00010 173101974
00010 177048322
00010 179227762
00010 180512408
00010 185857932
00010 186981530
00010 187488892
00010 192740386
00010 194858496
00010 196444086
00010 197563082
00010 198924254
00010 199110234
00010 203293596
00010 205308780
00010 207124772
00010 212503102
00010 215385600
00010 219459710
00010 219848754
00010 220153130
00010 221678916
00010 223332316
00010 226232126
00010 227435176
00010 232331890
00010 233293136
00010 234003070
00010 236632134
00010 237474044
00010 238207720
00010 241433498
00010 241892484
00010 244915086
00010 245060336
00010 248731650
00010 250165694
00010 251704262
00010 253827130
00010 256166290
00010 257552230
00010 258748478
00010 259613812
00010 262129890
00010 263463374
00010 266568606
00010 266637336
00010 267724878
00010 269870280
00010 273912456
00010 275738266
00010 275980482
00010 279099132
00010 280699644
00010 285177962
00010 287736430
00010 288245914
00010 290378630
00010 294501330
00010 294877212
00010 296341206
00010 297006376
00010 298332580
00010 298591736
00010 298735174
00010 299377848
00010 303811404
00010 304281962
00010 306320926
00010 307304284
00010 309076024
00010 313110950
00010 314155568
00010 324128290
00010 326972196
00010 328210610
00010 329340196
00010 331642014
00010 333336584
00010 337101428
00010 339139610
00010 342126044
00010 347426510
00010 347666098
00010 350871572
00010 352536964
00010 352627894
00010 353868954
00010 355993760
00010 363146424
00010 364076538
00010 365257412
00010 366420864
00010 368362814
00010 370202854
00010 373199244
00010 377207068
00010 377422606
00010 377600656
00010 378015502
00010 379750008
00010 382732988
00010 397913056
00010 397954564
00010 399291458
00010 403959890
00010 404726252
00010 406958028
00010 409061190
00010 409943190
00010 410110988
00010 411819230
00010 413413400
00010 414393426
00010 415601444
00010 416630220
00010 421618424
00010 425664322
00010 425926354
00010 426938702
00010 427222656
00010 427637354
00010 427791616
00010 428947502
00010 431629282
00010 432231128
00010 435099392
00010 436694760
00010 436725116
00010 437087016
00010 441301486
00010 441609924
00010 444345044
00010 444446912
00010 444779924
00010 445227582
00010 445299568
00010 446089468
00010 447811186
00010 447818138
00010 447926130
00010 448919476
00010 450714724
00010 451246224
00010 457007568
00010 458993794
00010 462564252
00010 463104434
00010 463495304
00010 468187708
00010 469724798
00010 470476738
00010 470631566
00010 473027034
00010 473610158
00010 474201350
00010 474470832
00010 475701540
00010 476915762
00010 477374116
00010 477461882
00010 477581718
00010 477657092
00010 479168316
00010 479388088
00010 479649502
00010 479690490
00010 480318610
00010 484467916
00010 491215054
00010 492704802
00010 496673958
00010 499402822
00010 500279286
00010 502345200
00010 508996450
00010 516073288
00010 518071188
00010 522229444
00010 522438462
00010 524885128
00010 525893746
00010 527366674
00010 529917388
00010 535045002
00010 535869116
00010 544729270
00010 551329964
00010 552370160
00010 552534216
00010 552934040
00010 553389042
00010 556451000
00010 557639218
00010 560493620
00010 561794332
00010 562276820
00010 565613494
00010 569089186
00010 569094674
00010 569186958
00010 569652952
00010 569964418
00010 570128302
00010 572588680
00010 573468162
00010 575238750
00010 576305284
00010 576407708
00010 577250564
00010 578045250
00010 584638152
00010 587318916
00010 590546710
00010 592950068
00010 594309194
00010 596300134
00010 597757288
00010 600617912
00010 601476236
00010 601663674
00010 605257380
00010 605469522
00010 605942490
00010 607500878
00010 612324714
00010 617612264
00010 621671732
00010 625601722
00010 626619834
00010 628596716
00010 632329348
00010 634606188
00010 635902690
00010 638583270
00010 643248384
00010 643770080
00010 645653654
00010 645775088
00010 648992936
00010 652863972
00010 657191150
00010 659094296
00010 659326944
00010 660357012
00010 672712168
00010 674354770
00010 677115698
00010 678743236
00010 678883872
00010 679659808
00010 680422010
00010 682186948
00010 683079994
00010 685091022
00010 688500448
00010 691525822
00010 692311142
00010 693629660
00010 694917064
00010 701190820
00010 701767646
00010 708218162
00010 709391036
00010 711568682
00010 712327956
00010 712837066
00010 714039196
00010 717266654
00010 718505170
00010 719438718
00010 722213130
00010 725317848
00010 729302994
00010 731430568
00010 732170344
00010 732355090
00010 737076648
00010 739003834
00010 742474840
00010 743811810
00010 744803118
00010 745802890
00010 746256416
00010 747355512
00010 749095712
00010 752219254
00010 754395798
00010 756893492
00010 761019874
00010 767056502
00010 768249696
00010 771403592
00010 772218878
00010 777406116
00010 777422100
00010 780788878
00010 783257858
00010 783991862
00010 786875076
00010 787420266
00010 798118690
00010 799948254
00010 800419378
00010 801851808
00010 802103822
00010 802952260
00010 805758998
00010 805955210
00010 807355428
00010 807405502
00010 807614348
00010 812075538
00010 816227504
00010 817308560
00010 819222270
00010 820839172
00010 821616684
00010 821783632
00010 822500922
00010 824270968
00010 828991992
00010 829277162
00010 830412010
00010 832286660
00010 832337934
00010 833970630
00010 834785200
00010 838176128
00010 841594842
00010 842386422
00010 846028240
00010 847378810
00010 852403452
00010 854004364
00010 854537108
00010 857732728
00010 867684846
00010 867691172
00010 870485142
00010 873651708
00010 877160350
00010 882652550
00010 883372284
00010 883816714
00010 886674640
00010 886989050
00010 888054988
00010 889083906
00010 893518478
00010 895862888
00010 897196990
00010 901153228
00010 901503152
00010 902109672
00010 904102460
00010 906773644
00010 908979408
00010 909406946
00010 912994020
00010 917775436
00010 918177530
00010 921499268
00010 921737560
00010 923239398
00010 923625012
00010 925604484
00010 926872858
00010 927850302
00010 928778642
00010 929350248
00010 930148866
00010 931880566
00010 931891326
00010 932030178
00010 933282928
00010 933315960
00010 934470124
00010 934947652
00010 936323362
00010 939583476
00010 940182202
00010 943164354
00010 944122622
00010 944128018
00010 946841674
00010 949548194
00010 953959326
00010 955257262
00010 956063088
00010 962316848
00010 962717918
00010 966112448
00010 966520900
00010 969682670
00010 971050664
00010 971095352
00010 971520774
00010 971597726
00010 971783306
00010 971810148
00010 972432618
00010 974000152
00010 975106144
00010 975458840
00010 976484850
00010 977188498
00010 981060670
00010 983855752
00010 986860644
00010 988931318
00010 989494858
00010 992078920
00010 992327262
00010 996234446
00010 996865372
00010 998299828
00010 896010
00010 2802386
00010 7573076
00010 7627038
00010 11169562
00010 12427438
00010 13062272
00010 20503428
00010 23441546
00010 27275918
00010 27277362
00010 29684290
00010 30265332
00010 33070168
00010 33368154
00010 36292668
00010 49535784
00010 51671884
00010 54374982
00010 56739488
00010 59059014
00010 59387494
00010 62866846
00010 65605900
00010 69960558
00010 72572666
00010 73284638
00010 74169632
00010 74933158
00010 77175454
00010 79135774
00010 79356072
00010 80979234
00010 85580970
00010 86059736
00010 86479338
00010 88682394
00010 92389350
00010 92721208
00010 93479810
00010 96603380
00010 97431996
00010 99659514
00010 100251610
00010 100449770
00010 105387866
00010 109093540
00010 109648170
00010 110555784
00010 111622096
00010 112374248
00010 117458344
00010 119231010
00010 121076322
00010 121862542
00010 122953086
00010 123440816
00010 126505876
00010 127556356
00010 128351636
00010 128374356
00010 132486334
00010 132985188
00010 134587662
00010 134622848
00010 140572548
00010 144482642
00010 147290902
00010 151848944
00010 153321468
00010 156591046
00010 160235648
00010 162091480
00010 162183644
00010 165070452
00010 166804670
00010 167767330
00010 170924050
00010 171785858
00010 173756270
00010 174693370
00010 177997668
00010 179783206
00010 180654858
00010 181273138
00010 181863920
00010 185983436
00010 186927626
00010 187855944
00010 193678844
00010 203469914
00010 203910452
00010 204304146
00010 204421510
00010 207898622
00010 212903048
00010 215579990
00010 216722550
00010 216871678
00010 217180756
00010 219607614
00010 221938624
00010 223504998
00010 223588658
00010 223923280
00010 224398340
00010 225885826
00010 233459298
00010 236837158
00010 240109450
00010 242392408
00010 243464152
00010 250662754
00010 252051846
00010 254560508
00010 255559474
00010 256526370
00010 258623452
00010 259867162
00010 262627426
00010 264326352
00010 264369152
00010 267947620
00010 270203074
00010 271977578
00010 272741128
00010 273679564
00010 273738028
00010 281045274
00010 287434964
00010 288635672
00010 289271280
00010 290608078
00010 290690872
00010 291429230
00010 295817152
00010 299430938
00010 303559024
00010 305395990
00010 305548436
00010 307375160
00010 307834564
00010 309221028
00010 314414164
00010 319110690
00010 320849946
00010 325620172
00010 330885428
00010 330932158
00010 330983902
00010 333072396
00010 334174376
00010 334685428
00010 339788400
00010 340449366
00010 341022584
00010 341776590
00010 342256620
00010 345689660
00010 348719196
00010 349895906
00010 353955810
00010 357685722
00010 358388226
00010 358532070
00010 359491844
00010 359526774
00010 360180046
00010 362194214
00010 363822338
00010 364060212
00010 364422088
00010 364563782
00010 371171360
00010 372240558
00010 373182078
00010 378911400
00010 379879838
00010 380186666
00010 382009534
00010 383529284
00010 385818542
00010 388727684
00010 389541856
00010 390785654
00010 391016406
00010 391017892
00010 391159170
00010 395242472
00010 396451252
00010 397621234
00010 399067072
00010 403161934
00010 403605630
00010 403754310
00010 408253554
00010 411657424
00010 412913030
00010 415198176
00010 415759402
00010 418599754
00010 419808786
00010 420476616
00010 420853546
00010 422635234
00010 422847160
00010 423461348
00010 424705938
00010 426043470
00010 429808352
00010 430210600
00010 431419044
00010 432545430
00010 435309374
00010 435408116
00010 435776432
00010 439730548
00010 442995072
00010 443972152
00010 444145998
00010 452159594
00010 452474294
00010 454180622
00010 455396958
00010 458409968
00010 459518176
00010 461753882
00010 465895642
00010 468590602
00010 469750212
00010 472007824
00010 472777988
00010 475188698
00010 475425764
00010 476246282
00010 476796464
00010 478126710
00010 479192456
00010 480018612
00010 481070990
00010 482668654
00010 483321840
00010 483512438
00010 483671704
00010 484636400
00010 484760886
00010 487389734
00010 488144214
00010 489077452
00010 497504800
00010 500233516
00010 504913944
00010 511210662
00010 511848540
00010 513987050
00010 514892174
00010 519068390
00010 521393990
00010 522366968
00010 523115198
00010 524148782
00010 528031326
00010 528057294
00010 528064328
00010 529976086
00010 531756452
00010 532311800
00010 533181724
00010 534285126
00010 535050164
00010 535054544
00010 536538904
00010 541946934
00010 542704584
00010 544476870
00010 544804948
00010 546610098
00010 547408874
00010 548310314
00010 548778858
00010 549638696
00010 549955884
00010 554198560
00010 558945218
00010 558954664
00010 559754216
00010 560388902
00010 561665470
00010 565492816
00010 568731278
00010 571565782
00010 573680438
00010 575643304
00010 575797658
00010 582791282
00010 583336104
00010 583374532
00010 588276702
00010 589536314
00010 590207222
00010 590455642
00010 590765554
00010 591088596
00010 591519828
00010 592632104
00010 593288728
00010 597162060
00010 598278826
00010 598618354
00010 598873038
00010 603924372
00010 604758914
00010 604806176
00010 605050088
00010 605447538
00010 606342238
00010 606344444
00010 606366596
00010 609356452
00010 611771164
00010 612071026
00010 612528058
00010 614069284
00010 619500700
00010 619774166
00010 620718626
00010 623660160
00010 625212296
00010 625754006
00010 630868046
00010 631507118
00010 635046840
00010 636358514
00010 638908570
00010 641066498
00010 643898940
00010 645122700
00010 647284392
00010 650278396
00010 650279464
00010 650599104
00010 650963114
00010 651250330
00010 651310010
00010 652080372
00010 657912514
00010 659713458
00010 660664372
00010 661529266
00010 663889626
00010 664351588
00010 666839730
00010 672002028
00010 672470952
00010 672756348
00010 674589188
00010 677092338
00010 679839630
00010 682206244
00010 689204230
00010 691732958
00010 691735278
00010 693319810
00010 695729852
00010 699189520
00010 707027230
00010 708258438
00010 710920128
00010 722405936
00010 724677144
00010 724743602
00010 726900816
00010 727244772
00010 732910666
00010 733290588
00010 733562118
00010 738962012
00010 739978248
00010 740478892
00010 741480936
00010 742412724
00010 745502572
00010 757357926
00010 759308724
00010 760873400
00010 764928086
00010 765763764
00010 766498794
00010 768011812
00010 771139872
00010 774471676
00010 778251000
00010 783440114
00010 784765016
00010 785017834
00010 786786530
00010 786809718
00010 787408412
00010 788822850
00010 792340856
00010 793444940
00010 795043432
00010 797167272
00010 798389158
00010 799197610
00010 802302144
00010 807442720
00010 810963208
00010 813940874
00010 814149056
00010 815653670
00010 821639348
00010 822355250
00010 822847578
00010 828946250
00010 829583948
00010 831962874
00010 835663160
00010 840031104
00010 840750858
00010 854255746
00010 856115120
00010 857336622
00010 858126572
00010 860772204
00010 864224746
00010 865449994
00010 865997992
00010 867664468
00010 870209762
00010 872299772
00010 875728418
00010 880939518
00010 883874954
00010 889961872
00010 890467544
00010 892279122
00010 893551610
00010 893623954
00010 898135372
00010 902624170
00010 902625904
00010 904157862
00010 906516442
00010 910737056
00010 914749342
00010 925315854
00010 926284202
00010 927129790
00010 928732276
00010 928949130
00010 935834256
00010 937343532
00010 937349318
00010 946729678
00010 947761682
00010 947913076
00010 951029780
00010 952373438
00010 954554210
00010 954951218
00010 955854218
00010 957442066
00010 958627360
00010 958796536
00010 959373978
00010 959384746
00010 965889334
00010 968575886
00010 968781112
00010 974196438
00010 975585126
00010 981727902
00010 981834376
00010 983625628
00010 989713566
00010 992698592
00010 993131532
00010 994209436
00010 997504540
00010 997828768
00010 999846098
00010 1040856
00010 5024288
00010 6073836
00010 9734780
00010 15574390
00010 16359470
00010 19265606
00010 19579090
00010 21810182
00010 25518248
00010 26301314
00010 29750008
00010 31294188
00010 32809898
00010 33292056
00010 37797014
00010 42628744
00010 43256700
00010 45640446
00010 48631220
00010 48698712
00010 52626264
00010 54979682
00010 57122424
00010 58839764
00010 62320796
00010 64678618
00010 65573752
00010 69310250
00010 72308304
00010 73574162
00010 79788198
00010 80647782
00010 81817534
00010 82327512
00010 88436826
00010 89086522
00010 92857598
00010 93997812
00010 95370320
00010 96678688
00010 99109150
00010 100223984
00010 101597900
00010 103842820
00010 106449764
00010 107120356
00010 108168128
00010 109572392
00010 110273150
00010 114520814
00010 114711704
00010 115679172
00010 117625516
00010 117939598
00010 119858948
00010 120741938
00010 121450322
00010 123392656
00010 123973400
00010 124200484
00010 127352518
00010 128633656
00010 132336312
00010 133589806
00010 134804662
00010 134878438
00010 134987018
00010 135965722
00010 146175414
00010 148546122
00010 154252336
00010 157188224
00010 163531034
00010 165262370
00010 170138116
00010 175997770
00010 176274974
00010 176421904
00010 177724302
00010 179582726
00010 183465710
00010 185416252
00010 186407138
00010 186581348
00010 186597206
00010 188079984
00010 190540766
00010 193870254
00010 194293612
00010 197306210
00010 198576488
00010 198798936
00010 199928050
00010 201478214
00010 203695336
00010 204348140
00010 204421760
00010 204497544
00010 207094904
00010 207487356
00010 209824992
00010 210903194
00010 211259440
00010 212592098
00010 214970722
00010 215390596
00010 216855786
00010 218614560
00010 220018276
00010 223746646
00010 226397898
00010 233562320
00010 235597028
00010 236008024
00010 237352404
00010 238076496
00010 239622208
00010 241316388
00010 242282606
00010 243394242
00010 244927654
00010 250617968
00010 251228628
00010 252733518
00010 254938036
00010 257405702
00010 257779466
00010 257804916
00010 258230748
00010 261683464
00010 263713372
00010 270244798
00010 273743694
00010 275960512
00010 277548340
00010 279745446
00010 280885292
00010 282328618
00010 284538456
00010 284970732
00010 284973894
00010 287498406
00010 287869042
00010 289493884
00010 294985144
00010 295701404
00010 299694830
00010 300229612
00010 301771736
00010 303300672
00010 305727228
00010 305784018
00010 306355230
00010 307150968
00010 309279124
00010 312418928
00010 314450452
00010 315502744
00010 317497822
00010 319493010
00010 321063266
00010 323145142
00010 323181768
00010 323956716
00010 324606264
00010 327148188
00010 327662714
00010 327804126
00010 331248182
00010 332257138
00010 334463874
00010 337544814
00010 337602536
00010 340343814
00010 347806814
00010 350619704
00010 351888250
00010 354358224
00010 358673786
00010 360857072
00010 361476052
00010 366608144
00010 370724796
00010 371330946
00010 371653450
00010 373776684
00010 374686028
00010 378430152
00010 382970098
00010 383284482
00010 383398760
00010 384335426
00010 385090316
00010 386338566
00010 390122376
00010 391180994
00010 391659630
00010 391677472
00010 392053086
00010 393326698
00010 404254288
00010 405356878
00010 410379156
00010 411088746
00010 411589328
00010 412585874
00010 412657220
00010 417287948
00010 417947334
00010 420171210
00010 420511994
00010 420910248
00010 426308628
00010 427908854
00010 431382328
00010 433866914
00010 437091796
00010 437408530
00010 441897260
00010 443987680
00010 444189846
00010 444261590
00010 444783314
00010 445997850
00010 448103534
00010 448149408
00010 452004982
00010 452325254
00010 456666412
00010 457513900
00010 458814764
00010 460334922
00010 463724010
00010 470389794
00010 473780596
00010 473860594
00010 476542614
00010 476695290
00010 480151896
00010 481836996
00010 482667068
00010 484490096
00010 490761722
00010 492911882
00010 493907212
00010 496600904
00010 503380700
00010 505952410
00010 510121816
00010 511328892
00010 516220614
00010 517536478
00010 519026160
00010 526221714
00010 527635958
00010 528362396
00010 528373084
00010 531795184
00010 533670814
00010 536891012
00010 537248086
00010 538521954
00010 541781520
00010 543595364
00010 546610562
00010 546831354
00010 547928408
00010 548516310
00010 554555046
00010 558044728
00010 560798020
00010 563695026
00010 563975768
00010 567610308
00010 570608964
00010 570721096
00010 570808798
00010 571231262
00010 571308844
00010 575403162
00010 577621048
00010 579451278
00010 580362324
00010 584734000
00010 589210026
00010 589875522
00010 589878990
00010 590387618
00010 591820548
00010 593600536
00010 594749744
00010 599368830
00010 600197106
00010 603603826
00010 608666864
00010 614789710
00010 617835244
00010 618517374
00010 620791210
00010 621044614
00010 622668566
00010 624197412
00010 625009120
00010 625106094
00010 626305386
00010 627190158
00010 629233398
00010 643311162
00010 643700440
00010 644979036
00010 648166782
00010 648519742
00010 649336494
00010 650309538
00010 650473884
00010 652296236
00010 654922308
00010 656189570
00010 660164860
00010 661119390
00010 664165664
00010 665280968
00010 668357486
00010 669000810
00010 669190574
00010 669673790
00010 671312864
00010 674196510
00010 676210944
00010 678301420
00010 681637380
00010 683620952
00010 683978938
00010 684040886
00010 688181274
00010 689232850
00010 689975320
00010 701028072
00010 702133460
00010 709275806
00010 709620066
00010 711741038
00010 713397880
00010 713997272
00010 717557998
00010 719595418
00010 720471020
00010 725590666
00010 733600218
00010 737125246
00010 740740568
00010 741894378
00010 743344110
00010 743367948
00010 751165702
00010 753127268
00010 753226270
00010 753341034
00010 754155150
00010 757086182
00010 758449664
00010 758603650
00010 758689694
00010 761329826
00010 763568096
00010 764577628
00010 766221912
00010 766850922
00010 770338838
00010 774350558
00010 776655908
00010 777778934
00010 779702202
00010 782066192
00010 783565000
00010 786192432
00010 791502930
00010 791785260
00010 792634082
00010 795496862
00010 800353430
00010 801682856
00010 803871790
00010 807070354
00010 807649932
00010 809160084
00010 809994272
00010 811414472
00010 811443936
00010 814471094
00010 819735888
00010 823711972
00010 823998688
00010 826257156
00010 826883576
00010 827185250
00010 833275692
00010 836215764
00010 838077692
00010 838576070
00010 840768420
00010 840808334
00010 841199236
00010 846000552
00010 847223006
00010 847413408
00010 848499002
00010 848631942
00010 848729444
00010 849653132
00010 850300522
00010 850641802
00010 851160336
00010 854402500
00010 857469846
00010 857903490
00010 858212796
00010 859042298
00010 861191650
00010 864200230
00010 872412962
00010 873247076
00010 874285140
00010 875132364
00010 877782030
00010 880552836
00010 881849252
00010 883368686
00010 883860822
00010 885807170
00010 885982198
00010 887588920
00010 887818170
00010 893558532
00010 894553070
00010 895345088
00010 896978572
00010 899116224
00010 899506660
00010 899665222
00010 899681726
00010 900144462
00010 900212362
00010 900878334
00010 903608044
00010 904818824
00010 905125708
00010 905902346
00010 906905186
00010 907295458
00010 907721302
00010 908104946
00010 908731656
00010 909756840
00010 911957486
00010 917504558
00010 923443676
00010 924551414
00010 926282026
00010 927820732
00010 928623902
00010 930655114
00010 930896148
00010 933010754
00010 933532266
00010 933695790
00010 935267544
00010 935581048
00010 938156648
00010 938975046
00010 941224278
00010 942573736
00010 942705724
00010 944252172
00010 948577282
00010 950059404
00010 953909342
00010 954354964
00010 954841688
00010 958797604
00010 960124914
00010 961382422
00010 961454878
00010 963389260
00010 963567150
00010 966301496
00010 966542790
00010 969069338
00010 969823108
00010 971339176
00010 977048062
00010 978666382
00010 979432572
00010 983034670
00010 983777402
00010 986018384
00010 989353246
00010 990105614
00010 995848922
00010 996993440
00010 999096754
00010 1779274
00010 1783248
00010 1816490
00010 3019474
00010 10684280
00010 14760992
00010 15024330
00010 17860180
00010 18744760
00010 21703496
00010 26386790
00010 28383598
00010 28532764
00010 32137434
00010 32979150
00010 34087282
00010 35005516
00010 37539214
00010 43169370
00010 44059468
00010 48351124
00010 51885772
00010 51959202
00010 54631634
00010 54666918
00010 55298656
00010 56534356
00010 59748290
00010 59772004
00010 63708616
00010 65208030
00010 65622404
00010 66756294
00010 66965230
00010 68082438
00010 69217314
00010 71591346
00010 73393548
00010 74963844
00010 75682654
00010 79996930
00010 82025378
00010 84437688
00010 87612522
00010 89335044
00010 90355638
00010 91024012
00010 93054840
00010 93203490
00010 95107774
00010 101333140
00010 102427160
00010 102516344
00010 103432162
00010 105598998
00010 108081904
00010 110344060
00010 110730134
00010 111750908
00010 117257934
00010 118403944
00010 118590472
00010 122343306
00010 129862360
00010 131323160
00010 131920720
00010 138894104
00010 139810334
00010 140348152
00010 145067360
00010 147221822
00010 148456160
00010 149744188
00010 155760048
00010 157991402
00010 158759716
00010 159405544
00010 161329464
00010 164072962
00010 167291068
00010 169680000
00010 173618344
00010 175451620
00010 175813244
00010 178061438
00010 178346700
00010 179386186
00010 181122426
00010 182061036
00010 186687458
00010 189277610
00010 189676060
00010 191833248
00010 194136994
00010 195604316
00010 196460738
00010 196885998
00010 199031178
00010 200552630
00010 210685240
00010 213648532
00010 216072878
00010 220121056
00010 227268280
00010 229423952
00010 232276234
00010 237727794
00010 238333898
00010 238792524
00010 239004228
00010 239092542
00010 241043040
00010 244494860
00010 245635970
00010 246563762
00010 248452104
00010 250362694
00010 250393888
00010 252223770
00010 255803360
00010 259062366
00010 261413804
00010 276401336
00010 277231398
00010 280405310
00010 283056020
00010 285612784
00010 286079148
00010 287109010
00010 289706050
00010 290640612
00010 294332768
00010 294700664
00010 295112730
00010 296829056
00010 296872638
00010 300944414
00010 302533176
00010 303049980
00010 308005488
00010 308014324
00010 312783982
00010 314475526
00010 317385494
00010 320376876
00010 320693496
00010 322976728
00010 325634076
00010 326041882
00010 326553712
00010 327181560
00010 332251106
00010 332434556
00010 333423794
00010 335177558
00010 338586918
00010 339164760
00010 341764108
00010 343064154
00010 343466662
00010 348991830
00010 350237718
00010 352413798
00010 359391494
00010 359663150
00010 359947234
00010 360273946
00010 361028342
00010 363691246
00010 363925342
00010 367022252
00010 367180698
00010 369152040
00010 370375778
00010 376073530
00010 376284598
00010 378390848
00010 379273110
00010 380376756
00010 380762944
00010 382386524
00010 387362712
00010 392339072
00010 393125428
00010 395689944
00010 399420434
00010 404364778
00010 405449268
00010 406838352
00010 407473918
00010 408386220
00010 408553544
00010 410270712
00010 414247260
00010 417565992
00010 418253314
00010 418437866
00010 421044630
00010 421153060
00010 422704032
00010 423393704
00010 423441546
00010 424106070
00010 425539710
00010 426120222
00010 426154246
00010 429736206
00010 436693388
00010 436696086
00010 441101712
00010 443176356
00010 448011304
00010 450605968
00010 456909212
00010 458344708
00010 459681052
00010 463240522
00010 468953026
00010 472227946
00010 476513186
00010 476894626
00010 477476802
00010 477529974
00010 479210768
00010 481722004
00010 486164410
00010 486625060
00010 496445638
00010 498392704
00010 503710284
00010 505612744
00010 516506700
00010 516591926
00010 517761996
00010 519045352
00010 534128406
00010 534422172
00010 534427950
00010 534916776
00010 535283572
00010 536799068
00010 538072530
00010 538202198
00010 539988634
00010 541965258
00010 542017024
00010 542070094
00010 542073280
00010 551189250
00010 551194224
00010 555071862
00010 555856538
00010 556200634
00010 556791510
00010 557756966
00010 559013882
00010 560747538
00010 564247560
00010 566043490
00010 571412624
00010 578186716
00010 584352244
00010 584995554
00010 588438976
00010 588690410
00010 588827982
00010 593900458
00010 595052360
00010 596528218
00010 597608586
00010 601751588
00010 610617800
00010 611635016
00010 611647014
00010 612868534
00010 613887284
00010 615976168
00010 616313888
00010 621346754
00010 622876184
00010 623265012
00010 627490414
00010 631704770
00010 634572426
00010 637126192
00010 638055260
00010 640782794
00010 642649734
00010 644052608
00010 644152654
00010 646520006
00010 651302332
00010 651877630
00010 653140328
00010 655793434
00010 657752492
00010 659247734
00010 660987040
00010 661448026
00010 662216336
00010 662985304
00010 670089570
00010 683725722
00010 684377568
00010 690060698
00010 690926696
00010 692471530
00010 693105834
00010 693657324
00010 695919054
00010 696933408
00010 698638122
00010 700387332
00010 701084772
00010 704696970
00010 706299358
00010 711150714
00010 712668726
00010 717603730
00010 717859884
00010 718225744
00010 721390538
00010 723701560
00010 729189928
00010 729216868
00010 730653990
00010 730674086
00010 737190922
00010 737581670
00010 741003000
00010 745920154
00010 748555098
00010 751195364
00010 751675478
00010 752084310
00010 755066498
00010 765656110
00010 765934922
00010 766501024
00010 770771828
00010 771953612
00010 772546288
00010 774333840
00010 782019672
00010 782027896
00010 783628994
00010 784710078
00010 786082084
00010 791553518
00010 792280876
00010 794761916
00010 800127318
00010 801656074
00010 801929252
00010 806962826
00010 810370978
00010 812231466
00010 813301122
00010 813424890
00010 813428480
00010 814549664
00010 824026752
00010 824719916
00010 825352596
00010 826299868
00010 827458688
00010 830220226
00010 834574694
00010 836116110
00010 838324906
00010 842290616
00010 846813614
00010 848671508
00010 849438512
00010 850024742
00010 853839918
00010 854203250
00010 854255756
00010 854435170
00010 854622502
00010 857184938
00010 860993126
00010 863002310
00010 864393538
00010 871286434
00010 876139950
00010 877703884
00010 879177636
00010 883196368
00010 883478518
00010 886020778
00010 886692286
00010 886895808
00010 887358936
00010 889544362
00010 890274852
00010 890389746
00010 893044508
00010 894633160
00010 896114544
00010 896239578
00010 901176308
00010 905900476
00010 906288150
00010 907878952
00010 911542458
00010 911981962
00010 912610438
00010 912653544
00010 916554160
00010 917832400
00010 922610540
00010 922718042
00010 922776914
00010 928744218
00010 929404506
00010 930176430
00010 932016538
00010 932849846
00010 940464190
00010 941101458
00010 942966666
00010 946195040
00010 946202382
00010 948033534
00010 953711640
00010 955676024
00010 956006406
00010 958750394
00010 959040118
00010 963758760
00010 964588250
00010 966810702
00010 967555460
00010 967912406
00010 968746176
00010 968896188
00010 974394482
00010 976536882
00010 981238062
00010 981698852
00010 983786558
00010 985678264
00010 987425794
00010 992018142
00010 994369052
00010 999150040
