00010 217170
00010 2481690
00010 2541608
00010 4343476
00010 7143664
00010 8501530
00010 8612602
00010 11564030
00010 11659258
00010 19038696
00010 20069596
00010 20918382
00010 21497618
00010 23397410
00010 24765296
00010 25330500
00010 28603742
00010 28765200
00010 35230046
00010 35466670
00010 36752074
00010 43260152
00010 43902038
00010 44655384
00010 45732226
00010 47338976
00010 48953482
00010 49568166
00010 52813138
00010 53971066
00010 57539990
00010 57575486
00010 57644392
00010 59115832
00010 60676972
00010 67437194
00010 69174714
00010 69310452
00010 74496630
00010 74937618
00010 76535076
00010 78586648
00010 79077708
00010 80113442
00010 81488096
00010 83293420
00010 85145450
00010 92568844
00010 93274530
00010 94711818
00010 97897424
00010 97913688
00010 98014666
00010 99411250
00010 100307834
00010 101523350
00010 102351540
00010 102678464
00010 105383740
00010 108289198
00010 110529122
00010 113945690
00010 121896632
00010 123295676
00010 123840448
00010 127164572
00010 130371774
00010 131909760
00010 132858350
00010 135275222
00010 135535384
00010 136406914
00010 140719878
00010 147199802
00010 147413004
00010 147715410
00010 149341676
00010 150262256
00010 150746832
00010 153842574
00010 156252058
00010 156382368
00010 160259090
00010 160705168
00010 163298432
00010 166358296
00010 167989544
00010 174017018
00010 175067692
00010 179626768
00010 179940576
00010 179967344
00010 181078426
00010 182295358
00010 183618426
00010 184267400
00010 187327478
00010 192393044
00010 194660472
00010 195207848
00010 195246328
00010 196863858
00010 203314974
00010 206692300
00010 211442716
00010 213502286
00010 213828950
00010 214456754
00010 214470148
00010 215336614
00010 216135912
00010 221263574
00010 223241222
00010 223925302
00010 225739590
00010 232114612
00010 232854566
00010 234724174
00010 235979950
00010 238178200
00010 244471458
00010 244736022
00010 246273884
00010 250344462
00010 253723282
00010 256530812
00010 260955294
00010 267300492
00010 270683600
00010 271873506
00010 272073424
00010 274963866
00010 278652668
00010 278758074
00010 279222968
00010 279674402
00010 279847372
00010 282777612
00010 284159962
00010 285423512
00010 287511550
00010 291460290
00010 291905288
00010 291917024
00010 297474252
00010 297726856
00010 302320136
00010 304897090
00010 306273946
00010 306276454
00010 307312862
00010 310663858
00010 315801860
00010 318195802
00010 321503340
00010 323407676
00010 326263066
00010 327099230
00010 327129220
00010 327243424
00010 327573874
00010 328877228
00010 329473930
00010 329821866
00010 333511634
00010 340344120
00010 340997488
00010 341682104
00010 342267306
00010 342283360
00010 342310988
00010 345375674
00010 345871482
00010 346681838
00010 348729470
00010 351653432
00010 360502432
00010 364434804
00010 364441538
00010 366488802
00010 367012606
00010 367703996
00010 369265656
00010 370590536
00010 374373902
00010 375137832
00010 377709682
00010 377763414
00010 378737602
00010 383584048
00010 384062796
00010 386595362
00010 388427674
00010 388428862
00010 392732778
00010 395495554
00010 397862050
00010 399148880
00010 403108710
00010 405005480
00010 405082632
00010 407394222
00010 407809390
00010 408940018
00010 409036158
00010 412102230
00010 415579186
00010 415666840
00010 416717462
00010 417973086
00010 418890344
00010 429211230
00010 431375956
00010 431571094
00010 433120492
00010 433831288
00010 435540386
00010 437458988
00010 440188982
00010 441299934
00010 443078066
00010 446094068
00010 452838022
00010 452869788
00010 452938374
00010 453005698
00010 454206396
00010 454771906
00010 455433578
00010 461591816
00010 466627526
00010 467355516
00010 470780726
00010 472162304
00010 472782048
00010 474214700
00010 477568828
00010 482020462
00010 482112468
00010 483187402
00010 485281662
00010 491548290
00010 492026232
00010 494192114
00010 495248646
00010 495882614
00010 497471696
00010 499566766
00010 500770578
00010 502919692
00010 503127518
00010 504025102
00010 504927362
00010 507922632
00010 508096704
00010 508188750
00010 508336856
00010 510484984
00010 512733622
00010 513404098
00010 513535212
00010 516230478
00010 516594408
00010 519342302
00010 520113682
00010 521743250
00010 523202310
00010 523317586
00010 523770810
00010 524152374
00010 530917342
00010 530989548
00010 531511336
00010 534686370
00010 537144742
00010 541028640
00010 545427918
00010 549710880
00010 551262036
00010 551372098
00010 551394496
00010 551395834
00010 553978286
00010 555830392
00010 557402960
00010 558057772
00010 559539400
00010 560326392
00010 566317770
00010 566589606
00010 568889724
00010 569041462
00010 570528814
00010 571040106
00010 574338728
00010 574369240
00010 576506892
00010 577431532
00010 578667194
00010 581245306
00010 585129134
00010 585283812
00010 588300614
00010 589162400
00010 589728010
00010 592312248
00010 593359322
00010 595769118
00010 605498802
00010 606414516
00010 608554210
00010 613179936
00010 613518468
00010 619786444
00010 624856380
00010 627399348
00010 627767206
00010 629703978
00010 633242004
00010 635553074
00010 637363530
00010 639493464
00010 640380726
00010 642943896
00010 646149598
00010 649545796
00010 650368964
00010 651436574
00010 652285802
00010 653092402
00010 654044426
00010 656382366
00010 657159430
00010 657599758
00010 658247830
00010 658374600
00010 661625740
00010 661862978
00010 666809146
00010 668033682
00010 669202450
00010 671303544
00010 671677414
00010 673189022
00010 676066468
00010 681636560
00010 684989230
00010 685429836
00010 691427864
00010 692282628
00010 698417532
00010 698747392
00010 699432434
00010 700581796
00010 701127274
00010 701572070
00010 701793940
00010 703221838
00010 706808170
00010 711056910
00010 716749022
00010 721352556
00010 722057168
00010 731077912
00010 731325442
00010 732485842
00010 734786628
00010 735333666
00010 736586414
00010 740399178
00010 743580730
00010 747544402
00010 758300616
00010 758361464
00010 761120794
00010 761821830
00010 761825146
00010 763134478
00010 763906544
00010 769694700
00010 771721282
00010 774948654
00010 776315162
00010 779380396
00010 780403044
00010 784085798
00010 791888284
00010 797044152
00010 797817070
00010 801913400
00010 803198804
00010 809913554
00010 810795938
00010 813266802
00010 814847370
00010 815376074
00010 815752610
00010 816182152
00010 820575750
00010 822351130
00010 824642398
00010 825106244
00010 825327142
00010 828801464
00010 829898332
00010 830320858
00010 830665260
00010 831636738
00010 832825326
00010 837738434
00010 845375926
00010 848313072
00010 850740380
00010 851321644
00010 851566342
00010 855501244
00010 856069942
00010 856775558
00010 857352040
00010 857435012
00010 858803930
00010 859355076
00010 859522100
00010 859952248
00010 866428082
00010 868513470
00010 869463904
00010 870300962
00010 873974434
00010 874592526
00010 874782244
00010 878117258
00010 878620282
00010 885334070
00010 891205546
00010 892272136
00010 894245884
00010 894446384
00010 900667776
00010 901742694
00010 902399810
00010 902484954
00010 902638116
00010 903233198
00010 904633178
00010 905785928
00010 914513338
00010 919276188
00010 920052692
00010 921415434
00010 925177546
00010 925324932
00010 932418578
00010 932657160
00010 938324524
00010 939771202
00010 941739424
00010 944323066
00010 944377650
00010 945354186
00010 945462950
00010 948305806
00010 949678864
00010 953936410
00010 953973988
00010 955917752
00010 960913138
00010 964221412
00010 967288532
00010 968653826
00010 972705170
00010 975840596
00010 976156258
00010 978227322
00010 979818434
00010 980758472
00010 981423318
00010 982865782
00010 985678404
00010 989143850
00010 989196994
00010 992163940
00010 994314786
00010 995406132
00010 996036662
00010 1739662
00010 4748850
00010 8688910
00010 11303040
00010 11412612
00010 12661094
00010 12827138
00010 13592308
00010 19464170
00010 20338018
00010 20939022
00010 22690782
00010 24561718
00010 25828666
00010 28676108
00010 29632952
00010 30040928
00010 31329198
00010 32350586
00010 33575708
00010 34154178
00010 40775812
00010 43944792
00010 45513608
00010 45837912
00010 48043204
00010 50290836
00010 50316774
00010 54307478
00010 57088166
00010 62938704
00010 64869638
00010 65466870
00010 66511114
00010 66667408
00010 67904594
00010 68228310
00010 70899304
00010 76650696
00010 76784812
00010 78044012
00010 78101290
00010 80011374
00010 80196800
00010 83538624
00010 83571578
00010 85457472
00010 86342970
00010 95346594
00010 97726844
00010 98809034
00010 101465036
00010 101599240
00010 102947496
00010 103746332
00010 103911936
00010 105132450
00010 106837730
00010 109764310
00010 112157864
00010 114258958
00010 114733352
00010 116332486
00010 117235204
00010 118776284
00010 119751884
00010 120619312
00010 122114696
00010 122140934
00010 123126410
00010 123183218
00010 129217730
00010 129701694
00010 130195046
00010 132420808
00010 132424348
00010 134702800
00010 137101750
00010 138960054
00010 141183326
00010 148328022
00010 152048516
00010 152360436
00010 152824100
00010 154123656
00010 156230794
00010 157023882
00010 157864814
00010 160755318
00010 160983212
00010 161484858
00010 162728926
00010 164917756
00010 167894528
00010 174964460
00010 176899026
00010 176903306
00010 179050622
00010 183965626
00010 185186072
00010 186888636
00010 189467188
00010 191409558
00010 195055480
00010 197580458
00010 201339988
00010 202695012
00010 203561526
00010 209784112
00010 210480754
00010 211266804
00010 214378214
00010 214486290
00010 214804488
00010 216174590
00010 216606094
00010 217489126
00010 223148470
00010 224724200
00010 227974496
00010 229740494
00010 230219662
00010 232914266
00010 234304062
00010 236341328
00010 238701866
00010 239706434
00010 240227294
00010 240292632
00010 240624182
00010 241477680
00010 241551680
00010 243908124
00010 245396194
00010 250538192
00010 250658942
00010 251997042
00010 252625586
00010 255913778
00010 258380622
00010 258507754
00010 268798762
00010 270129296
00010 270228580
00010 271634104
00010 274624058
00010 276359962
00010 277293496
00010 278533398
00010 280332466
00010 280473116
00010 280781316
00010 286095130
00010 286725616
00010 288857010
00010 292000838
00010 293758226
00010 294174150
00010 298144732
00010 304868892
00010 306779988
00010 309173842
00010 309589450
00010 310961554
00010 315508840
00010 315514658
00010 316259546
00010 318604672
00010 319305372
00010 319562452
00010 320443704
00010 320637664
00010 332231000
00010 337270856
00010 338878608
00010 338885544
00010 343962266
00010 346722316
00010 348397346
00010 357869362
00010 359505520
00010 360939804
00010 361228196
00010 361515422
00010 363607008
00010 367235372
00010 367844800
00010 369138630
00010 374453330
00010 375547644
00010 376226636
00010 377419330
00010 379844332
00010 381582246
00010 383581064
00010 384849996
00010 387862962
00010 389996440
00010 391334646
00010 391346370
00010 395647042
00010 397801448
00010 398149468
00010 398594286
00010 401764034
00010 403643320
00010 403854402
00010 404827686
00010 405102230
00010 408278610
00010 412133270
00010 412431408
00010 415344842
00010 420289920
00010 421069442
00010 421796498
00010 421831278
00010 428841978
00010 436153892
00010 438807492
00010 440158248
00010 440649040
00010 442618986
00010 446795518
00010 446796932
00010 447272118
00010 447675250
00010 447811134
00010 448410418
00010 452834964
00010 454494528
00010 460491740
00010 461286796
00010 461384254
00010 463986240
00010 464869398
00010 465750336
00010 466887586
00010 467229560
00010 467468972
00010 469631960
00010 470723318
00010 471250670
00010 472339896
00010 477020884
00010 477790692
00010 480634016
00010 481495610
00010 482086340
00010 482634184
00010 484824128
00010 485310816
00010 487451330
00010 489038342
00010 492877244
00010 496216576
00010 496223732
00010 496265664
00010 498823762
00010 505347870
00010 505474824
00010 506841652
00010 510337288
00010 512265230
00010 513685770
00010 517163972
00010 518102944
00010 521092792
00010 521805666
00010 523780896
00010 524455018
00010 525590624
00010 527074958
00010 527829828
00010 529880172
00010 530616102
00010 538313000
00010 540799346
00010 542171818
00010 543796668
00010 544662768
00010 545185698
00010 545459664
00010 548627914
00010 549064176
00010 556024576
00010 559840462
00010 560344102
00010 561880210
00010 562472524
00010 567208082
00010 569807780
00010 576904098
00010 577666410
00010 577787754
00010 578084876
00010 580016264
00010 584429452
00010 586585168
00010 587356364
00010 588343324
00010 590620956
00010 591158330
00010 597450620
00010 598659160
00010 599555582
00010 601199216
00010 605077824
00010 605203512
00010 607803542
00010 616292980
00010 616582996
00010 617634306
00010 618236486
00010 618529110
00010 618703172
00010 618715464
00010 619462276
00010 620779526
00010 627594012
00010 629020302
00010 629388010
00010 635444126
00010 636669402
00010 637258654
00010 639975556
00010 640517970
00010 645974432
00010 659584600
00010 665258998
00010 667448930
00010 669618444
00010 670614156
00010 672458798
00010 673379650
00010 675114444
00010 677079354
00010 677213340
00010 677288422
00010 677874728
00010 686244600
00010 686605658
00010 687667196
00010 690876088
00010 694357972
00010 694929290
00010 695653072
00010 696663608
00010 696943692
00010 697525986
00010 697683578
00010 697737086
00010 698671572
00010 698715376
00010 700445570
00010 704717628
00010 708075956
00010 709214222
00010 709369422
00010 714120868
00010 723713504
00010 726330860
00010 727537606
00010 728035098
00010 730234184
00010 730536798
00010 734132274
00010 734493972
00010 736574376
00010 736991274
00010 738234520
00010 738762454
00010 744240144
00010 746954378
00010 753021398
00010 753802392
00010 754931094
00010 756455986
00010 758827958
00010 758948946
00010 761061186
00010 761689082
00010 762452168
00010 762703576
00010 763994950
00010 764424486
00010 765475240
00010 766322574
00010 775075204
00010 776446162
00010 776466338
00010 781553732
00010 784539154
00010 785337172
00010 787594464
00010 791528878
00010 791727002
00010 792414464
00010 793081194
00010 795909418
00010 801837018
00010 807005262
00010 807162624
00010 812889100
00010 814994006
00010 819346010
00010 824384362
00010 825109678
00010 826843092
00010 827886834
00010 828497920
00010 828934204
00010 831391894
00010 838424342
00010 838589512
00010 839249062
00010 840117182
00010 842525152
00010 843751190
00010 844107562
00010 844339212
00010 845858424
00010 847425346
00010 848871814
00010 850603018
00010 852512194
00010 853183784
00010 854417454
00010 855193980
00010 855917042
00010 858152548
00010 862396014
00010 866817206
00010 869681780
00010 870102070
00010 870540926
00010 873817876
00010 874078652
00010 874853124
00010 876454322
00010 877286154
00010 879434584
00010 881309182
00010 881502732
00010 882216028
00010 882403284
00010 884955130
00010 885029722
00010 885389296
00010 886107032
00010 891836284
00010 894487176
00010 896076404
00010 897791012
00010 900832412
00010 901154660
00010 901155914
00010 902342464
00010 903595258
00010 904538486
00010 905348722
00010 906243450
00010 906535772
00010 906907210
00010 908970796
00010 910665852
00010 914326160
00010 915072030
00010 916568728
00010 917750828
00010 917785548
00010 920434160
00010 921182066
00010 922797778
00010 922799488
00010 923460574
00010 923998736
00010 924895622
00010 927416772
00010 928912798
00010 931965222
00010 933276990
00010 934948432
00010 935496568
00010 935618604
00010 935997254
00010 936096506
00010 938740226
00010 941318852
00010 943752452
00010 947016862
00010 949644750
00010 950851808
00010 951217708
00010 957324404
00010 960717354
00010 961626340
00010 965797262
00010 965991818
00010 966015128
00010 966398898
00010 968252710
00010 973044478
00010 974745630
00010 977952194
00010 979249792
00010 980156726
00010 980340500
00010 982175278
00010 984174828
00010 984829974
00010 987164250
00010 987170014
00010 987705524
00010 988871120
00010 991073658
00010 994798376
00010 997949940
00010 2685812
00010 8264276
00010 9651296
00010 11023078
00010 12172274
00010 13202756
00010 13355944
00010 15445634
00010 22552376
00010 23236334
00010 27481576
00010 29449928
00010 31616222
00010 34618102
00010 34971416
00010 36856234
00010 39071068
00010 39698516
00010 41039532
00010 42020012
00010 42777966
00010 47602262
00010 48433234
00010 49105392
00010 49511312
00010 62703374
00010 62826460
00010 65304652
00010 67795242
00010 72735574
00010 78170440
00010 79497568
00010 80259602
00010 80420734
00010 82511502
00010 83373718
00010 83560268
00010 84846946
00010 87780820
00010 88258530
00010 88902094
00010 89251384
00010 95660048
00010 97303146
00010 97651982
00010 99657826
00010 100119162
00010 102073652
00010 103255628
00010 103898892
00010 104599714
00010 106580654
00010 107061914
00010 108344814
00010 108347650
00010 113261538
00010 113309898
00010 113558304
00010 113592754
00010 113655926
00010 116376934
00010 120722242
00010 125166010
00010 125915088
00010 126458640
00010 127859874
00010 128388902
00010 131796968
00010 132539786
00010 135419682
00010 136968950
00010 137391530
00010 139548464
00010 140213920
00010 140786106
00010 146685374
00010 148217816
00010 153444276
00010 156117404
00010 158303050
00010 159065622
00010 159329694
00010 159352876
00010 159416056
00010 161473430
00010 162585084
00010 163894214
00010 165571638
00010 167434060
00010 170328018
00010 171639808
00010 172665608
00010 173992888
00010 174235200
00010 175517196
00010 176148762
00010 177777512
00010 178038718
00010 181734088
00010 185394480
00010 185512904
00010 191283984
00010 198406462
00010 200251304
00010 202765518
00010 203267628
00010 203998640
00010 208023968
00010 210324246
00010 211418152
00010 215270268
00010 216324330
00010 219417414
00010 219905852
00010 222362078
00010 222850316
00010 224184724
00010 226701070
00010 230784036
00010 231924726
00010 233832646
00010 234702058
00010 237604826
00010 238417754
00010 239902496
00010 243976168
00010 244460256
00010 246397018
00010 249833626
00010 253463596
00010 256679336
00010 257512960
00010 260462444
00010 262824904
00010 263944188
00010 268363120
00010 271152840
00010 272540742
00010 272697252
00010 274563460
00010 275111340
00010 276092060
00010 276976626
00010 281618984
00010 282077182
00010 283186194
00010 286265034
00010 288243626
00010 289211414
00010 293584756
00010 296263100
00010 297085686
00010 299505642
00010 303307996
00010 303633152
00010 307396772
00010 307873806
00010 308521964
00010 310760610
00010 314615688
00010 315746640
00010 319148392
00010 320590588
00010 320740868
00010 321847766
00010 324992372
00010 328162588
00010 335503482
00010 335896240
00010 336492922
00010 340650772
00010 341300666
00010 347079134
00010 348477390
00010 349359702
00010 355274194
00010 355290380
00010 355726684
00010 362727722
00010 365480658
00010 366830290
00010 366900828
00010 368062924
00010 368664960
00010 370390002
00010 371037918
00010 375390760
00010 375472604
00010 375522450
00010 376992678
00010 377288810
00010 377317944
00010 379729034
00010 382881612
00010 383145024
00010 384249528
00010 385771424
00010 387499364
00010 390562420
00010 390568270
00010 392928592
00010 398435976
00010 398868262
00010 402854186
00010 403204932
00010 406855370
00010 408349552
00010 414140820
00010 426703744
00010 428248360
00010 430269168
00010 432119200
00010 432499146
00010 435078714
00010 435246792
00010 435742382
00010 436796128
00010 437227650
00010 437570020
00010 442321306
00010 447060934
00010 448720666
00010 449115028
00010 451464934
00010 451873794
00010 452051990
00010 458073618
00010 462257660
00010 466424846
00010 466605960
00010 466897226
00010 473642558
00010 476785450
00010 476789628
00010 477800162
00010 482725182
00010 483161722
00010 483917768
00010 488992346
00010 489488156
00010 491132088
00010 494035928
00010 494122636
00010 496707334
00010 499032790
00010 502067256
00010 505071340
00010 505341576
00010 506522472
00010 507950210
00010 508407132
00010 509286358
00010 510570066
00010 510985342
00010 511674070
00010 514877148
00010 515066122
00010 515755188
00010 517834258
00010 523568308
00010 523753036
00010 526483130
00010 528251994
00010 532305190
00010 535571308
00010 538011252
00010 543399070
00010 544159732
00010 544381126
00010 546439476
00010 548597524
00010 551674520
00010 552104322
00010 552542156
00010 553582906
00010 553910290
00010 557100606
00010 557745562
00010 562590984
00010 563818794
00010 566586486
00010 568046970
00010 568437936
00010 573027094
00010 573528590
00010 582865474
00010 586537304
00010 586580520
00010 587459190
00010 590376730
00010 590620220
00010 590833206
00010 591787350
00010 594483366
00010 596359188
00010 599404134
00010 599715402
00010 600860730
00010 603002992
00010 606332250
00010 606333514
00010 606397356
00010 608302772
00010 608845240
00010 608919600
00010 612208646
00010 615734324
00010 616167418
00010 616469836
00010 617553164
00010 617608350
00010 618537412
00010 620256868
00010 620694482
00010 625883834
00010 626916176
00010 628925886
00010 630016526
00010 632188038
00010 633552592
00010 635291792
00010 638022080
00010 640250646
00010 640281928
00010 646113690
00010 647370402
00010 649043060
00010 649896864
00010 655110458
00010 655172202
00010 655652186
00010 657538000
00010 664299344
00010 664378572
00010 664750708
00010 665266098
00010 665596430
00010 665999674
00010 675690598
00010 678664624
00010 679437714
00010 680845032
00010 681494108
00010 691692376
00010 691985146
00010 700293680
00010 703316622
00010 706959192
00010 708865982
00010 710157838
00010 714363744
00010 714467246
00010 715387274
00010 717428996
00010 719311630
00010 719637126
00010 720510770
00010 721870806
00010 723834524
00010 725936664
00010 727422086
00010 729376294
00010 730267412
00010 731078780
00010 731805160
00010 733088908
00010 740764294
00010 745244314
00010 749915434
00010 750984630
00010 753518444
00010 755195806
00010 756209466
00010 757053068
00010 759443306
00010 761069852
00010 761635988
00010 761867218
00010 767463408
00010 767544786
00010 767988588
00010 768056666
00010 768791466
00010 769472980
00010 769968592
00010 770330080
00010 772398908
00010 772438702
00010 782329888
00010 782333204
00010 783249582
00010 783631764
00010 784690972
00010 784856920
00010 785139072
00010 785405480
00010 786976662
00010 788099142
00010 788180486
00010 791370988
00010 792837052
00010 795621032
00010 807720212
00010 808873758
00010 809203562
00010 809963840
00010 811053466
00010 811126614
00010 811563468
00010 812714204
00010 813422526
00010 815018576
00010 815407262
00010 815520098
00010 815774218
00010 815843982
00010 820443482
00010 822421656
00010 822895624
00010 824268256
00010 824632206
00010 826582568
00010 827560360
00010 828031582
00010 828181664
00010 830750452
00010 831349144
00010 831526174
00010 833100794
00010 835910100
00010 836282322
00010 839011074
00010 840168396
00010 840280012
00010 840395082
00010 840489690
00010 841448908
00010 841465140
00010 842621284
00010 846308984
00010 846847346
00010 847714648
00010 847811594
00010 848098766
00010 850666592
00010 851128172
00010 852397912
00010 857416972
00010 859156930
00010 859226320
00010 865682040
00010 865687032
00010 867409314
00010 867860294
00010 868338244
00010 869984092
00010 870248650
00010 874893024
00010 879117296
00010 879599760
00010 880012416
00010 880337206
00010 882102860
00010 887233628
00010 889742624
00010 892330486
00010 892608106
00010 893747410
00010 897610670
00010 898607848
00010 899638236
00010 901301438
00010 902415900
00010 903077792
00010 903614654
00010 903725590
00010 905139048
00010 906127954
00010 907515880
00010 908055980
00010 913575504
00010 915421234
00010 917287234
00010 918553112
00010 918580608
00010 919489338
00010 923260196
00010 926154010
00010 928478176
00010 930841404
00010 942407970
00010 944764934
00010 945528278
00010 945786096
00010 946044620
00010 949492624
00010 950018552
00010 950547364
00010 952628098
00010 956806908
00010 957739580
00010 958370026
00010 959235310
00010 964870698
00010 966715152
00010 967737776
00010 967872266
00010 970970646
00010 971555024
00010 971676954
00010 972693370
00010 972894378
00010 973049224
00010 982283184
00010 983217922
00010 985406242
00010 986420308
00010 986880254
00010 988465236
00010 991958266
00010 995171636
00010 995249906
00010 998212144
00010 1174306
00010 4961058
00010 5254052
00010 8133700
00010 8292750
00010 10083840
00010 11221954
00010 11224686
00010 12141804
00010 13862764
00010 14216318
00010 18546496
00010 22072162
00010 27305604
00010 28310040
00010 31489454
00010 31998890
00010 36974068
00010 37253246
00010 40427968
00010 42344470
00010 47205662
00010 49538336
00010 49779246
00010 50382804
00010 51947602
00010 54859112
00010 55286314
00010 57363526
00010 62524746
00010 64497102
00010 66466156
00010 67545236
00010 70386254
00010 73833228
00010 74823298
00010 76277896
00010 78747466
00010 82466178
00010 84718578
00010 85153628
00010 85688552
00010 88525466
00010 90145272
00010 90324028
00010 90358724
00010 91963576
00010 95390640
00010 96996386
00010 100987858
00010 102646688
00010 103867252
00010 106866896
00010 107310864
00010 109483684
00010 112102346
00010 114100856
00010 114371092
00010 116109970
00010 121813576
00010 127464708
00010 128186348
00010 129761076
00010 134122704
00010 136657430
00010 138857996
00010 138917368
00010 140518776
00010 141024260
00010 143227658
00010 145219646
00010 148703924
00010 152010658
00010 154574034
00010 155340228
00010 155662962
00010 165417046
00010 165798292
00010 166067876
00010 174124210
00010 179449908
00010 180783442
00010 182096570
00010 184729910
00010 185533274
00010 185957160
00010 188035896
00010 189093890
00010 189802752
00010 195832614
00010 196792464
00010 198358674
00010 201311662
00010 201330292
00010 203616154
00010 205630898
00010 206676624
00010 207581910
00010 208291908
00010 212725986
00010 213839658
00010 215145412
00010 221860516
00010 223469146
00010 223681432
00010 224126640
00010 225136796
00010 225519720
00010 229136986
00010 229908446
00010 230149220
00010 232802666
00010 233134844
00010 236304844
00010 237037028
00010 237760780
00010 239066290
00010 239357974
00010 242009846
00010 242907788
00010 242941798
00010 243846886
00010 248795592
00010 254975796
00010 255535810
00010 258326194
00010 260110602
00010 263259024
00010 264384598
00010 266315330
00010 275147278
00010 276074236
00010 276439858
00010 277162590
00010 277814292
00010 279359756
00010 280217756
00010 284206448
00010 286187506
00010 286965214
00010 287029170
00010 287162250
00010 287781944
00010 287896100
00010 289858044
00010 290113862
00010 291404888
00010 294936416
00010 295846460
00010 300822080
00010 300948318
00010 302053720
00010 305463160
00010 314691220
00010 315561770
00010 316883644
00010 319597784
00010 321078948
00010 322834484
00010 323552144
00010 329085968
00010 329275852
00010 336158854
00010 337916956
00010 341030494
00010 342096820
00010 343316172
00010 345290872
00010 348514518
00010 355637440
00010 357885834
00010 358649310
00010 361462348
00010 362860408
00010 363876214
00010 366167254
00010 367289536
00010 374794192
00010 375621764
00010 380702320
00010 381741242
00010 384301474
00010 385748316
00010 386599302
00010 387099612
00010 390625296
00010 391380038
00010 395838742
00010 398731962
00010 399636648
00010 402912516
00010 404313906
00010 410604888
00010 416556384
00010 417247090
00010 418202798
00010 418223750
00010 418433204
00010 422174140
00010 423247816
00010 423468578
00010 424032814
00010 424486856
00010 431382192
00010 433072100
00010 437553676
00010 441038670
00010 441946736
00010 444473176
00010 446213302
00010 451230658
00010 451771850
00010 453363370
00010 454274980
00010 455209138
00010 455415448
00010 456010820
00010 456937808
00010 457326480
00010 460844802
00010 464180876
00010 464663724
00010 464898354
00010 464920378
00010 465332648
00010 467367660
00010 467594468
00010 470223424
00010 471987542
00010 479273554
00010 479691640
00010 486339660
00010 486994454
00010 488248102
00010 491403260
00010 492623818
00010 493550890
00010 493729564
00010 499246958
00010 502179406
00010 505413384
00010 510281074
00010 510477576
00010 511224190
00010 511396216
00010 515925694
00010 516058412
00010 517407742
00010 519473646
00010 520460948
00010 524469408
00010 525841106
00010 531276720
00010 534312214
00010 537707500
00010 539967308
00010 541506402
00010 546123660
00010 546431454
00010 549062480
00010 550932464
00010 551514952
00010 551640378
00010 555047550
00010 556782750
00010 562013672
00010 563463058
00010 563949280
00010 569503446
00010 569990744
00010 570967580
00010 573561672
00010 575692136
00010 577298892
00010 578897868
00010 580301430
00010 583720974
00010 587246088
00010 587283668
00010 588460424
00010 593649464
00010 594482990
00010 599313950
00010 600323030
00010 600783084
00010 603787972
00010 609195432
00010 611061252
00010 614317010
00010 615361824
00010 619248862
00010 620382420
00010 621510624
00010 624816930
00010 627662454
00010 627896182
00010 627951360
00010 628541214
00010 629762462
00010 629822324
00010 633332136
00010 637606634
00010 638138846
00010 645655734
00010 648873566
00010 648881674
00010 648890696
00010 649225144
00010 649329208
00010 650828488
00010 651397038
00010 658396546
00010 662546440
00010 664917724
00010 665630008
00010 666391452
00010 668571196
00010 670767570
00010 676120874
00010 677874272
00010 678965116
00010 681681670
00010 683483580
00010 684141010
00010 685425346
00010 686374078
00010 686693786
00010 686927582
00010 688849252
00010 689017424
00010 689073580
00010 694810876
00010 701580492
00010 704138116
00010 705657404
00010 708261550
00010 709921290
00010 712421602
00010 714149320
00010 715273220
00010 716158460
00010 721831442
00010 722052506
00010 722695570
00010 722780400
00010 725789994
00010 726027528
00010 730740946
00010 730778092
00010 733354204
00010 735043806
00010 738583278
00010 741612682
00010 741755852
00010 743667354
00010 745291406
00010 746402896
00010 746586042
00010 746911594
00010 748605548
00010 749598220
00010 750216720
00010 751923718
00010 758567244
00010 760221938
00010 760455704
00010 760982080
00010 761465688
00010 762804814
00010 763435192
00010 763667778
00010 763669062
00010 765448438
00010 765477742
00010 765904922
00010 769616776
00010 771307412
00010 773337078
00010 774268852
00010 776566210
00010 777405160
00010 777865900
00010 781052754
00010 786833910
00010 790693192
00010 791560510
00010 793311274
00010 793947922
00010 795395846
00010 796801496
00010 797645222
00010 798263752
00010 798278302
00010 798416440
00010 801991040
00010 802544184
00010 802581998
00010 802765762
00010 802893696
00010 807088950
00010 808807698
00010 811679844
00010 813088216
00010 813446256
00010 813483880
00010 814904414
00010 816698518
00010 818108510
00010 819317498
00010 819660278
00010 821063472
00010 822560010
00010 826623388
00010 829530038
00010 830196834
00010 833117370
00010 834144788
00010 834685466
00010 836020916
00010 837945498
00010 838481350
00010 839233990
00010 840601972
00010 843946600
00010 844446622
00010 846383388
00010 848804912
00010 851863038
00010 853269984
00010 856300980
00010 860430196
00010 861338478
00010 861883120
00010 863434706
00010 865516072
00010 867329356
00010 867340992
00010 867595468
00010 868627622
00010 876111874
00010 878556612
00010 881486806
00010 881979416
00010 885796838
00010 885889330
00010 888033146
00010 891959492
00010 893442784
00010 894083360
00010 895383208
00010 896355736
00010 897041342
00010 898046950
00010 901590000
00010 904442388
00010 905613558
00010 905632526
00010 907381938
00010 910993528
00010 911194050
00010 914878362
00010 915346134
00010 917600676
00010 919304286
00010 920131454
00010 923459574
00010 927582896
00010 937154422
00010 942797904
00010 943722534
00010 945459802
00010 947944788
00010 950483074
00010 951588752
00010 953636672
00010 954637194
00010 957605836
00010 957925384
00010 958292198
00010 961772574
00010 965530154
00010 967735710
00010 969091762
00010 969817584
00010 970335758
00010 972733226
00010 972877080
00010 972894230
00010 973552272
00010 973810814
00010 976121518
00010 981124954
00010 981409520
00010 984396084
00010 984633634
00010 984818910
00010 987396406
00010 987975274
00010 989331384
00010 991126896
00010 991609698
00010 993720794
00010 999035700
00010 999121310
00010 999851830
00010 999991008
00010 2533424
00010 2837854
00010 5675596
00010 6430774
00010 7870126
00010 7948496
00010 8544976
00010 18676000
00010 20834142
00010 22134922
00010 24985048
00010 25674442
00010 27480380
00010 33667576
00010 35191754
00010 36691528
00010 37588938
00010 42728594
00010 44450098
00010 45494594
00010 46753570
00010 47751350
00010 49652350
00010 54032180
00010 57864004
00010 58627634
00010 61567370
00010 61802736
00010 62445196
00010 65514284
00010 69026130
00010 69415328
00010 69665982
00010 70810252
00010 71482386
00010 71546122
00010 71747106
00010 74134014
00010 75206186
00010 77231498
00010 77730728
00010 77744276
00010 84304392
00010 86628914
00010 87350542
00010 89311542
00010 91403054
00010 92139632
00010 96820040
00010 98676774
00010 99715054
00010 113143450
00010 118288882
00010 119341092
00010 120368218
00010 124603004
00010 128681794
00010 129114514
00010 129261978
00010 130130880
00010 135116620
00010 136212078
00010 137218320
00010 140837736
00010 143030082
00010 145785636
00010 146443270
00010 152391626
00010 154697222
00010 155372562
00010 156063326
00010 157086404
00010 158208038
00010 162051146
00010 162433528
00010 164850968
00010 165445064
00010 167003412
00010 171092534
00010 171104358
00010 172953972
00010 174187462
00010 175426590
00010 176572760
00010 180559776
00010 184365564
00010 188182248
00010 192925776
00010 193158864
00010 194225034
00010 194477346
00010 196055548
00010 196240424
00010 197403784
00010 197527882
00010 198786798
00010 200785794
00010 200874706
00010 203255380
00010 204384850
00010 204639788
00010 205861006
00010 208316222
00010 208524044
00010 212401540
00010 212968446
00010 213188766
00010 213655834
00010 216272686
00010 217782800
00010 219700236
00010 220982370
00010 223216290
00010 226064914
00010 227537892
00010 227711320
00010 230134656
00010 230859166
00010 231970234
00010 235067802
00010 236060136
00010 238135632
00010 239049430
00010 241339250
00010 243477724
00010 246345538
00010 251276176
00010 251633144
00010 253031620
00010 254605094
00010 261900610
00010 262030950
00010 266960454
00010 267260058
00010 267823230
00010 268464904
00010 269978678
00010 271237588
00010 271414818
00010 273962224
00010 274596502
00010 276086318
00010 280483026
00010 281760734
00010 282799962
00010 291112314
00010 291967420
00010 293987564
00010 295260898
00010 295388866
00010 295910594
00010 297475014
00010 300392722
00010 306139262
00010 309483284
00010 310979950
00010 311158096
00010 311489222
00010 313172774
00010 314759730
00010 316994386
00010 317739008
00010 324731950
00010 327766296
00010 328564148
00010 330710236
00010 331272806
00010 332915282
00010 336842804
00010 337362068
00010 338362408
00010 340308216
00010 341286248
00010 344930342
00010 346226882
00010 349674112
00010 349708892
00010 350805210
00010 352851326
00010 354107726
00010 355726264
00010 356090906
00010 357111252
00010 357127248
00010 360764796
00010 362511578
00010 363503250
00010 366429516
00010 368075826
00010 370873428
00010 372777670
00010 376925714
00010 377085058
00010 379959124
00010 380114476
00010 380270360
00010 382010428
00010 382469964
00010 388478360
00010 388509248
00010 389029736
00010 391510680
00010 394272488
00010 400864620
00010 401055358
00010 403539852
00010 405830364
00010 410643372
00010 411083646
00010 412189270
00010 416091830
00010 417375594
00010 420346074
00010 420840222
00010 421444174
00010 421895842
00010 424421410
00010 424463800
00010 426212420
00010 427291018
00010 428269410
00010 431100448
00010 436874682
00010 437912498
00010 439659408
00010 442949426
00010 445658040
00010 446100372
00010 449468320
00010 451124044
00010 453015506
00010 453728748
00010 456027288
00010 459983418
00010 460166604
00010 460899252
00010 465159406
00010 465279230
00010 466908348
00010 466911662
00010 466919440
00010 469023780
00010 470825632
00010 471768914
00010 472407302
00010 472639568
00010 477712002
00010 482041604
00010 485085568
00010 486117262
00010 488343338
00010 489612166
00010 490199872
00010 490228874
00010 495769782
00010 497337188
00010 499206858
00010 500930450
00010 510880832
00010 511731780
00010 515121372
00010 515712418
00010 516444154
00010 518884640
00010 520769898
00010 521799108
00010 522818180
00010 529924132
00010 530300618
00010 535730346
00010 535735862
00010 538001272
00010 538659042
00010 543884530
00010 544226332
00010 544318332
00010 546144766
00010 546781818
00010 546809068
00010 550287642
00010 553728834
00010 555201774
00010 557283858
00010 557410998
00010 559718186
00010 561901722
00010 563746768
00010 566468942
00010 571071200
00010 571411908
00010 572520650
00010 572790808
00010 572887902
00010 574165222
00010 576682088
00010 580589158
00010 581736554
00010 582843556
00010 587306674
00010 590816826
00010 591279324
00010 592186424
00010 594377988
00010 595247284
00010 602810060
00010 603888264
00010 606142294
00010 607583170
00010 608205294
00010 610649814
00010 615520962
00010 620340350
00010 625854610
00010 630425156
00010 635550800
00010 640452258
00010 640818198
00010 641326164
00010 644692184
00010 644913616
00010 645019636
00010 646890746
00010 649543224
00010 649876644
00010 650849682
00010 651981194
00010 652297392
00010 652908470
00010 655029558
00010 656120902
00010 656230604
00010 658625024
00010 659219206
00010 660680758
00010 660882250
00010 663671340
00010 664207266
00010 665236242
00010 667356470
00010 667923102
00010 672242710
00010 672566038
00010 676055936
00010 676526770
00010 678442432
00010 681261346
00010 681701380
00010 685982064
00010 687618574
00010 690430322
00010 691823696
00010 695681052
00010 695832298
00010 696591920
00010 696674532
00010 696779778
00010 701203354
00010 708419824
00010 708806844
00010 712157146
00010 714752582
00010 715326228
00010 716346664
00010 719092874
00010 719141984
00010 719282132
00010 720044014
00010 721305526
00010 727540502
00010 728040118
00010 728207776
00010 730144034
00010 730916448
00010 732673738
00010 733768536
00010 734149194
00010 734572528
00010 737483636
00010 738873548
00010 741671464
00010 742341624
00010 742949912
00010 745661856
00010 745793460
00010 746788286
00010 749765476
00010 751027706
00010 751330250
00010 751915118
00010 752371994
00010 753617142
00010 755899616
00010 758736726
00010 759196372
00010 759235502
00010 761942660
00010 764179008
00010 767481760
00010 769061978
00010 771296544
00010 771901320
00010 774415478
00010 785023562
00010 786975822
00010 787820420
00010 788312878
00010 789443426
00010 790993866
00010 791271070
00010 791982364
00010 793163852
00010 794706826
00010 799827196
00010 800504894
00010 802334732
00010 802497204
00010 804438022
00010 804861512
00010 805766360
00010 814654134
00010 815174150
00010 818048812
00010 818477970
00010 819226152
00010 820437778
00010 825984800
00010 829287582
00010 829339566
00010 829703404
00010 830517786
00010 834268696
00010 834778222
00010 836615480
00010 837037582
00010 837600016
00010 838298574
00010 841763206
00010 847720784
00010 848529344
00010 853714560
00010 853842042
00010 854318828
00010 857514950
00010 859360084
00010 860641028
00010 862410810
00010 868901792
00010 870398614
00010 873700650
00010 874333398
00010 875515312
00010 876390430
00010 878504014
00010 880378940
00010 880738824
00010 880796840
00010 881300090
00010 883222922
00010 884132890
00010 884983460
00010 885099596
00010 885556094
00010 887594702
00010 889189838
00010 890367674
00010 894643008
00010 896785560
00010 897825096
00010 900523808
00010 902644178
00010 902973094
00010 903728404
00010 903878014
00010 905033316
00010 905936534
00010 905981802
00010 909519356
00010 912193172
00010 914243370
00010 914492224
00010 915579274
00010 918312892
00010 921197910
00010 928603194
00010 929143142
00010 930201148
00010 932268276
00010 933476450
00010 935974054
00010 936475390
00010 936954852
00010 937472032
00010 938656308
00010 944139824
00010 944959714
00010 945631386
00010 947516982
00010 948136640
00010 948400452
00010 950575900
00010 950938866
00010 952176598
00010 954587410
00010 954725588
00010 954811300
00010 958290846
00010 960274940
00010 961115532
00010 961263160
00010 964642510
00010 966542540
00010 969027584
00010 969359606
00010 970142508
00010 973295222
00010 974132356
00010 976192938
00010 976326660
00010 984675508
00010 985896740
00010 986952102
00010 988248926
00010 989249698
00010 990149634
00010 990181204
00010 994188646
00010 994658612
00010 996638974
00010 997216620
00010 999148734
00010 1000052084
00010 4520940
00010 6314972
00010 6386718
00010 7374776
00010 10554238
00010 12417768
00010 14830754
00010 15672704
00010 15998864
00010 18134682
00010 18585638
00010 20224042
00010 20309854
00010 21575258
00010 25821372
00010 26360998
00010 36947614
00010 38551306
00010 42798266
00010 45283998
00010 46507508
00010 48620918
00010 50911232
00010 51093774
00010 53515552
00010 54085030
00010 56549862
00010 59590466
00010 66780364
00010 68292430
00010 70011912
00010 70123188
00010 71086524
00010 71113380
00010 71720702
00010 72404872
00010 72997788
00010 77920154
00010 82114788
00010 85966100
00010 86258540
00010 86325364
00010 86527316
00010 87610158
00010 89619026
00010 90656220
00010 91426978
00010 92630750
00010 92639490
00010 95592174
00010 96694352
00010 97437812
00010 100746424
00010 100780420
00010 100917574
00010 103137916
00010 103610720
00010 104977414
00010 105279614
00010 106072796
00010 106734384
00010 108110822
00010 108584026
00010 110417784
00010 111006156
00010 117753990
00010 120580672
00010 121129368
00010 122445730
00010 130140764
00010 132009882
00010 132765736
00010 133127966
00010 135141040
00010 141979264
00010 143852296
00010 143931066
00010 145406226
00010 145699438
00010 146502542
00010 149616098
00010 151220810
00010 151807154
00010 152179482
00010 153044132
00010 155619478
00010 163138670
00010 163252782
00010 163261744
00010 167279512
00010 172675216
00010 172764598
00010 172924448
00010 175395916
00010 178024402
00010 178613842
00010 180142282
00010 181970096
00010 182796394
00010 183084718
00010 188601628
00010 191791934
00010 191933034
00010 194166400
00010 198842984
00010 201631802
00010 201692934
00010 201833682
00010 202159776
00010 202491904
00010 204231758
00010 205323420
00010 208304496
00010 208612096
00010 210448552
00010 214938896
00010 216420850
00010 217965296
00010 220955034
00010 224699774
00010 225233778
00010 226599286
00010 227992224
00010 233593126
00010 233969398
00010 234818700
00010 241713388
00010 244697454
00010 245344646
00010 249249660
00010 261841370
00010 261924812
00010 262049826
00010 262104866
00010 270581794
00010 272677578
00010 277129306
00010 278540550
00010 280259560
00010 282219960
00010 286259460
00010 286707334
00010 287005672
00010 288627370
00010 288707450
00010 289932524
00010 291274254
00010 293120608
00010 293738522
00010 294564156
00010 296721120
00010 296913880
00010 297313942
00010 297559064
00010 298403378
00010 299373858
00010 302869074
00010 305490062
00010 305680378
00010 308508174
00010 308524802
00010 309354850
00010 309868900
00010 316625938
00010 316827658
00010 317125910
00010 317420906
00010 322677822
00010 323997818
00010 325546288
00010 328720886
00010 328915140
00010 332249530
00010 332436792
00010 336673828
00010 337005320
00010 338389548
00010 340893158
00010 344466136
00010 346242872
00010 351651138
00010 356093072
00010 360588146
00010 360983954
00010 366099780
00010 368135816
00010 368417540
00010 368580198
00010 368793456
00010 371605400
00010 373035632
00010 373095682
00010 373556804
00010 373595668
00010 374581272
00010 374905370
00010 375060926
00010 377424338
00010 378692510
00010 379563954
00010 380166734
00010 384611168
00010 385447440
00010 388031328
00010 389177262
00010 393039080
00010 394419732
00010 394724306
00010 398311712
00010 400594922
00010 402186084
00010 402350444
00010 405324004
00010 406721406
00010 412169428
00010 412911118
00010 413035026
00010 418471044
00010 422074690
00010 422350656
00010 423036798
00010 425837460
00010 428766728
00010 429604054
00010 431486368
00010 432452510
00010 434384632
00010 434889134
00010 435299834
00010 435895888
00010 437602722
00010 440306528
00010 441562136
00010 446640972
00010 446794950
00010 448289652
00010 449244860
00010 449737850
00010 449897288
00010 452638024
00010 452936298
00010 452994606
00010 455184096
00010 457095034
00010 458518090
00010 461257534
00010 472475374
00010 478898444
00010 479296136
00010 482535080
00010 485569696
00010 489643788
00010 491174570
00010 492473372
00010 493144448
00010 494534076
00010 495072396
00010 495312512
00010 497763276
00010 498346186
00010 499373842
00010 500833558
00010 500895104
00010 501981710
00010 502260008
00010 502262032
00010 505038464
00010 505222354
00010 505403760
00010 505487530
00010 506054602
00010 507027028
00010 510489174
00010 512854320
00010 513249316
00010 518162082
00010 518755914
00010 520291556
00010 520758914
00010 524172920
00010 526213440
00010 534574420
00010 534856350
00010 536877068
00010 540781128
00010 545596164
00010 548251236
00010 548598720
00010 553495134
00010 554333894
00010 556908746
00010 557882288
00010 558774968
00010 560462364
00010 561356866
00010 563057042
00010 565067824
00010 565402142
00010 565664258
00010 567276496
00010 571140848
00010 571528182
00010 574172488
00010 575718254
00010 576696630
00010 576806872
00010 581251324
00010 581647556
00010 582461760
00010 583941760
00010 585074982
00010 588211908
00010 588395096
00010 589415538
00010 592537810
00010 593654942
00010 600949176
00010 602535112
00010 603724436
00010 604324732
00010 604470618
00010 610909176
00010 611374836
00010 612132584
00010 612378606
00010 612841320
00010 614532916
00010 615110784
00010 616524580
00010 620435262
00010 620995336
00010 621823490
00010 622992142
00010 623021702
00010 627367686
00010 631709298
00010 636217514
00010 636643818
00010 640077656
00010 646184626
00010 646466592
00010 649764476
00010 652577492
00010 653574508
00010 654264678
00010 658243792
00010 659046958
00010 659448074
00010 660075928
00010 662998174
00010 664793618
00010 665245828
00010 665315426
00010 665819780
00010 666051856
00010 667360296
00010 667656744
00010 668931666
00010 669046960
00010 669413012
00010 670106482
00010 674083088
00010 680715306
00010 681068620
00010 681479458
00010 681482500
00010 687176248
00010 689815652
00010 690173750
00010 690760574
00010 691973120
00010 692219532
00010 694016336
00010 694112812
00010 695372980
00010 696543054
00010 713166552
00010 719596020
00010 719675738
00010 722035334
00010 722100716
00010 725754366
00010 727120974
00010 727332242
00010 727691978
00010 731064596
00010 731201534
00010 731278198
00010 733486350
00010 734681914
00010 736934274
00010 738449966
00010 739745648
00010 739923598
00010 745092346
00010 745954232
00010 747338344
00010 749031912
00010 749649848
00010 749838992
00010 758315964
00010 762018358
00010 765895910
00010 768246490
00010 768542330
00010 773522930
00010 773633380
00010 774237132
00010 775333064
00010 777439374
00010 780570834
00010 780657932
00010 785034636
00010 786420966
00010 786673326
00010 791746152
00010 792228382
00010 793682278
00010 794402462
00010 796466994
00010 796937176
00010 799228828
00010 801893668
00010 802279532
00010 802333112
00010 802501604
00010 809654632
00010 809717290
00010 810271672
00010 813047936
00010 816650560
00010 819190800
00010 827214040
00010 827496656
00010 829014126
00010 830466946
00010 831494272
00010 835096338
00010 839777940
00010 839795496
00010 847037250
00010 848799256
00010 852318280
00010 854441550
00010 854468482
00010 854591860
00010 856394962
00010 861513826
00010 862031570
00010 864239436
00010 866222706
00010 866421958
00010 868132258
00010 870303342
00010 871199842
00010 872235778
00010 874252408
00010 877651982
00010 878097284
00010 880669466
00010 881766916
00010 882108970
00010 882539604
00010 883398846
00010 886103436
00010 887261326
00010 888054404
00010 889073002
00010 891282978
00010 892932476
00010 892974000
00010 895913430
00010 898143776
00010 899239194
00010 899441142
00010 900006966
00010 904153694
00010 904838164
00010 907550702
00010 910178982
00010 910928212
00010 911456388
00010 912079410
00010 913242970
00010 914445640
00010 920082310
00010 922271922
00010 925007882
00010 925202612
00010 925372598
00010 927263576
00010 929175308
00010 930964498
00010 931227532
00010 932060732
00010 933238702
00010 934066864
00010 935627266
00010 936073284
00010 936114206
00010 938405748
00010 938649148
00010 938729388
00010 942812412
00010 943822398
00010 946067290
00010 947346502
00010 947722554
00010 947843588
00010 948535980
00010 950490520
00010 950654840
00010 960311706
00010 961478030
00010 961593924
00010 977507848
00010 978004610
00010 979611610
00010 979924972
00010 982684364
00010 983707908
00010 987809962
00010 988558562
00010 993334372
00010 993530304
00010 995878754
00010 7197232
00010 7644418
00010 11901758
00010 13652166
00010 22026602
00010 22331462
00010 28924514
00010 37116538
00010 40443672
00010 41974366
00010 42970920
00010 43325632
00010 51414812
00010 52173324
00010 52339238
00010 54654082
00010 55898084
00010 56816294
00010 57200490
00010 58982556
00010 60148046
00010 63709684
00010 68714540
00010 70957086
00010 73991328
00010 77203946
00010 77648536
00010 78474474
00010 78714062
00010 79001336
00010 79759352
00010 79799568
00010 82142922
00010 82770644
00010 88201362
00010 88702136
00010 89733260
00010 92410172
00010 92533846
00010 92787230
00010 99844336
00010 100011606
00010 100719298
00010 105774298
00010 107434958
00010 117596874
00010 118263124
00010 119531708
00010 121168686
00010 121651952
00010 122454658
00010 125070346
00010 126977352
00010 128424110
00010 128849906
00010 132958462
00010 133008388
00010 137268800
00010 137946416
00010 142569262
00010 145143362
00010 145349752
00010 145664528
00010 153779750
00010 157182062
00010 159352632
00010 160062554
00010 161200136
00010 161663626
00010 161747356
00010 163009274
00010 163954282
00010 167308890
00010 168031108
00010 173916584
00010 174756554
00010 175001964
00010 176548692
00010 176726310
00010 176858290
00010 178501012
00010 182557078
00010 189054462
00010 189776474
00010 190080508
00010 190833084
00010 194962386
00010 199252426
00010 201584520
00010 202007516
00010 202421228
00010 203532594
00010 206597098
00010 209545212
00010 215249408
00010 215950766
00010 219960494
00010 222937262
00010 225211334
00010 226219756
00010 227036106
00010 227238352
00010 229022422
00010 229677070
00010 232216730
00010 232833936
00010 233021600
00010 236615312
00010 237263210
00010 237976936
00010 238739902
00010 239179566
00010 246375134
00010 248828742
00010 251963958
00010 252845632
00010 256532840
00010 256716144
00010 256770494
00010 261158552
00010 261703786
00010 264630922
00010 266677028
00010 270448966
00010 270647332
00010 271431160
00010 274731870
00010 279330474
00010 279562592
00010 279604648
00010 281382086
00010 281541258
00010 282468286
00010 282715004
00010 286269472
00010 288976344
00010 289199308
00010 289293988
00010 289414422
00010 290428456
00010 294803412
00010 301575356
00010 302767714
00010 305301692
00010 305619418
00010 309300864
00010 313008926
00010 314760838
00010 314861614
00010 315594504
00010 318439696
00010 318944710
00010 320365318
00010 325123868
00010 328972720
00010 329074208
00010 332080974
00010 338937100
00010 340692298
00010 341277508
00010 349942806
00010 350450298
00010 351015606
00010 351987734
00010 355359840
00010 357234112
00010 361512968
00010 363964002
00010 365107148
00010 365565204
00010 370382240
00010 374373254
00010 377827474
00010 379387820
00010 381046068
00010 388363170
00010 389353552
00010 389911922
00010 390637930
00010 391797146
00010 392846390
00010 397069536
00010 400277306
00010 400505546
00010 402184738
00010 402237222
00010 404026220
00010 405642690
00010 408258212
00010 410698274
00010 415392650
00010 417428900
00010 419645626
00010 421028504
00010 424820122
00010 424913020
00010 425057408
00010 425490742
00010 427517832
00010 429895188
00010 431428942
00010 433993456
00010 435065294
00010 435132050
00010 437851958
00010 438669102
00010 439036936
00010 445762556
00010 447257008
00010 448023332
00010 448986278
00010 449492262
00010 449946416
00010 450501368
00010 452089680
00010 453540794
00010 454734344
00010 458116924
00010 459629556
00010 461093038
00010 461169424
00010 462336022
00010 463529470
00010 464330448
00010 464788428
00010 469162556
00010 470751774
00010 470991910
00010 471274812
00010 472602662
00010 473548878
00010 473897296
00010 473898504
00010 475357144
00010 476236712
00010 477371674
00010 480947390
00010 482225694
00010 486080784
00010 488068814
00010 493858752
00010 496064822
00010 496215070
00010 501662362
00010 505656582
00010 506145920
00010 509093962
00010 509153222
00010 509155120
00010 509731008
00010 509927326
00010 511101746
00010 511152878
00010 511840266
00010 515341788
00010 519885202
00010 524130488
00010 527207896
00010 529321272
00010 530154020
00010 530207992
00010 533556580
00010 534505042
00010 534857498
00010 535013828
00010 535794172
00010 541085832
00010 541822216
00010 543716346
00010 547989868
00010 548104552
00010 549602506
00010 552171124
00010 553277596
00010 553597468
00010 554906424
00010 555409458
00010 556128298
00010 558095622
00010 559606166
00010 559824122
00010 560623812
00010 562991960
00010 567768934
00010 569066950
00010 571274522
00010 572371662
00010 572878224
00010 574722494
00010 575314514
00010 579318808
00010 579769266
00010 582872334
00010 585976388
00010 586235626
00010 586850634
00010 587501064
00010 588353162
00010 590454402
00010 593564236
00010 594477376
00010 596912640
00010 598790318
00010 599946724
00010 601367980
00010 601548192
00010 604531390
00010 608639794
00010 609741606
00010 610475568
00010 610683336
00010 610828396
00010 616151234
00010 616359276
00010 622019912
00010 624973496
00010 625143260
00010 625552454
00010 626051870
00010 626922228
00010 628221590
00010 629342428
00010 633766550
00010 638776890
00010 638956754
00010 640360034
00010 641234988
00010 642570474
00010 650334544
00010 650377716
00010 650429366
00010 651409848
00010 652001774
00010 656113062
00010 656889784
00010 658797124
00010 666910318
00010 667886066
00010 668931678
00010 669080894
00010 673833522
00010 677166698
00010 679024154
00010 680270080
00010 681154760
00010 681619692
00010 683023226
00010 683718158
00010 686493938
00010 686514376
00010 688327304
00010 688469406
00010 698283290
00010 698444208
00010 699664200
00010 705897430
00010 707499632
00010 712338980
00010 714096254
00010 714484788
00010 717973630
00010 723464890
00010 724107276
00010 727131228
00010 727508618
00010 727782284
00010 729463886
00010 732791504
00010 732843900
00010 732867038
00010 734098232
00010 734950696
00010 739389034
00010 745196668
00010 746688638
00010 749810806
00010 751325282
00010 752448908
00010 754820978
00010 755604120
00010 756916992
00010 758544508
00010 761933906
00010 762405576
00010 768812170
00010 769034668
00010 770934976
00010 771355138
00010 774562230
00010 774647004
00010 776232174
00010 781317164
00010 781490354
00010 781998660
00010 787294826
00010 787598376
00010 788637712
00010 789581662
00010 789940986
00010 790145820
00010 790402350
00010 790634338
00010 792498998
00010 799470894
00010 800008630
00010 801969770
00010 804342390
00010 806257644
00010 807654776
00010 808294494
00010 808682476
00010 809669396
00010 809792448
00010 810415634
00010 810913394
00010 814185772
00010 816942504
00010 818033494
00010 819574982
00010 825399508
00010 828580430
00010 835282274
00010 837452106
00010 839313090
00010 840617664
00010 842912242
00010 847745694
00010 848607012
00010 848744262
00010 848802212
00010 857284182
00010 859945052
00010 863034658
00010 863444752
00010 867526994
00010 870660170
00010 870971458
00010 873989588
00010 874432246
00010 874476796
00010 877537606
00010 879359224
00010 880523120
00010 882551896
00010 883498226
00010 884455528
00010 892524244
00010 895979200
00010 897941276
00010 899077456
00010 900477856
00010 901796644
00010 903036678
00010 912490844
00010 915229710
00010 917524458
00010 917903074
00010 919324212
00010 921443558
00010 922126950
00010 923951672
00010 927743312
00010 930861182
00010 931117222
00010 932657948
00010 937495256
00010 942378244
00010 943259680
00010 945015918
00010 945551502
00010 946594774
00010 948784300
00010 951193390
00010 952071620
00010 952498340
00010 952529194
00010 952623814
00010 953127144
00010 953615230
00010 956595540
00010 959934702
00010 967656212
00010 968236986
00010 968621708
00010 971589734
00010 971850410
00010 971920162
00010 973280784
00010 978295688
00010 980685156
00010 980962384
00010 982702236
00010 984908096
00010 986084844
00010 989260978
00010 992903960
00010 993176588
00010 993529018
00010 995555960
00010 999354846
00010 1000877540
00010 1003234
00010 2335892
00010 2955152
00010 4049048
00010 5001612
00010 5837282
00010 10634098
00010 10743470
00010 13230540
00010 15302408
00010 15469474
00010 19713590
00010 25624636
00010 28298758
00010 29427428
00010 30008366
00010 31714168
00010 32130090
00010 34187680
00010 35885770
00010 36567812
00010 37600478
00010 38294552
00010 38791452
00010 41950746
00010 44203930
00010 44283828
00010 44528906
00010 49318270
00010 52230334
00010 52572292
00010 55083668
00010 56476728
00010 56686316
00010 57051346
00010 58084546
00010 59548950
00010 62262170
00010 65588790
00010 72386856
00010 72616532
00010 73355390
00010 77413190
00010 79137870
00010 88100542
00010 88638890
00010 90379340
00010 97349892
00010 98316070
00010 99199262
00010 100017552
00010 106109996
00010 116221456
00010 128779366
00010 129484468
00010 130067998
00010 130481782
00010 130660736
00010 131957206
00010 135052220
00010 135860402
00010 138415212
00010 143804222
00010 148555810
00010 149296058
00010 149711034
00010 150079404
00010 150330520
00010 153009604
00010 157100336
00010 157751162
00010 158465000
00010 159782366
00010 161479448
00010 161789810
00010 162149408
00010 162264756
00010 163992002
00010 166378350
00010 168759032
00010 174517856
00010 177219292
00010 178211030
00010 181128930
00010 182035124
00010 186916382
00010 189232328
00010 190846418
00010 192261126
00010 193162650
00010 196723152
00010 196746824
00010 198367122
00010 201298544
00010 204426162
00010 204436478
00010 206094304
00010 206387074
00010 217075004
00010 219463206
00010 220860788
00010 222587548
00010 222829682
00010 226452574
00010 227944660
00010 229927084
00010 230533306
00010 232039660
00010 233355478
00010 233466994
00010 235259106
00010 238395240
00010 243358640
00010 245589526
00010 247794180
00010 249732038
00010 250349530
00010 252165476
00010 253738582
00010 254380784
00010 254759002
00010 254951332
00010 258427732
00010 258459418
00010 258523662
00010 258721178
00010 261423820
00010 263208816
00010 263906960
00010 265616716
00010 270946234
00010 275857642
00010 279313814
00010 281139762
00010 284108856
00010 290236232
00010 290558924
00010 291039518
00010 293484346
00010 295981844
00010 297755134
00010 297795524
00010 303968290
00010 307337508
00010 307895544
00010 309008654
00010 310033860
00010 313535480
00010 317601690
00010 319305060
00010 322507324
00010 325768660
00010 328270410
00010 330853090
00010 334767452
00010 335322382
00010 335867256
00010 340017818
00010 343422164
00010 350324222
00010 351259206
00010 352314338
00010 356525596
00010 357695524
00010 357853200
00010 359539262
00010 360445736
00010 360779630
00010 362345678
00010 365184348
00010 366589656
00010 374624978
00010 376065682
00010 379064080
00010 380532006
00010 381520694
00010 381679724
00010 383451858
00010 383632348
00010 386863812
00010 388322642
00010 390169912
00010 390393056
00010 392598568
00010 401847400
00010 402468234
00010 406183358
00010 406674644
00010 407275182
00010 408104864
00010 414588192
00010 417332428
00010 418841594
00010 420524364
00010 420543376
00010 422647660
00010 422682102
00010 423343866
00010 434061168
00010 437627842
00010 438347756
00010 443591398
00010 444288748
00010 444617096
00010 449073948
00010 449256692
00010 449894238
00010 453606932
00010 454078640
00010 456603314
00010 457134200
00010 461362528
00010 463844364
00010 474762520
00010 478925432
00010 479385146
00010 479748614
00010 484028542
00010 487356062
00010 488039226
00010 489424998
00010 490648580
00010 492259038
00010 492768674
00010 492886804
00010 493561724
00010 493728432
00010 494439856
00010 496639688
00010 496643958
00010 499196798
00010 499989788
00010 514517690
00010 520110934
00010 522207234
00010 527108808
00010 527426672
00010 531623800
00010 532082516
00010 533056036
00010 535553708
00010 535739250
00010 535872726
00010 536624086
00010 539916972
00010 539941924
00010 542002074
00010 543122940
00010 543178276
00010 544375402
00010 544393570
00010 550284768
00010 556205470
00010 557419808
00010 558342440
00010 562856354
00010 563843218
00010 564145194
00010 564201954
00010 567660860
00010 568251516
00010 576676046
00010 581180206
00010 584268624
00010 588801304
00010 589631138
00010 591346250
00010 592083056
00010 593523992
00010 594134344
00010 600236348
00010 601574840
00010 606781680
00010 608118642
00010 608307596
00010 610606942
00010 611892000
00010 613219396
00010 613944038
00010 615784758
00010 616830078
00010 618395700
00010 619930468
00010 620420900
00010 621120670
00010 624298422
00010 625285042
00010 626598052
00010 629226052
00010 629687282
00010 630440288
00010 631628970
00010 632529082
00010 633291706
00010 634812100
00010 635032918
00010 635993208
00010 637734642
00010 638505328
00010 638838788
00010 640564082
00010 641098760
00010 643815828
00010 648358604
00010 648414484
00010 648484372
00010 657197220
00010 657303606
00010 665911238
00010 666059696
00010 670253114
00010 671376280
00010 672811878
00010 672888942
00010 673190866
00010 673841938
00010 675754116
00010 677413820
00010 677806092
00010 681993520
00010 684253618
00010 684428358
00010 685465852
00010 688506132
00010 692809320
00010 693373758
00010 693703972
00010 694337130
00010 695571456
00010 699312948
00010 701004020
00010 701962292
00010 711274264
00010 711464014
00010 715879842
00010 716038352
00010 720863582
00010 722343614
00010 722628094
00010 723427380
00010 723847914
00010 724876234
00010 725090614
00010 729021172
00010 729042842
00010 731792222
00010 737799864
00010 737847404
00010 738355902
00010 745223384
00010 745360654
00010 745732282
00010 746449400
00010 747149492
00010 747604994
00010 747673196
00010 749018100
00010 749389080
00010 749445590
00010 751104570
00010 761233854
00010 767736334
00010 771073150
00010 771752078
00010 775877318
00010 777201136
00010 785892288
00010 787707474
00010 790313932
00010 794414574
00010 795826070
00010 795937940
00010 799460224
00010 799807584
00010 805503704
00010 806062098
00010 807295452
00010 808882864
00010 815412626
00010 815627918
00010 815809436
00010 820072528
00010 822780796
00010 822977524
00010 823218542
00010 824166106
00010 827432794
00010 830413184
00010 831324100
00010 837783116
00010 838241398
00010 843290560
00010 844529114
00010 846457568
00010 850557378
00010 850652506
00010 855835598
00010 856750486
00010 856842884
00010 858909100
00010 863971992
00010 864536060
00010 864657878
00010 865509872
00010 866200548
00010 869521090
00010 871322806
00010 878642284
00010 880047676
00010 880149170
00010 880482288
00010 882639008
00010 884489144
00010 887315198
00010 893682598
00010 894468990
00010 896272986
00010 897759294
00010 899579386
00010 901243534
00010 907391808
00010 908625322
00010 911810148
00010 913868252
00010 914313276
00010 915852952
00010 916883398
00010 918940982
00010 920070264
00010 925942180
00010 930518832
00010 937419188
00010 937468978
00010 940063064
00010 941735416
00010 946418538
00010 948937168
00010 953657594
00010 954333968
00010 955859734
00010 957030980
00010 961443706
00010 964386180
00010 966478588
00010 967575072
00010 967721296
00010 971598580
00010 972205966
00010 972421338
00010 973158036
00010 975568122
00010 978796764
00010 981047786
00010 984107314
00010 986440018
00010 986602550
00010 987943662
00010 988196652
00010 989653440
00010 993808952
00010 998412352
00010 2519774
00010 3779048
00010 4791806
00010 11843112
00010 13281724
00010 13533884
00010 14649848
00010 16414962
00010 18163968
00010 18311630
00010 18866318
00010 19119002
00010 19754744
00010 21228462
00010 21859440
00010 23109544
00010 25971876
00010 26323596
00010 29106786
00010 31071414
00010 32964196
00010 39376414
00010 41097480
00010 41459996
00010 43188622
00010 48169354
00010 48464244
00010 48533226
00010 49240008
00010 55769898
00010 55781116
00010 56394866
00010 58901762
00010 60054956
00010 61204168
00010 61619450
00010 63232244
00010 67330774
00010 67332712
00010 67764034
00010 69046076
00010 69666022
00010 73517082
00010 74228746
00010 74786318
00010 74884118
00010 75003712
00010 76214852
00010 79249112
00010 79314978
00010 83328008
00010 83797448
00010 89405790
00010 91415466
00010 92000948
00010 93491268
00010 96378126
00010 98288864
00010 99905370
00010 102759444
00010 105760040
00010 108799764
00010 113108406
00010 115957460
00010 121861172
00010 122435646
00010 125079658
00010 127935478
00010 132521926
00010 133601990
00010 133604926
00010 137108920
00010 137239402
00010 144480440
00010 144891840
00010 145140524
00010 147546630
00010 151420036
00010 153324258
00010 153476988
00010 155392110
00010 156650962
00010 159792566
00010 161675278
00010 166484050
00010 166844414
00010 167670406
00010 169118716
00010 169719294
00010 171780196
00010 175066018
00010 175921634
00010 178006172
00010 179369748
00010 183063754
00010 183965104
00010 185688226
00010 188954608
00010 191521366
00010 191530898
00010 191601572
00010 194528876
00010 195186920
00010 195357508
00010 198146392
00010 200098906
00010 200315810
00010 201065300
00010 207744804
00010 208184990
00010 209260690
00010 209531858
00010 212626804
00010 213975410
00010 219239892
00010 221541146
00010 221991510
00010 222433396
00010 225185054
00010 226693494
00010 230120404
00010 232191492
00010 239099438
00010 239265672
00010 244156662
00010 245490200
00010 247304948
00010 249140214
00010 251179148
00010 253036072
00010 255236272
00010 257086696
00010 257754448
00010 259581150
00010 259755624
00010 260456528
00010 261179326
00010 262350332
00010 262563890
00010 267234958
00010 267794040
00010 269272616
00010 282108894
00010 282540226
00010 283640310
00010 289174726
00010 291172270
00010 291493456
00010 294165908
00010 294429002
00010 296226508
00010 297876518
00010 301613324
00010 303451950
00010 305770364
00010 306177630
00010 309387526
00010 309552260
00010 311834740
00010 312638612
00010 313474788
00010 314280428
00010 318802872
00010 319955944
00010 320142426
00010 321884264
00010 323105394
00010 328738536
00010 328795770
00010 330195144
00010 336959990
00010 337320514
00010 340870452
00010 340966530
00010 340967716
00010 342521522
00010 342859088
00010 343782992
00010 346634168
00010 347260232
00010 347823876
00010 349512306
00010 351468148
00010 354619606
00010 357507042
00010 358698246
00010 360032806
00010 363369902
00010 365958146
00010 366292486
00010 367340038
00010 367878032
00010 368459342
00010 372751754
00010 374316564
00010 376946384
00010 378627108
00010 378773096
00010 380510490
00010 381332820
00010 382265146
00010 382792146
00010 383064726
00010 386113454
00010 387233534
00010 387432304
00010 387652190
00010 387945288
00010 392499694
00010 392788072
00010 395155982
00010 396281482
00010 396313076
00010 397172140
00010 398211436
00010 399837556
00010 400977288
00010 401059542
00010 403891204
00010 407413378
00010 408360956
00010 408795738
00010 408837114
00010 411205458
00010 411346408
00010 414824464
00010 415612556
00010 416879244
00010 417001396
00010 419394912
00010 421773782
00010 422286482
00010 423452178
00010 424263678
00010 424654128
00010 424985300
00010 425113304
00010 425460358
00010 425854512
00010 433360234
00010 436725140
00010 437623252
00010 438475128
00010 448787422
00010 448990962
00010 451754098
00010 453908182
00010 454867990
00010 456288806
00010 459059354
00010 459113720
00010 460368806
00010 460982750
00010 465497802
00010 472304892
00010 472630758
00010 476110686
00010 476806578
00010 480476856
00010 480569316
00010 486540312
00010 495003618
00010 502518372
00010 505493680
00010 507630378
00010 508993808
00010 510675398
00010 511336954
00010 512456678
00010 513422218
00010 515558058
00010 516204202
00010 517692206
00010 519830322
00010 521877096
00010 522970400
00010 525956998
00010 529505246
00010 529867022
00010 531233854
00010 531705556
00010 533809372
00010 534718762
00010 538073144
00010 540594400
00010 541995670
00010 542567538
00010 545241078
00010 545631208
00010 546585952
00010 547221292
00010 547702870
00010 548246750
00010 548945754
00010 552279118
00010 554209324
00010 555288730
00010 555653524
00010 556229032
00010 556331032
00010 558943200
00010 565531052
00010 565682178
00010 566921128
00010 571917756
00010 573283270
00010 573717748
00010 573981934
00010 576413950
00010 576945560
00010 578269650
00010 582166528
00010 590832238
00010 593436952
00010 594872614
00010 597655972
00010 602981110
00010 607959386
00010 610395074
00010 610937780
00010 611297988
00010 612703032
00010 616365354
00010 617283576
00010 631031494
00010 632326034
00010 634504272
00010 636102618
00010 637697576
00010 638401186
00010 642787790
00010 650201650
00010 654511552
00010 655607812
00010 658508502
00010 662609864
00010 663045086
00010 663794978
00010 670970380
00010 671143064
00010 673768522
00010 675485496
00010 681595152
00010 682097206
00010 684011148
00010 686093358
00010 686930032
00010 687300778
00010 687433734
00010 688199958
00010 690955622
00010 691075742
00010 691150922
00010 693788552
00010 695599144
00010 699938978
00010 703496700
00010 708114470
00010 709736604
00010 710566668
00010 711585672
00010 718340894
00010 719823008
00010 720947400
00010 724285748
00010 728197050
00010 731135338
00010 734447214
00010 734745402
00010 737696432
00010 737841830
00010 739398122
00010 739679072
00010 739766580
00010 741164988
00010 741756778
00010 745913838
00010 747311690
00010 747525442
00010 749353370
00010 754351112
00010 755772466
00010 762125108
00010 762242548
00010 764816256
00010 765842508
00010 773517946
00010 777820676
00010 779127692
00010 779269168
00010 781773092
00010 783250254
00010 787581538
00010 787736334
00010 790004094
00010 791048576
00010 794095872
00010 794112008
00010 796471838
00010 797802774
00010 798420588
00010 800356612
00010 802021264
00010 813203552
00010 816116842
00010 816155240
00010 816848334
00010 820432254
00010 823961164
00010 826338124
00010 827813114
00010 827888284
00010 828394900
00010 834249618
00010 834254364
00010 835333498
00010 839138246
00010 840290162
00010 841584328
00010 843376368
00010 844392264
00010 846416030
00010 849684940
00010 850650566
00010 850862052
00010 853679694
00010 853729426
00010 855147874
00010 856542588
00010 858038006
00010 858249092
00010 862193040
00010 864820402
00010 865021440
00010 867211498
00010 869782720
00010 873198252
00010 879449804
00010 879927728
00010 879959020
00010 880195014
00010 881152532
00010 881366056
00010 883651112
00010 884102726
00010 884704278
00010 885994472
00010 887778954
00010 891444772
00010 899853412
00010 904562526
00010 906280042
00010 906614428
00010 906868494
00010 907746366
00010 907876862
00010 907878154
00010 914187194
00010 914630414
00010 915436464
00010 918062668
00010 923896932
00010 926279018
00010 926905110
00010 926911570
00010 927246390
00010 929158910
00010 930657474
00010 931777074
00010 940123610
00010 941388082
00010 941893088
00010 943277410
00010 943961296
00010 944006236
00010 949911140
00010 950913020
00010 953532030
00010 954254752
00010 954424874
00010 955650288
00010 957434074
00010 958648702
00010 958916458
00010 961930864
00010 966466172
00010 968061386
00010 969981174
00010 973905342
00010 978054024
00010 978200218
00010 978552616
00010 979716722
00010 984393752
00010 986983330
00010 987680288
00010 989699340
00010 996006504
00010 996186354
00010 997353022
