00010 1405366
00010 4663254
00010 7860064
00010 8674340
00010 11520400
00010 13794654
00010 13796228
00010 18285380
00010 21232412
00010 21855850
00010 22874414
00010 24926440
00010 26179472
00010 28596594
00010 28680596
00010 29234928
00010 32404504
00010 39696544
00010 48536524
00010 48781916
00010 52659396
00010 55601822
00010 58213830
00010 60528604
00010 60870762
00010 63885722
00010 65359782
00010 68980804
00010 69968438
00010 74428874
00010 77078732
00010 80735730
00010 87174140
00010 93447782
00010 94368820
00010 98748818
00010 98774550
00010 100687594
00010 102368292
00010 104218784
00010 107620728
00010 107844292
00010 109399222
00010 112612722
00010 114657636
00010 114786578
00010 116911294
00010 118063578
00010 120569734
00010 120645398
00010 129302918
00010 129533550
00010 129548406
00010 137485652
00010 138435752
00010 142299890
00010 143622228
00010 146106508
00010 149057786
00010 152354280
00010 161009252
00010 163228400
00010 166760646
00010 168286048
00010 171313576
00010 174037864
00010 176557268
00010 178508052
00010 179931322
00010 183490402
00010 189187490
00010 194279416
00010 197314332
00010 203859662
00010 204038826
00010 215782446
00010 217327232
00010 217566738
00010 218346764
00010 218830284
00010 218897364
00010 219470166
00010 219906918
00010 228822926
00010 238146040
00010 239235664
00010 243229976
00010 246268020
00010 247601624
00010 251921138
00010 257633768
00010 260135746
00010 261608668
00010 262148676
00010 270260164
00010 273761840
00010 275566436
00010 276259674
00010 280376448
00010 281628540
00010 288702256
00010 290412702
00010 295235364
00010 299566610
00010 303059168
00010 303522008
00010 303607584
00010 304204078
00010 305391870
00010 318899408
00010 318928354
00010 319133268
00010 319862112
00010 325349884
00010 327088748
00010 328336598
00010 328348270
00010 329106692
00010 330925510
00010 332807976
00010 335528678
00010 336016034
00010 336640946
00010 336918162
00010 342867928
00010 342909736
00010 343541766
00010 344784914
00010 346201510
00010 348770118
00010 349574810
00010 353271320
00010 361367530
00010 361382636
00010 363957594
00010 365686372
00010 366669202
00010 369403566
00010 372856294
00010 374170600
00010 380892578
00010 381343788
00010 388769868
00010 390555418
00010 392390580
00010 392866376
00010 394041568
00010 403665794
00010 403792608
00010 407062718
00010 408965794
00010 412813444
00010 416025356
00010 417589804
00010 418668696
00010 418919298
00010 420038332
00010 420779504
00010 421001904
00010 421206076
00010 422476306
00010 428529792
00010 431286742
00010 434593108
00010 436455718
00010 441879380
00010 443956264
00010 454155844
00010 457128250
00010 460755252
00010 464079532
00010 465709342
00010 466573658
00010 467988206
00010 470751416
00010 475119812
00010 475846676
00010 478626078
00010 480145018
00010 487668044
00010 488874988
00010 489314132
00010 489940090
00010 490238618
00010 490503970
00010 493511822
00010 498575046
00010 500477628
00010 503374506
00010 504089586
00010 506208206
00010 508030856
00010 512993890
00010 513419172
00010 513706124
00010 515717710
00010 516780222
00010 517968392
00010 523679772
00010 527523212
00010 531055462
00010 534334166
00010 534925618
00010 536301790
00010 544108532
00010 546320784
00010 553361938
00010 553997406
00010 556418526
00010 556744704
00010 557536184
00010 559310158
00010 563493552
00010 563742236
00010 565385204
00010 565455334
00010 567272770
00010 570302058
00010 570927494
00010 573505670
00010 574482950
00010 578900212
00010 583529350
00010 584538284
00010 586844912
00010 587801070
00010 590806706
00010 593325760
00010 597231700
00010 603216560
00010 606308102
00010 608820854
00010 610632200
00010 616512768
00010 617096792
00010 619403540
00010 620004706
00010 620181672
00010 620855722
00010 622407658
00010 622563012
00010 623787606
00010 625019278
00010 634482996
00010 634961918
00010 638383024
00010 641073466
00010 644274932
00010 646180926
00010 655739808
00010 656732670
00010 658753632
00010 663307736
00010 665859202
00010 666458078
00010 670167820
00010 674275496
00010 674657958
00010 677340258
00010 677853090
00010 680579928
00010 681627052
00010 682400466
00010 682812400
00010 684585128
00010 685859472
00010 686261776
00010 687271884
00010 688237972
00010 689403876
00010 692757996
00010 693601802
00010 694595852
00010 696029238
00010 700435138
00010 701328452
00010 703841976
00010 705002390
00010 706179160
00010 707862380
00010 710730790
00010 711979646
00010 713969518
00010 716497378
00010 723609544
00010 723839032
00010 727898058
00010 728770832
00010 732166866
00010 733536470
00010 734769912
00010 737673194
00010 739114766
00010 745504484
00010 745594044
00010 747076908
00010 750705614
00010 751834602
00010 755890146
00010 756160384
00010 756963548
00010 758842810
00010 761762810
00010 762410378
00010 764734872
00010 766791452
00010 768380042
00010 769346542
00010 771619018
00010 772154460
00010 772184246
00010 776161922
00010 780699600
00010 780804796
00010 785838852
00010 789184706
00010 790680904
00010 791570306
00010 795442654
00010 796162992
00010 798100384
00010 798505544
00010 798834942
00010 800137868
00010 800160420
00010 804080878
00010 806599532
00010 808264010
00010 812301212
00010 815959460
00010 816752756
00010 820115210
00010 822069304
00010 823323526
00010 823686054
00010 824442838
00010 825637750
00010 826925536
00010 830837478
00010 832717390
00010 833120920
00010 842215230
00010 847623664
00010 850854558
00010 852619404
00010 854751688
00010 854754976
00010 856650472
00010 858945560
00010 866197208
00010 866855074
00010 880027416
00010 880735002
00010 881219922
00010 882705396
00010 883822858
00010 884082714
00010 887604828
00010 889903912
00010 897152356
00010 900936822
00010 912601202
00010 912602374
00010 913199390
00010 913483360
00010 915123232
00010 916284148
00010 918897724
00010 924014954
00010 925150504
00010 926131504
00010 932142508
00010 935392622
00010 937466158
00010 942383172
00010 943009330
00010 945309768
00010 947538228
00010 948113704
00010 948484288
00010 950193074
00010 951319822
00010 955894686
00010 962428272
00010 963214684
00010 964877166
00010 967153066
00010 968536624
00010 969302142
00010 969756414
00010 976091568
00010 977343676
00010 978210338
00010 978334874
00010 978965780
00010 981920932
00010 982283994
00010 982549916
00010 983550750
00010 990612726
00010 995119096
00010 995399412
00010 998291690
00010 2528794
00010 2912824
00010 3408942
00010 5878852
00010 7931188
00010 8199596
00010 10009344
00010 11558860
00010 14533038
00010 14765612
00010 15794108
00010 16119462
00010 16357480
00010 21334594
00010 21952440
00010 32223200
00010 34372310
00010 36847010
00010 37734184
00010 39463474
00010 41061836
00010 43463030
00010 44385504
00010 45049214
00010 53469842
00010 53552190
00010 53849478
00010 55369088
00010 59463230
00010 61196158
00010 61535686
00010 62704172
00010 62819246
00010 62844746
00010 63399912
00010 63451350
00010 64196886
00010 65856496
00010 70859286
00010 71274438
00010 72591578
00010 73804334
00010 74284954
00010 75291744
00010 77479328
00010 81975078
00010 86833494
00010 87858744
00010 91299752
00010 92827994
00010 93596648
00010 94168282
00010 96910602
00010 97796752
00010 102463618
00010 102502062
00010 102757632
00010 106270054
00010 106454104
00010 108818500
00010 112752026
00010 115864290
00010 121790456
00010 122111708
00010 133290040
00010 133649830
00010 139062416
00010 144195244
00010 145815308
00010 145980770
00010 148575268
00010 149575248
00010 150886404
00010 151216666
00010 151650852
00010 153785122
00010 155823512
00010 156508848
00010 160259894
00010 163501236
00010 163508142
00010 163954392
00010 167334700
00010 168046362
00010 168791986
00010 169158062
00010 169786686
00010 172672730
00010 175599686
00010 176901190
00010 177837736
00010 179982064
00010 180119034
00010 180525104
00010 182825782
00010 191144006
00010 199808558
00010 201630654
00010 202886006
00010 206345822
00010 212873216
00010 217406762
00010 219778478
00010 222162852
00010 225221608
00010 228988726
00010 229085184
00010 231012778
00010 238071092
00010 238758288
00010 239975736
00010 240385634
00010 240785456
00010 243056550
00010 247826806
00010 250791172
00010 250906840
00010 252221064
00010 256507358
00010 257489730
00010 258734848
00010 259802066
00010 260150132
00010 263453826
00010 263958492
00010 264144086
00010 276171262
00010 276195000
00010 280070218
00010 281245764
00010 283857764
00010 285136950
00010 287193382
00010 289185036
00010 289468518
00010 289681278
00010 291724510
00010 296186136
00010 298312342
00010 301725906
00010 302331502
00010 304968708
00010 306194690
00010 306576386
00010 306725676
00010 312817038
00010 313414116
00010 313775946
00010 319019796
00010 322875664
00010 323114620
00010 323368686
00010 325423556
00010 326081626
00010 327375728
00010 327696424
00010 332582410
00010 333936952
00010 335752638
00010 336266232
00010 336891190
00010 343214414
00010 345911298
00010 346265454
00010 346436882
00010 351547886
00010 354914608
00010 355401458
00010 355497160
00010 356732690
00010 357491278
00010 360239090
00010 366577902
00010 368666968
00010 369503690
00010 373582720
00010 374534228
00010 374788956
00010 378172510
00010 379083662
00010 379852022
00010 379975674
00010 380638104
00010 381575168
00010 381885136
00010 382896804
00010 383382458
00010 384308600
00010 393612776
00010 393838154
00010 394448998
00010 396706082
00010 400229588
00010 400609154
00010 401785174
00010 402594160
00010 404250382
00010 405130392
00010 411094090
00010 413611008
00010 415417652
00010 415435610
00010 421275122
00010 430014184
00010 432430854
00010 435449916
00010 435906220
00010 438682264
00010 439915544
00010 447574544
00010 450018896
00010 450630616
00010 452565724
00010 453738710
00010 453818614
00010 455557332
00010 461659202
00010 461696250
00010 462463956
00010 462786864
00010 467490956
00010 470265096
00010 476316658
00010 478002290
00010 478438212
00010 479980730
00010 480854438
00010 483807732
00010 484884506
00010 488147286
00010 492342378
00010 498172520
00010 498193652
00010 499542508
00010 501173464
00010 506063254
00010 507322112
00010 509507732
00010 511427390
00010 512783786
00010 516047602
00010 517362568
00010 517666240
00010 525180974
00010 529819188
00010 529846790
00010 529983206
00010 531014220
00010 533394216
00010 537134796
00010 539402268
00010 541467898
00010 542853348
00010 544559722
00010 546588368
00010 546619596
00010 548544624
00010 549433854
00010 550653552
00010 551282102
00010 553624494
00010 554807998
00010 556284706
00010 556398744
00010 558228548
00010 561927184
00010 569194822
00010 570515322
00010 570846538
00010 572165470
00010 573459452
00010 573766986
00010 576536604
00010 583531046
00010 586426528
00010 586700130
00010 586701756
00010 591312248
00010 591637870
00010 596646038
00010 596650088
00010 598097380
00010 600790014
00010 601630526
00010 604341334
00010 604562688
00010 605880234
00010 606216048
00010 607404900
00010 608253778
00010 608289946
00010 615120720
00010 616185376
00010 618373972
00010 619898436
00010 624050410
00010 625469238
00010 625757006
00010 629293878
00010 631481664
00010 632665462
00010 636463734
00010 638100160
00010 639524552
00010 641073900
00010 641814598
00010 643477638
00010 644669062
00010 646857938
00010 647324238
00010 647629932
00010 648004776
00010 651535358
00010 655864862
00010 656684282
00010 658678718
00010 659434976
00010 665375944
00010 671079506
00010 672054588
00010 672985712
00010 680896914
00010 684359824
00010 687912108
00010 688858590
00010 689818816
00010 689946030
00010 690860956
00010 691100974
00010 691102756
00010 692142052
00010 692744850
00010 699095364
00010 699512764
00010 703697030
00010 704500016
00010 704612644
00010 704962374
00010 705242446
00010 709287290
00010 710156006
00010 713742104
00010 718428464
00010 719732444
00010 722889904
00010 731046670
00010 733274804
00010 733371350
00010 739317366
00010 744389082
00010 744774668
00010 745876394
00010 749979008
00010 750729204
00010 751117966
00010 755290358
00010 759572454
00010 765631224
00010 767999644
00010 772070368
00010 775233010
00010 784755224
00010 786311026
00010 794222828
00010 794255770
00010 796714872
00010 799629238
00010 800517752
00010 811815780
00010 812786030
00010 816965154
00010 818747144
00010 825714124
00010 827572054
00010 827615604
00010 829559162
00010 829848562
00010 829852206
00010 832181010
00010 836693258
00010 838230684
00010 839223474
00010 843979904
00010 846115516
00010 850195576
00010 850329090
00010 858830222
00010 862788574
00010 862924634
00010 864545490
00010 865402950
00010 870167806
00010 872744526
00010 874465304
00010 874486568
00010 877537498
00010 884105370
00010 891663658
00010 893053568
00010 896818162
00010 902790018
00010 903342032
00010 908961896
00010 910565406
00010 914238864
00010 914941530
00010 915717980
00010 916972214
00010 925634890
00010 930400630
00010 932548416
00010 936407318
00010 938143004
00010 941016802
00010 941519308
00010 948034238
00010 950310582
00010 950915426
00010 952031880
00010 952131448
00010 954329664
00010 956409296
00010 956559052
00010 957662478
00010 957922720
00010 958323654
00010 967646952
00010 968679754
00010 971989660
00010 974067728
00010 975298276
00010 976291762
00010 978971282
00010 979254618
00010 979392016
00010 980034602
00010 983521464
00010 985943592
00010 989118386
00010 990054138
00010 992391922
00010 993665504
00010 997171890
00010 452982
00010 3524792
00010 7855854
00010 12672296
00010 13328248
00010 29194064
00010 29674700
00010 30257796
00010 32198102
00010 35489688
00010 35578464
00010 36104468
00010 37774336
00010 38296804
00010 41324298
00010 41582966
00010 41891638
00010 43808716
00010 45741252
00010 50723690
00010 52982562
00010 53243354
00010 61837454
00010 65893626
00010 67085626
00010 68001520
00010 68500240
00010 68612710
00010 68661262
00010 71014680
00010 71032460
00010 75907724
00010 76220612
00010 76621148
00010 78683118
00010 84856934
00010 86094252
00010 88312444
00010 90003214
00010 90016704
00010 92228686
00010 95283276
00010 101706222
00010 102521228
00010 103581008
00010 105012134
00010 107299164
00010 110355396
00010 110788772
00010 111074962
00010 113544342
00010 116612016
00010 116796650
00010 117270468
00010 122893204
00010 123141264
00010 123415130
00010 129638306
00010 132626630
00010 134864464
00010 136759336
00010 139850192
00010 142384306
00010 142591642
00010 143860304
00010 145069158
00010 145972772
00010 146873960
00010 149189996
00010 158099642
00010 158357782
00010 159966250
00010 160694538
00010 168486788
00010 168952588
00010 172767914
00010 185213240
00010 185895916
00010 186302952
00010 187192528
00010 191642170
00010 192973552
00010 194564282
00010 196726444
00010 196971202
00010 198345702
00010 200552006
00010 201628460
00010 205186816
00010 206750716
00010 206765022
00010 209546202
00010 209819078
00010 210724482
00010 211886870
00010 212795672
00010 214612934
00010 215215490
00010 215492142
00010 217852020
00010 218737900
00010 218831152
00010 221300942
00010 221513646
00010 222891682
00010 223635512
00010 224320186
00010 225726860
00010 227994348
00010 228591530
00010 228808380
00010 232099058
00010 233624858
00010 234000694
00010 235529972
00010 236357828
00010 236419354
00010 236875774
00010 236914492
00010 239613244
00010 242142436
00010 242399620
00010 253088592
00010 257067650
00010 265550080
00010 273735308
00010 279151960
00010 288177778
00010 288296966
00010 289671146
00010 293762320
00010 297101204
00010 299096472
00010 299980934
00010 301294960
00010 303212820
00010 304318386
00010 305097028
00010 305984764
00010 307397784
00010 307800274
00010 310431158
00010 311538402
00010 317083284
00010 321554170
00010 322795742
00010 324769998
00010 326092524
00010 327343346
00010 327883082
00010 334499606
00010 335692252
00010 337302598
00010 337728348
00010 341352130
00010 341701678
00010 342028666
00010 345339844
00010 349614758
00010 351791008
00010 351970484
00010 353465554
00010 354664090
00010 357778522
00010 358863366
00010 360759662
00010 360879948
00010 361842814
00010 363327982
00010 363388718
00010 363800180
00010 366169582
00010 368045522
00010 372725712
00010 374570400
00010 380122512
00010 381234272
00010 383358194
00010 384211100
00010 386719236
00010 386992176
00010 387989240
00010 393785476
00010 394731242
00010 396379148
00010 400771212
00010 401311640
00010 403740330
00010 404748332
00010 405489074
00010 407454268
00010 408171388
00010 408760842
00010 411816342
00010 411833976
00010 414648286
00010 415624434
00010 417756590
00010 419725536
00010 422954564
00010 427333640
00010 429330236
00010 429702438
00010 430100126
00010 432513274
00010 433529280
00010 435215968
00010 440464178
00010 441432502
00010 441810654
00010 446718982
00010 451711288
00010 453906834
00010 463247620
00010 463281772
00010 467739678
00010 472796824
00010 474516896
00010 474585022
00010 477001938
00010 477299082
00010 480538470
00010 482311120
00010 484269236
00010 486761398
00010 487884762
00010 493791440
00010 495535048
00010 497463056
00010 506453000
00010 512533406
00010 515887050
00010 516033268
00010 517364682
00010 520759912
00010 522586578
00010 523635722
00010 523744748
00010 524420618
00010 524949952
00010 528997472
00010 529174850
00010 530285958
00010 532740294
00010 533138494
00010 534143262
00010 539866312
00010 540472866
00010 543447530
00010 543666308
00010 543689932
00010 548561008
00010 551596304
00010 552736456
00010 552965324
00010 559128386
00010 559222700
00010 561439766
00010 565417754
00010 568905536
00010 568919858
00010 569783938
00010 569889348
00010 571063460
00010 573705200
00010 573731614
00010 573838164
00010 575545474
00010 578451410
00010 579112026
00010 586734010
00010 587929850
00010 588260738
00010 590916996
00010 594214514
00010 596733820
00010 599053976
00010 600166144
00010 602822058
00010 605962066
00010 609855224
00010 610445034
00010 614085924
00010 618833338
00010 618988574
00010 621454566
00010 624019442
00010 625765002
00010 628136666
00010 628890118
00010 629181394
00010 629552600
00010 633858776
00010 634325324
00010 640756758
00010 641500456
00010 644318636
00010 645713240
00010 646891650
00010 647069090
00010 647504732
00010 652063950
00010 654627130
00010 660466442
00010 663946762
00010 664085582
00010 664394350
00010 664422654
00010 666864008
00010 668322874
00010 669466540
00010 669571000
00010 671359524
00010 672358004
00010 672970634
00010 673892024
00010 675535910
00010 678803632
00010 684703722
00010 688729848
00010 693190798
00010 693575202
00010 695919504
00010 699739144
00010 699859348
00010 702513038
00010 703063654
00010 710914516
00010 712748896
00010 719528016
00010 719877282
00010 721282840
00010 724069492
00010 725319566
00010 729292154
00010 731319248
00010 731693208
00010 733992572
00010 736391042
00010 737038220
00010 739659506
00010 747823222
00010 752277016
00010 755437132
00010 756738034
00010 759064348
00010 761559306
00010 765706082
00010 768643802
00010 770405554
00010 772291820
00010 774688470
00010 775435980
00010 777981738
00010 782794784
00010 785280698
00010 792718400
00010 792950166
00010 796302002
00010 798213256
00010 799414070
00010 800176600
00010 803365426
00010 805223628
00010 805433880
00010 807121842
00010 807423644
00010 807595300
00010 809417312
00010 809419436
00010 815304218
00010 815618268
00010 818996110
00010 819271136
00010 819887102
00010 826888550
00010 826921916
00010 833270102
00010 834501018
00010 836492980
00010 840582142
00010 841225920
00010 847072630
00010 849189354
00010 849792282
00010 851219402
00010 852343028
00010 857309722
00010 858164430
00010 859195982
00010 859251188
00010 859278942
00010 859402722
00010 860094916
00010 861419360
00010 861955674
00010 862034060
00010 862561622
00010 862875642
00010 864286556
00010 869880674
00010 869882204
00010 872292040
00010 877905102
00010 880554752
00010 885460986
00010 887339812
00010 889538114
00010 890757064
00010 891232018
00010 894215882
00010 895269688
00010 896410184
00010 898153940
00010 900563518
00010 908894784
00010 916096690
00010 919174734
00010 924059364
00010 924384460
00010 927248494
00010 928069006
00010 934148654
00010 934242152
00010 935429208
00010 936075496
00010 936971194
00010 938518534
00010 940013450
00010 940076002
00010 940435906
00010 943087578
00010 943990758
00010 945163222
00010 947594418
00010 947697836
00010 948239336
00010 950501642
00010 956582394
00010 958805374
00010 960110510
00010 960816928
00010 961214502
00010 962214060
00010 973690570
00010 976614746
00010 983222010
00010 983651570
00010 985625560
00010 985693032
00010 986232626
00010 987537614
00010 993825292
00010 995466558
00010 995892584
00010 997894814
00010 4049958
00010 8447138
00010 9300680
00010 9550248
00010 12314498
00010 17766256
00010 18447548
00010 32339316
00010 32671362
00010 34018148
00010 37956290
00010 38589374
00010 38655312
00010 42262144
00010 47680410
00010 49477826
00010 52311702
00010 55126850
00010 56218410
00010 57528946
00010 58601552
00010 58957374
00010 59966650
00010 61595866
00010 62890198
00010 65937072
00010 68059040
00010 71019206
00010 71246008
00010 73062722
00010 75080568
00010 75552416
00010 80128200
00010 82360520
00010 84751678
00010 87124178
00010 90722316
00010 90952644
00010 99399240
00010 101953654
00010 104218794
00010 104957822
00010 114176474
00010 116968766
00010 119932890
00010 120642336
00010 121023262
00010 121055294
00010 121141618
00010 124178682
00010 131264098
00010 131940714
00010 137366554
00010 138968436
00010 139202964
00010 139340262
00010 139991596
00010 142053218
00010 153064952
00010 154027906
00010 157194590
00010 162826392
00010 162851044
00010 163191604
00010 163288620
00010 164605410
00010 166819930
00010 166930270
00010 169900430
00010 170228018
00010 171326800
00010 173828706
00010 184117198
00010 184783038
00010 194303446
00010 197434598
00010 198178888
00010 198221476
00010 198926378
00010 199819430
00010 200368572
00010 205382830
00010 205534784
00010 207213662
00010 208287936
00010 213034636
00010 213672062
00010 213920366
00010 215370416
00010 217489214
00010 221169972
00010 221268472
00010 222644860
00010 224759194
00010 225678112
00010 228725484
00010 234776184
00010 235783002
00010 235785198
00010 237106228
00010 237200274
00010 242126316
00010 243439654
00010 244068778
00010 245472832
00010 246084278
00010 249444474
00010 252249788
00010 257028036
00010 260516274
00010 261272528
00010 264632644
00010 267663914
00010 268388078
00010 268716634
00010 268909808
00010 269186516
00010 271094348
00010 272975408
00010 272986556
00010 275749814
00010 277034730
00010 277148908
00010 280888182
00010 286078970
00010 288995316
00010 290359758
00010 290893546
00010 292710250
00010 293220496
00010 297950696
00010 303688580
00010 306344726
00010 309591300
00010 313349544
00010 313949772
00010 318016726
00010 324257908
00010 327959438
00010 329748292
00010 331540074
00010 337032720
00010 340724042
00010 340893570
00010 341462478
00010 341595734
00010 342477690
00010 343072188
00010 343442950
00010 343869334
00010 348239542
00010 349370278
00010 350200070
00010 354335758
00010 354923754
00010 363959080
00010 366968902
00010 367918458
00010 370088144
00010 370212154
00010 378099324
00010 383169318
00010 384122902
00010 385131508
00010 389170232
00010 390239328
00010 390284020
00010 395872016
00010 396435162
00010 396673910
00010 397703464
00010 397932062
00010 402429996
00010 408929746
00010 415106652
00010 417439082
00010 418945974
00010 419485646
00010 422449232
00010 422722690
00010 435075838
00010 437597406
00010 440248826
00010 440913930
00010 442129946
00010 443200182
00010 449608144
00010 451557720
00010 452788592
00010 454192414
00010 455313602
00010 459518698
00010 460660136
00010 461191748
00010 463201778
00010 463932330
00010 467032622
00010 467406020
00010 469523562
00010 472745768
00010 474299254
00010 474392756
00010 475112696
00010 477514672
00010 477701286
00010 479430664
00010 482586494
00010 486014552
00010 486339648
00010 487388040
00010 488571194
00010 490814912
00010 490839926
00010 492502122
00010 493033838
00010 496439620
00010 496584384
00010 497001558
00010 497332742
00010 499207120
00010 499336594
00010 499820828
00010 504200432
00010 506548816
00010 508831700
00010 521238896
00010 522404872
00010 522931206
00010 523824128
00010 524058682
00010 525772468
00010 525839840
00010 527307034
00010 527317488
00010 530002766
00010 530934524
00010 534063844
00010 535811960
00010 537350848
00010 538758930
00010 540007044
00010 543675690
00010 543676882
00010 545176872
00010 549023734
00010 549025838
00010 550577838
00010 551882842
00010 552596918
00010 553058364
00010 553476336
00010 562010056
00010 562011756
00010 562629172
00010 563237130
00010 563293492
00010 565245974
00010 566421992
00010 567017862
00010 568326286
00010 570597156
00010 571646298
00010 573057490
00010 573495300
00010 578317416
00010 580841066
00010 582232662
00010 587975634
00010 588321918
00010 588974830
00010 589865562
00010 591066788
00010 591764490
00010 592595536
00010 593016084
00010 596290578
00010 597136056
00010 598121288
00010 598586796
00010 600103826
00010 603082140
00010 606313546
00010 606425916
00010 610163930
00010 610425146
00010 610566064
00010 611580456
00010 614365478
00010 614386716
00010 615001896
00010 615642198
00010 617273272
00010 617810092
00010 619925018
00010 620675616
00010 622275492
00010 622744732
00010 622806842
00010 623510636
00010 623543070
00010 627340740
00010 633520570
00010 636859992
00010 637078162
00010 637940152
00010 639745564
00010 641162196
00010 644529022
00010 651357948
00010 653162072
00010 653295692
00010 653464258
00010 655331592
00010 657646228
00010 661477134
00010 661741252
00010 662187388
00010 669162388
00010 670969270
00010 671696566
00010 673206822
00010 675250844
00010 683054822
00010 687188128
00010 689104682
00010 690287192
00010 690870788
00010 696144178
00010 700316772
00010 701435178
00010 704621482
00010 706680918
00010 710210816
00010 711179740
00010 712853802
00010 714510590
00010 717458564
00010 717868184
00010 719541488
00010 721377958
00010 723044902
00010 723831232
00010 724150022
00010 725995726
00010 728409580
00010 731061776
00010 732416606
00010 739609420
00010 740104218
00010 744732934
00010 748482234
00010 749912934
00010 750747030
00010 760875786
00010 763581138
00010 765821060
00010 769297286
00010 770004224
00010 770740104
00010 772981204
00010 773967064
00010 776173978
00010 777786362
00010 779292232
00010 780145628
00010 780473366
00010 781037612
00010 782131788
00010 789092956
00010 789119488
00010 789405510
00010 790365618
00010 795112906
00010 795619542
00010 797867458
00010 800131332
00010 800942002
00010 801238770
00010 804385062
00010 806927612
00010 809073362
00010 811594268
00010 811644594
00010 818381310
00010 821493950
00010 821520460
00010 821670990
00010 824492754
00010 825752554
00010 829532436
00010 830415228
00010 833234840
00010 833436252
00010 833820726
00010 838078988
00010 841605710
00010 843754514
00010 846370050
00010 848437332
00010 848768674
00010 848960724
00010 849247178
00010 852363480
00010 852462254
00010 855122862
00010 862350066
00010 868782620
00010 871070648
00010 872672564
00010 876879790
00010 878995688
00010 879337852
00010 884383444
00010 885494002
00010 886589960
00010 887842420
00010 888393480
00010 893525986
00010 895847700
00010 895938920
00010 897254382
00010 897778384
00010 902467828
00010 908441776
00010 910317536
00010 910929038
00010 910957016
00010 912380200
00010 927154046
00010 928819676
00010 929251386
00010 932780846
00010 937671804
00010 938102718
00010 938919796
00010 940325936
00010 943967842
00010 945918344
00010 951748534
00010 958334640
00010 958987822
00010 959399874
00010 960024670
00010 965264392
00010 965795650
00010 965973358
00010 966194886
00010 966211168
00010 968141274
00010 968143108
00010 968151780
00010 969003576
00010 970268616
00010 971301596
00010 971431802
00010 973099976
00010 974623292
00010 975730696
00010 976479894
00010 977643070
00010 980323402
00010 984611488
00010 986242454
00010 988151616
00010 990466848
00010 994427458
00010 998374378
00010 2056560
00010 2087212
00010 2853546
00010 3684678
00010 3805498
00010 4303548
00010 5530570
00010 6504936
00010 7256178
00010 12228586
00010 12229766
00010 15198164
00010 15551962
00010 15809510
00010 16675416
00010 17598062
00010 18101266
00010 20911390
00010 20976358
00010 21315394
00010 22527102
00010 28557808
00010 28983070
00010 32064624
00010 32301338
00010 33025368
00010 35404696
00010 39236750
00010 40573324
00010 41066702
00010 41598354
00010 42836604
00010 43356546
00010 46743056
00010 49794578
00010 51429900
00010 54306236
00010 59849058
00010 61738570
00010 64808960
00010 65969968
00010 66834048
00010 69561862
00010 70191312
00010 71431426
00010 72773644
00010 77810942
00010 80162636
00010 81582260
00010 84784852
00010 86204044
00010 87168830
00010 89041690
00010 90168538
00010 94730116
00010 97263396
00010 100243616
00010 100817514
00010 102592100
00010 106285010
00010 113741532
00010 114452980
00010 114488664
00010 114501882
00010 115283764
00010 117172358
00010 120390406
00010 124008644
00010 125862390
00010 126957170
00010 130611836
00010 132564602
00010 133941934
00010 135389326
00010 135576742
00010 145320596
00010 148069168
00010 148567980
00010 149068630
00010 150158144
00010 151014902
00010 155401548
00010 155415708
00010 156586642
00010 158549952
00010 158671430
00010 159618692
00010 163128786
00010 165537394
00010 168867670
00010 171746336
00010 173406016
00010 174769116
00010 176218154
00010 176634668
00010 179566482
00010 181282768
00010 181860740
00010 188404918
00010 195814116
00010 195861338
00010 198466128
00010 200398602
00010 205517080
00010 212160324
00010 212193076
00010 212472302
00010 213130094
00010 218400340
00010 219174070
00010 219523888
00010 220657888
00010 222788732
00010 223427154
00010 224820366
00010 224830740
00010 231116456
00010 234829970
00010 235932258
00010 236980884
00010 239833150
00010 241722934
00010 244607710
00010 245294934
00010 247455148
00010 249164744
00010 252275380
00010 253028814
00010 253730166
00010 254884200
00010 255172144
00010 257245938
00010 258622270
00010 259987764
00010 260704624
00010 260911538
00010 267756636
00010 269578760
00010 277349006
00010 279473026
00010 280512612
00010 282242788
00010 283364060
00010 285380308
00010 286944084
00010 287728148
00010 288261644
00010 293485890
00010 298115382
00010 298822262
00010 299389504
00010 304038094
00010 307533818
00010 307880490
00010 310376172
00010 315880140
00010 317533560
00010 317589504
00010 319088548
00010 320389292
00010 321470084
00010 321576956
00010 325321630
00010 326537976
00010 326919012
00010 329741078
00010 330793426
00010 331587890
00010 332993742
00010 333982752
00010 335770116
00010 339142762
00010 342998186
00010 347803306
00010 348700996
00010 349138168
00010 351411834
00010 352767040
00010 353681092
00010 361758614
00010 361816308
00010 362146050
00010 364972620
00010 366447500
00010 366494130
00010 367106596
00010 367941618
00010 369730330
00010 374097178
00010 375562136
00010 376125214
00010 376441324
00010 376683856
00010 378163178
00010 382337080
00010 386599818
00010 390149012
00010 391461270
00010 396746062
00010 398096958
00010 398984866
00010 400629498
00010 400832826
00010 401216434
00010 401378454
00010 403675896
00010 406088980
00010 406431818
00010 411472278
00010 414383748
00010 414921140
00010 416299206
00010 416583056
00010 417966326
00010 418209414
00010 419138016
00010 419838980
00010 420375564
00010 423044078
00010 424382426
00010 424389954
00010 425083710
00010 427164584
00010 434364410
00010 435003076
00010 436433434
00010 438888948
00010 441790518
00010 456572122
00010 457820554
00010 458316124
00010 460472986
00010 467723844
00010 468559316
00010 468714230
00010 472510548
00010 474719672
00010 476418644
00010 485142592
00010 486515158
00010 486669758
00010 487433538
00010 488859180
00010 490671346
00010 498679078
00010 498883790
00010 499826542
00010 506281168
00010 506393152
00010 506515692
00010 508255252
00010 508862556
00010 509943338
00010 511253260
00010 512019136
00010 512273292
00010 512940546
00010 513079116
00010 513800042
00010 515007876
00010 517067704
00010 518529710
00010 524256902
00010 528439510
00010 532094420
00010 533970028
00010 537248202
00010 539461528
00010 540240162
00010 541510650
00010 545472762
00010 546930332
00010 548091630
00010 553382234
00010 554299776
00010 554842452
00010 556263412
00010 559028184
00010 563954908
00010 566186524
00010 566472006
00010 568330170
00010 572977402
00010 578355618
00010 580652520
00010 581950904
00010 582231804
00010 584118808
00010 585700756
00010 586702216
00010 589161414
00010 591746372
00010 592883784
00010 592886390
00010 593056212
00010 593485328
00010 593656852
00010 594720902
00010 595114952
00010 597296684
00010 599431074
00010 602305124
00010 602667668
00010 604299988
00010 605407758
00010 606026130
00010 610341490
00010 615185084
00010 617279494
00010 617353816
00010 617611486
00010 618235594
00010 628461838
00010 628815926
00010 631143492
00010 634770446
00010 636709020
00010 642057058
00010 645443678
00010 649293340
00010 650815502
00010 653099264
00010 655872602
00010 657832046
00010 659464898
00010 659775658
00010 665891980
00010 667919534
00010 668008588
00010 668610540
00010 669555004
00010 669828344
00010 671405988
00010 677219780
00010 678116690
00010 679423854
00010 682262640
00010 685228990
00010 685843474
00010 687116642
00010 690724246
00010 691560036
00010 691765336
00010 692052806
00010 694767096
00010 700304342
00010 703788304
00010 706620200
00010 709289208
00010 713000894
00010 713692910
00010 713818330
00010 714886484
00010 717520904
00010 721783708
00010 721845826
00010 721874402
00010 721991710
00010 722486604
00010 724676812
00010 724771370
00010 725937306
00010 731691798
00010 734678296
00010 735279296
00010 735718470
00010 737258518
00010 741571416
00010 743095130
00010 743915412
00010 749881598
00010 750604240
00010 752964460
00010 758839228
00010 760985986
00010 761975112
00010 764666070
00010 764969650
00010 769108470
00010 769486886
00010 770909576
00010 771445198
00010 773349898
00010 776239752
00010 778697474
00010 780292108
00010 786063536
00010 786624032
00010 787109640
00010 787878564
00010 792477982
00010 792652268
00010 792822430
00010 793893538
00010 796386220
00010 796423998
00010 796844948
00010 796850144
00010 801572468
00010 804259846
00010 808080218
00010 808101048
00010 808220500
00010 816928214
00010 826702674
00010 826832944
00010 828903142
00010 829488994
00010 835510492
00010 837808894
00010 838882328
00010 841670740
00010 842993476
00010 843843712
00010 848690200
00010 850176306
00010 850609296
00010 850616586
00010 854101366
00010 854263744
00010 854599316
00010 856920672
00010 860057802
00010 862739402
00010 862805444
00010 863579612
00010 864884766
00010 868509504
00010 869191130
00010 873113068
00010 875651356
00010 876134274
00010 876172230
00010 877291420
00010 877675944
00010 878613038
00010 883592496
00010 884646350
00010 888661654
00010 891392062
00010 892959706
00010 894999752
00010 895961408
00010 897353122
00010 900862430
00010 901386004
00010 904364626
00010 905131406
00010 907281926
00010 907491646
00010 909704596
00010 912003624
00010 913595976
00010 913599626
00010 914629476
00010 914901876
00010 918347468
00010 921411194
00010 923122604
00010 924481056
00010 924644710
00010 926278494
00010 927029064
00010 929534152
00010 930881862
00010 935305938
00010 935434506
00010 937240870
00010 937996652
00010 940309882
00010 941398950
00010 942019134
00010 942543898
00010 945183976
00010 946884456
00010 948584360
00010 950802706
00010 950952472
00010 952973754
00010 956553882
00010 959425592
00010 963001118
00010 964847124
00010 964908324
00010 969100310
00010 970483756
00010 971714198
00010 975917422
00010 975935614
00010 978032820
00010 985245778
00010 986579394
00010 987201414
00010 987675166
00010 988728190
00010 989332164
00010 990585438
00010 991350398
00010 992687400
00010 992729690
00010 996942816
00010 999152996
00010 1498628
00010 5372878
00010 8931612
00010 9288208
00010 9402888
00010 9932698
00010 10177296
00010 12995952
00010 13369688
00010 17220090
00010 20425448
00010 22053026
00010 24816328
00010 29488456
00010 33648698
00010 35012424
00010 35200776
00010 35218916
00010 39597404
00010 40659978
00010 43104422
00010 44889816
00010 49750608
00010 53588294
00010 53596492
00010 54904656
00010 57846852
00010 61628180
00010 61856072
00010 63471874
00010 68073756
00010 74630998
00010 76342892
00010 77692370
00010 78567196
00010 81343782
00010 87459888
00010 87462072
00010 93353216
00010 95637386
00010 104079418
00010 108363674
00010 109129800
00010 110220838
00010 110695572
00010 112579954
00010 114264528
00010 119992670
00010 127397712
00010 130519450
00010 132666790
00010 136204550
00010 138077160
00010 149026802
00010 149235366
00010 153848882
00010 156603106
00010 157820690
00010 157916178
00010 159308184
00010 162807118
00010 163442454
00010 164231972
00010 165878770
00010 168964346
00010 170289824
00010 170980618
00010 171217254
00010 171422152
00010 171929594
00010 172120336
00010 172159110
00010 182388668
00010 186044186
00010 186642302
00010 191265750
00010 194318918
00010 195793132
00010 196340824
00010 201733820
00010 204825582
00010 204977410
00010 206473062
00010 208686174
00010 210591406
00010 210760970
00010 211364518
00010 214156492
00010 215535828
00010 221375330
00010 222907594
00010 224125230
00010 224159348
00010 227741624
00010 228904308
00010 233220958
00010 237423424
00010 238727798
00010 239905620
00010 240149650
00010 241162744
00010 244446064
00010 247071154
00010 248940280
00010 250870906
00010 255761026
00010 256989748
00010 258807170
00010 264234322
00010 264668096
00010 267672718
00010 267818656
00010 267874986
00010 269014344
00010 269656862
00010 273663652
00010 274739804
00010 275095514
00010 276876720
00010 280247286
00010 282395606
00010 282723560
00010 285631498
00010 289965818
00010 291676080
00010 291750834
00010 292549660
00010 292874962
00010 293821118
00010 297655854
00010 299466820
00010 300125414
00010 300736230
00010 306612544
00010 309226986
00010 309370118
00010 310007902
00010 312971594
00010 313140802
00010 315436004
00010 316724706
00010 318783674
00010 324631934
00010 325051364
00010 326193948
00010 328513520
00010 328705672
00010 331782466
00010 332561154
00010 336696554
00010 340401000
00010 340543114
00010 340804414
00010 344087824
00010 350637970
00010 354715640
00010 362152696
00010 366789398
00010 368091944
00010 369495436
00010 372480946
00010 372482344
00010 375637300
00010 381932106
00010 382570474
00010 384030036
00010 385671132
00010 385963856
00010 390139518
00010 398252376
00010 399368614
00010 399893514
00010 400183866
00010 400265012
00010 402970034
00010 403459840
00010 404620492
00010 404785014
00010 405964778
00010 406354506
00010 406704020
00010 406868092
00010 412654830
00010 413169516
00010 413989906
00010 417629920
00010 420273796
00010 420423754
00010 421023548
00010 421418316
00010 421445046
00010 421488316
00010 423633626
00010 424566264
00010 425253018
00010 425851480
00010 426031818
00010 428591606
00010 431712720
00010 434327670
00010 434921034
00010 435839774
00010 439588870
00010 439647706
00010 442932456
00010 458576142
00010 461685634
00010 462375054
00010 470212014
00010 475372090
00010 475443292
00010 475679504
00010 478950830
00010 482948746
00010 483974178
00010 485298814
00010 486864000
00010 488676804
00010 489245870
00010 489311396
00010 495277752
00010 495542128
00010 497032076
00010 508655540
00010 509270050
00010 510462788
00010 514851028
00010 516593972
00010 518809346
00010 519563250
00010 519802480
00010 521171426
00010 521943116
00010 522110922
00010 524619102
00010 525654032
00010 525685218
00010 526083638
00010 526454102
00010 527141224
00010 528065214
00010 531844110
00010 532740324
00010 534011318
00010 536183188
00010 537319142
00010 537803262
00010 537823288
00010 537847264
00010 538603564
00010 539316982
00010 543588484
00010 550721984
00010 552066250
00010 553421780
00010 558957490
00010 559985822
00010 571888660
00010 574110772
00010 576803866
00010 576816140
00010 578745298
00010 579663092
00010 586778146
00010 587045886
00010 591773816
00010 595407522
00010 598048988
00010 598177386
00010 599963334
00010 600035284
00010 600645382
00010 602245444
00010 603254398
00010 604718830
00010 604877874
00010 605889060
00010 606594550
00010 609344810
00010 611275672
00010 612948442
00010 614231228
00010 614874486
00010 615401754
00010 616610532
00010 617618420
00010 617661724
00010 621061876
00010 621129746
00010 622419530
00010 622527836
00010 625066272
00010 626426206
00010 627657672
00010 629184422
00010 630536986
00010 633221848
00010 635750464
00010 638144100
00010 641419214
00010 642410400
00010 642412430
00010 645365696
00010 645757172
00010 646607298
00010 647025092
00010 653298560
00010 663488144
00010 664991118
00010 679960288
00010 681436510
00010 683933198
00010 684449438
00010 685023160
00010 686632776
00010 686735990
00010 687432452
00010 687727824
00010 687740350
00010 688186932
00010 692202508
00010 692877962
00010 693918266
00010 694171026
00010 696765898
00010 698400586
00010 700101202
00010 700444514
00010 704995694
00010 705961522
00010 707298584
00010 710134778
00010 710953632
00010 715749402
00010 716176368
00010 716185388
00010 720972964
00010 722033342
00010 723435780
00010 732789874
00010 733994930
00010 735385724
00010 737559302
00010 737564274
00010 739109360
00010 741658348
00010 742618250
00010 743044192
00010 754307566
00010 757046060
00010 761053758
00010 761339934
00010 761747486
00010 762644000
00010 762790378
00010 763516960
00010 765369162
00010 765985454
00010 766005602
00010 767874176
00010 768471362
00010 769931896
00010 773976038
00010 774435370
00010 775166482
00010 778709444
00010 781325422
00010 781996990
00010 782041032
00010 787831730
00010 790013686
00010 794526202
00010 794976504
00010 795921388
00010 796777704
00010 797193068
00010 798277102
00010 803477192
00010 804100418
00010 805924438
00010 806881328
00010 808279762
00010 810242100
00010 814218778
00010 822413880
00010 825082022
00010 826983840
00010 827820694
00010 833710242
00010 834123444
00010 836558416
00010 837971136
00010 841335104
00010 841767256
00010 841787034
00010 843296052
00010 846653398
00010 847097096
00010 847391042
00010 850370770
00010 853503222
00010 854369208
00010 856431928
00010 860869408
00010 862862428
00010 866399528
00010 867803114
00010 872930448
00010 873331008
00010 876171792
00010 881296996
00010 881714190
00010 882178934
00010 882442850
00010 884933940
00010 885256772
00010 885598768
00010 886405192
00010 888525528
00010 893898588
00010 894402660
00010 894407942
00010 895242630
00010 895278054
00010 895283326
00010 900131718
00010 900134090
00010 901696174
00010 903657082
00010 907804410
00010 908046692
00010 910332962
00010 910377980
00010 919859146
00010 920260768
00010 921185830
00010 926062392
00010 926825376
00010 931361872
00010 932799586
00010 933029752
00010 938329424
00010 940234702
00010 944705138
00010 951282558
00010 951824482
00010 953662956
00010 954661896
00010 961898662
00010 967026248
00010 968148464
00010 971914674
00010 971936398
00010 972926080
00010 976006048
00010 977438202
00010 981272612
00010 983718614
00010 983972488
00010 991189552
00010 992003346
00010 992293748
00010 992691452
00010 994286004
00010 994359930
00010 995105574
00010 996104048
00010 1000254390
00010 2530712
00010 3415620
00010 3478448
00010 4802142
00010 8600040
00010 9141990
00010 13759022
00010 15101822
00010 17846716
00010 20535646
00010 22359488
00010 28561198
00010 28562660
00010 28632574
00010 29681830
00010 32744810
00010 33284126
00010 35231674
00010 36041904
00010 38828482
00010 42676124
00010 45395024
00010 45870634
00010 46549006
00010 47552498
00010 51713044
00010 51958594
00010 52650950
00010 56063166
00010 58205478
00010 58990860
00010 60839362
00010 62251236
00010 65332160
00010 68764922
00010 76943424
00010 80488904
00010 84777210
00010 87008884
00010 88029054
00010 90081176
00010 90575018
00010 92086710
00010 97100984
00010 98347370
00010 99928832
00010 101163504
00010 102158060
00010 102935152
00010 105733716
00010 106471518
00010 114103578
00010 114303826
00010 114641558
00010 116297964
00010 117581058
00010 118934796
00010 119402918
00010 123156588
00010 125662584
00010 125769114
00010 125887788
00010 128234956
00010 128421236
00010 131857544
00010 132973346
00010 135062660
00010 139925076
00010 142639600
00010 144762428
00010 145877376
00010 148807502
00010 148820404
00010 148867458
00010 148869316
00010 150082964
00010 150802138
00010 156952444
00010 157864212
00010 160203626
00010 165243838
00010 165287376
00010 167004580
00010 167240824
00010 168961626
00010 169354480
00010 187959922
00010 194041934
00010 195418238
00010 197141618
00010 198699938
00010 205295978
00010 206022792
00010 208226414
00010 209878254
00010 209932594
00010 212521846
00010 217057952
00010 217192340
00010 224064126
00010 228675444
00010 229092026
00010 235001540
00010 237807526
00010 239494638
00010 240898816
00010 241609674
00010 244552598
00010 244781860
00010 248024856
00010 251489272
00010 253755144
00010 255558342
00010 256176732
00010 258251998
00010 258352546
00010 262132772
00010 262137412
00010 264270514
00010 266404024
00010 267602754
00010 270912214
00010 271838210
00010 271853392
00010 280147432
00010 281093246
00010 282480596
00010 285291870
00010 286940172
00010 289773216
00010 289910924
00010 290224016
00010 295537826
00010 295752702
00010 297399762
00010 299353926
00010 302045724
00010 305066760
00010 306420004
00010 309851834
00010 310134090
00010 312879092
00010 313135522
00010 313267244
00010 313839842
00010 314952652
00010 317751338
00010 320300418
00010 321596722
00010 325531900
00010 325784970
00010 328335324
00010 329663040
00010 330268680
00010 330653016
00010 330726772
00010 330828692
00010 331883354
00010 332954254
00010 335435414
00010 335436680
00010 335544994
00010 338756950
00010 341286702
00010 343847058
00010 344436042
00010 345058546
00010 345866254
00010 347024876
00010 350653264
00010 350654992
00010 353067312
00010 355376728
00010 361291868
00010 365381122
00010 370155500
00010 370432908
00010 373047206
00010 373795630
00010 374646334
00010 375125712
00010 378831080
00010 379253848
00010 379655994
00010 380241972
00010 380435786
00010 382379432
00010 386478350
00010 388512720
00010 389173260
00010 390463118
00010 393556012
00010 394939168
00010 396878008
00010 397257614
00010 399063760
00010 406194538
00010 406863462
00010 406919236
00010 407855348
00010 410764892
00010 411909826
00010 412376118
00010 414226622
00010 415520470
00010 417883058
00010 419693674
00010 420812596
00010 425024028
00010 428988250
00010 430404416
00010 434391032
00010 434952536
00010 435833266
00010 437193740
00010 440637400
00010 441886110
00010 451161332
00010 457608234
00010 457706062
00010 457836548
00010 459105606
00010 469362506
00010 470775280
00010 472658470
00010 474448856
00010 474513010
00010 476988876
00010 478802582
00010 481592314
00010 487832846
00010 489776894
00010 491203694
00010 494318506
00010 496573358
00010 501117396
00010 503967208
00010 509781184
00010 514842926
00010 518943398
00010 521766672
00010 530093478
00010 533209372
00010 534030360
00010 537681532
00010 542833460
00010 545394802
00010 546766914
00010 546943898
00010 547821776
00010 548741058
00010 548755696
00010 554151890
00010 554259454
00010 554398706
00010 560302146
00010 560855222
00010 564297678
00010 567873560
00010 570625632
00010 572193238
00010 577214476
00010 582027208
00010 582697602
00010 584805832
00010 585566036
00010 586881342
00010 587409092
00010 592347368
00010 592543662
00010 595708552
00010 600467096
00010 602443382
00010 605791584
00010 608687166
00010 609923684
00010 611541528
00010 613162990
00010 614139234
00010 615465688
00010 619564370
00010 620565068
00010 623872056
00010 624334114
00010 626312688
00010 627712420
00010 630001376
00010 631228242
00010 631356380
00010 632189890
00010 632470242
00010 632514556
00010 635098942
00010 635531988
00010 635901984
00010 639109194
00010 639909158
00010 640418500
00010 641411590
00010 642749210
00010 647486548
00010 648950200
00010 651697850
00010 661592048
00010 662793960
00010 662796874
00010 665269450
00010 667530900
00010 672853890
00010 672995698
00010 676999896
00010 684222236
00010 689561118
00010 691788066
00010 691831596
00010 694303624
00010 694400534
00010 694461290
00010 694831726
00010 695031612
00010 698878380
00010 698962920
00010 700202290
00010 700338680
00010 702236348
00010 702429666
00010 702474612
00010 703530858
00010 706451838
00010 710733626
00010 716220394
00010 717642022
00010 718121934
00010 718660576
00010 720647092
00010 721438284
00010 724815414
00010 727398506
00010 727590078
00010 729237834
00010 730027330
00010 731311084
00010 733279194
00010 736566034
00010 737021698
00010 737319654
00010 751959768
00010 759211966
00010 761187576
00010 761471868
00010 762742188
00010 766288070
00010 768522418
00010 768790872
00010 769565376
00010 770390688
00010 771960154
00010 772727906
00010 773108268
00010 774500376
00010 777341522
00010 780688962
00010 781283228
00010 785377638
00010 787865632
00010 787950744
00010 788031902
00010 790147550
00010 791024842
00010 794763758
00010 795448366
00010 797168340
00010 800478292
00010 800763890
00010 803730754
00010 803769896
00010 804350822
00010 804474386
00010 805764628
00010 806536384
00010 814385780
00010 815336974
00010 816236706
00010 817534826
00010 822103306
00010 822810810
00010 823140874
00010 826376644
00010 831278294
00010 832738274
00010 833673432
00010 834637808
00010 834884654
00010 836296222
00010 836836592
00010 840652672
00010 840845640
00010 841311698
00010 843683106
00010 846282016
00010 846981860
00010 847901062
00010 849992006
00010 851037626
00010 852567558
00010 853367812
00010 854438972
00010 855919654
00010 859906154
00010 860848232
00010 862539424
00010 865219308
00010 870348352
00010 876174348
00010 876616956
00010 881703184
00010 882428156
00010 882514766
00010 888801448
00010 889907692
00010 891446402
00010 892105598
00010 892334314
00010 895604862
00010 896761520
00010 898447256
00010 902576708
00010 904234642
00010 905404112
00010 907714318
00010 908452738
00010 911613202
00010 911891574
00010 912719614
00010 913217706
00010 919336374
00010 919598420
00010 922171566
00010 922267270
00010 922754144
00010 930012942
00010 934671428
00010 936493370
00010 937006104
00010 938449822
00010 939402606
00010 939403744
00010 940472722
00010 943023874
00010 943432730
00010 943622114
00010 944799238
00010 949630030
00010 951152532
00010 954650710
00010 956917830
00010 959382422
00010 962853946
00010 963105218
00010 963111186
00010 968389956
00010 968496594
00010 969778692
00010 971993496
00010 973243950
00010 981958646
00010 986019256
00010 986517472
00010 989869322
00010 991338016
00010 991960224
00010 996369202
