00010 3418226
00010 7734870
00010 11572402
00010 12983932
00010 17084298
00010 19271630
00010 20073758
00010 23879210
00010 24109958
00010 24611988
00010 26899218
00010 29580228
00010 32429282
00010 35717952
00010 37784564
00010 37977590
00010 40009814
00010 40295354
00010 46519234
00010 49972848
00010 50189438
00010 50756992
00010 51710306
00010 52300108
00010 52650326
00010 53863636
00010 61357602
00010 61496182
00010 62890856
00010 63398154
00010 64476822
00010 66322434
00010 66348478
00010 69113044
00010 69280578
00010 74174188
00010 74888234
00010 75478348
00010 75891986
00010 77671882
00010 77877794
00010 81387000
00010 84007636
00010 84401986
00010 86317418
00010 86375974
00010 87151104
00010 87257222
00010 90282846
00010 93451300
00010 96207280
00010 100663296
00010 101968818
00010 105617924
00010 106257460
00010 107656636
00010 110318946
00010 110662422
00010 110858560
00010 110907710
00010 115984930
00010 119905358
00010 122270012
00010 123941506
00010 128821446
00010 129469566
00010 130586206
00010 133177698
00010 134420648
00010 135571946
00010 137313960
00010 137827576
00010 139163960
00010 139250732
00010 143279482
00010 146661020
00010 148774014
00010 149426626
00010 151449930
00010 151514272
00010 154080620
00010 156903928
00010 159355644
00010 162830314
00010 164427562
00010 167177392
00010 169997158
00010 173106836
00010 175612698
00010 178575410
00010 180374740
00010 181649778
00010 183725244
00010 184143150
00010 187273736
00010 191608728
00010 191790372
00010 192461366
00010 193531076
00010 194838686
00010 198954344
00010 199035924
00010 199746456
00010 202233518
00010 208738426
00010 210682102
00010 212655248
00010 213188560
00010 214486416
00010 215504834
00010 217366268
00010 220407134
00010 224249400
00010 225908316
00010 228134182
00010 228717632
00010 229109924
00010 233815282
00010 239920482
00010 242241178
00010 242657912
00010 245486906
00010 245826600
00010 246473088
00010 250133938
00010 251692082
00010 252894352
00010 253257010
00010 253272584
00010 257271514
00010 261649050
00010 261766134
00010 263801298
00010 267595266
00010 269343496
00010 270053278
00010 271249540
00010 274986312
00010 277339556
00010 278394314
00010 280856172
00010 281633920
00010 283091170
00010 287295354
00010 289058896
00010 290525594
00010 293352474
00010 293357628
00010 294359194
00010 295594122
00010 296962234
00010 300457998
00010 300765422
00010 301517922
00010 306419418
00010 308064432
00010 312307124
00010 312312174
00010 315383586
00010 318046786
00010 319673154
00010 320463298
00010 320473048
00010 321745584
00010 322874900
00010 325724762
00010 327665082
00010 328043468
00010 328225736
00010 331314534
00010 332140964
00010 333769982
00010 334600996
00010 338120120
00010 338830036
00010 342811186
00010 343090662
00010 347143410
00010 353335900
00010 353445790
00010 354601064
00010 359809250
00010 362598984
00010 364278294
00010 370637860
00010 373015620
00010 373327942
00010 375164320
00010 382143292
00010 383596858
00010 389765866
00010 392846470
00010 395050582
00010 395798048
00010 398932542
00010 399039926
00010 400633148
00010 402185366
00010 404615908
00010 405489362
00010 405893366
00010 408112068
00010 409710820
00010 413385504
00010 415876464
00010 418399052
00010 418443518
00010 418576524
00010 419975680
00010 426473256
00010 428179640
00010 432212834
00010 432520832
00010 436360364
00010 440167220
00010 441897396
00010 442115050
00010 442330460
00010 444307170
00010 447517766
00010 451086402
00010 458725250
00010 459586702
00010 462364956
00010 465973376
00010 469848460
00010 469925726
00010 471650328
00010 472499732
00010 472709282
00010 473620240
00010 474635490
00010 477335140
00010 478328584
00010 480590300
00010 482623284
00010 484228266
00010 484332988
00010 484937738
00010 486627054
00010 487264914
00010 488156348
00010 491262488
00010 493767014
00010 494206154
00010 497143316
00010 497164976
00010 497580620
00010 497590914
00010 498219136
00010 511108434
00010 512501782
00010 513360122
00010 517703980
00010 517851048
00010 518654986
00010 522265454
00010 522613454
00010 525301410
00010 525332982
00010 526704262
00010 529909566
00010 530072554
00010 532352190
00010 532605794
00010 537838468
00010 541819156
00010 544911924
00010 545030546
00010 548593010
00010 553549586
00010 562159982
00010 565050098
00010 570880194
00010 572641998
00010 579578426
00010 580824134
00010 591525934
00010 593693692
00010 596432630
00010 597566646
00010 599071540
00010 602830006
00010 607191308
00010 607627806
00010 609948608
00010 612994018
00010 615884880
00010 617946734
00010 622481874
00010 626255226
00010 626326080
00010 626656722
00010 632614890
00010 637303318
00010 640317364
00010 640530868
00010 644408336
00010 645665718
00010 647558756
00010 647913514
00010 651607232
00010 652414216
00010 653999396
00010 654378728
00010 654448478
00010 654681522
00010 656018066
00010 657129092
00010 659411792
00010 659702544
00010 664463226
00010 665479726
00010 671537460
00010 676767254
00010 677945170
00010 678500804
00010 678798006
00010 682387708
00010 688341270
00010 692832682
00010 695158892
00010 699456296
00010 700308022
00010 700535414
00010 700874976
00010 706312288
00010 708423880
00010 710414748
00010 710728040
00010 713983280
00010 714368694
00010 714755322
00010 719475372
00010 721143684
00010 721151706
00010 721544922
00010 723624420
00010 723924254
00010 727055954
00010 727613022
00010 731208194
00010 732905404
00010 733081116
00010 733412764
00010 736052078
00010 736203740
00010 739377998
00010 743218740
00010 744565576
00010 746177248
00010 749065610
00010 753933002
00010 754164930
00010 755057090
00010 755296966
00010 755488446
00010 757396768
00010 758058808
00010 761876088
00010 762972772
00010 765602166
00010 766179182
00010 767053388
00010 767079456
00010 768113918
00010 768901232
00010 780117262
00010 785229982
00010 785372766
00010 786468700
00010 786624914
00010 787161276
00010 788650816
00010 789225556
00010 789320794
00010 790122540
00010 790403602
00010 792308848
00010 795137420
00010 799674152
00010 801440788
00010 802061570
00010 802749746
00010 803518718
00010 805018380
00010 806014092
00010 806591748
00010 809518786
00010 810016480
00010 812100566
00010 812550862
00010 813374722
00010 814671494
00010 824740784
00010 827143504
00010 827602360
00010 828741450
00010 829120954
00010 829463064
00010 830204148
00010 832972172
00010 833350240
00010 834221000
00010 837595456
00010 838183608
00010 838437922
00010 842016634
00010 842141912
00010 845444446
00010 848453546
00010 849368166
00010 849406400
00010 850419652
00010 851403462
00010 857244334
00010 858658258
00010 861472220
00010 861999382
00010 862385942
00010 866195646
00010 867968402
00010 870693476
00010 872359100
00010 872472684
00010 873398686
00010 876606814
00010 880709660
00010 881738098
00010 883345986
00010 883372188
00010 884385906
00010 884456174
00010 886422906
00010 887123476
00010 888167154
00010 888419552
00010 890559900
00010 890682266
00010 891084190
00010 891675784
00010 893257950
00010 894102542
00010 895906796
00010 899198002
00010 899253542
00010 901419338
00010 901958502
00010 903177980
00010 904219928
00010 906140052
00010 906569530
00010 907209198
00010 910803628
00010 910836906
00010 913123102
00010 917324962
00010 917367408
00010 920179134
00010 921158866
00010 922617138
00010 924972494
00010 925569388
00010 928351638
00010 929221416
00010 931053948
00010 935267526
00010 938683358
00010 940076976
00010 942600398
00010 950541940
00010 954106888
00010 954178346
00010 955900178
00010 959469362
00010 960396020
00010 960649136
00010 963149478
00010 965847186
00010 966221026
00010 970873332
00010 973090200
00010 975802694
00010 976796024
00010 977139998
00010 978210692
00010 979137520
00010 982608302
00010 984602158
00010 988347586
00010 989400010
00010 989919136
00010 992980304
00010 995445288
00010 998438964
00010 1003268
00010 2349620
00010 5014456
00010 10368812
00010 12106550
00010 13302438
00010 14336730
00010 17796432
00010 18894758
00010 19999232
00010 22934764
00010 26494002
00010 29340692
00010 29455810
00010 29937180
00010 30562240
00010 31394618
00010 31979476
00010 33394354
00010 33903486
00010 35402524
00010 37265168
00010 38808450
00010 39239952
00010 39527022
00010 48081656
00010 52024904
00010 54757562
00010 60061286
00010 62239618
00010 65652086
00010 66272082
00010 68159066
00010 77062136
00010 79206842
00010 79896976
00010 82041696
00010 82741270
00010 83011184
00010 85800898
00010 101204590
00010 105418654
00010 105648954
00010 106433744
00010 107383864
00010 108927366
00010 109284846
00010 110784584
00010 112183736
00010 118094370
00010 118742846
00010 123723748
00010 125622966
00010 136749566
00010 137119320
00010 144236820
00010 144909150
00010 146303550
00010 147625396
00010 150414170
00010 153280860
00010 153755856
00010 155557292
00010 159595924
00010 161341982
00010 167236580
00010 167735104
00010 169133550
00010 171369266
00010 171713598
00010 173468962
00010 175958902
00010 177064286
00010 179404432
00010 183655172
00010 184162918
00010 184333052
00010 184758472
00010 186655086
00010 188136834
00010 189592310
00010 191810868
00010 192510668
00010 193033368
00010 195355308
00010 198001920
00010 199355570
00010 201673182
00010 201906920
00010 203946816
00010 204906486
00010 209611682
00010 209783810
00010 211487564
00010 212005716
00010 213482216
00010 215141702
00010 217580480
00010 223214384
00010 223373794
00010 224472996
00010 226505822
00010 229346772
00010 230735246
00010 230815926
00010 232156578
00010 232899930
00010 234260644
00010 238982566
00010 239763414
00010 239874842
00010 240638766
00010 245338524
00010 247161708
00010 248057660
00010 248434338
00010 250057338
00010 255102356
00010 255140018
00010 258286612
00010 261641074
00010 263280628
00010 265480346
00010 266729062
00010 271970658
00010 276844234
00010 279162804
00010 279496610
00010 281861446
00010 286775402
00010 286991214
00010 289799618
00010 291922584
00010 294168510
00010 294332910
00010 301520090
00010 303819638
00010 305416406
00010 306176428
00010 308157522
00010 309747694
00010 312665454
00010 312722028
00010 312904116
00010 316069616
00010 318074248
00010 318943740
00010 324690850
00010 325169114
00010 326171602
00010 326360694
00010 332341034
00010 332805598
00010 335064110
00010 335366078
00010 335636678
00010 336884562
00010 343823544
00010 344142064
00010 345102484
00010 347148480
00010 347204476
00010 350244156
00010 351542754
00010 351939498
00010 355023592
00010 358218676
00010 360624502
00010 361744928
00010 367919156
00010 370301230
00010 370588516
00010 371600738
00010 376449190
00010 376759572
00010 377117704
00010 377501668
00010 380070906
00010 381753268
00010 389305908
00010 392987948
00010 397937344
00010 401922174
00010 402695152
00010 403261256
00010 404892424
00010 407123888
00010 407756558
00010 407825044
00010 408349098
00010 410253054
00010 411109110
00010 411406438
00010 417527380
00010 419143458
00010 419724414
00010 420668526
00010 420875084
00010 424953780
00010 426279090
00010 426392808
00010 427976128
00010 431361536
00010 433201276
00010 433740202
00010 434970072
00010 437029714
00010 439363578
00010 443214282
00010 444134286
00010 446976864
00010 448485814
00010 452523242
00010 453520720
00010 454336132
00010 456576272
00010 456776968
00010 463258150
00010 465131204
00010 466139474
00010 466662316
00010 468833746
00010 470023456
00010 471738372
00010 474834296
00010 474836314
00010 485637012
00010 486748968
00010 488699408
00010 492034878
00010 493581118
00010 494701748
00010 494931736
00010 495347688
00010 495370254
00010 496057136
00010 496254992
00010 497878302
00010 498067340
00010 498377158
00010 498909264
00010 500748520
00010 500905020
00010 501082964
00010 503293078
00010 503315490
00010 507008928
00010 508424716
00010 508985304
00010 509881878
00010 511665654
00010 513817116
00010 514168894
00010 516830490
00010 516840674
00010 518736360
00010 519564530
00010 519753526
00010 521643582
00010 522811984
00010 522903488
00010 525761190
00010 530124462
00010 532886320
00010 533368326
00010 533593886
00010 533690482
00010 534799142
00010 543833994
00010 546594166
00010 547409506
00010 548839754
00010 550367462
00010 553440294
00010 557604604
00010 557742968
00010 559370102
00010 560979998
00010 561147650
00010 561484394
00010 563217794
00010 563220378
00010 565390426
00010 566668010
00010 570444170
00010 571535102
00010 573232148
00010 573856734
00010 576425550
00010 583185518
00010 585175668
00010 585369736
00010 585656392
00010 587435076
00010 591842280
00010 593917974
00010 599913016
00010 608281534
00010 612358604
00010 614646712
00010 618359130
00010 618423828
00010 618707134
00010 619678678
00010 620083128
00010 620276260
00010 621823792
00010 621989566
00010 625608294
00010 628669500
00010 633678490
00010 636293906
00010 637025678
00010 637181318
00010 638517012
00010 640888608
00010 644645222
00010 651825780
00010 654022078
00010 655764278
00010 656098522
00010 656298274
00010 658223860
00010 658543156
00010 658593384
00010 659505444
00010 660653900
00010 662622058
00010 663953700
00010 664043584
00010 670093594
00010 670589052
00010 670860988
00010 676508624
00010 676868410
00010 676946048
00010 677472566
00010 678690766
00010 679865184
00010 680842046
00010 682571778
00010 682591794
00010 686958456
00010 688860184
00010 690106042
00010 690863088
00010 690917732
00010 692050618
00010 696279930
00010 697209802
00010 699361770
00010 700496826
00010 705881678
00010 711045048
00010 713926264
00010 720996196
00010 721648690
00010 721652470
00010 722676508
00010 729513790
00010 734175768
00010 736060636
00010 739942348
00010 740843028
00010 742285408
00010 743628456
00010 744286062
00010 749277718
00010 750732082
00010 751792758
00010 753077646
00010 756607554
00010 758055182
00010 761578332
00010 762208592
00010 763199666
00010 763792104
00010 764048304
00010 764207728
00010 770410362
00010 771513678
00010 771805524
00010 778381546
00010 781756938
00010 781760880
00010 784071988
00010 784458474
00010 788698642
00010 789149332
00010 793201826
00010 794671432
00010 795473666
00010 798618082
00010 799807740
00010 802118310
00010 802636242
00010 803019874
00010 812126776
00010 812731186
00010 813245468
00010 814790862
00010 816794660
00010 821945892
00010 824460902
00010 827839086
00010 828622624
00010 830836404
00010 835215020
00010 837755114
00010 838416674
00010 838877946
00010 840282910
00010 841056428
00010 841156446
00010 845113828
00010 846226816
00010 846313992
00010 847075788
00010 848965308
00010 849335584
00010 849725634
00010 850780470
00010 851011820
00010 852853338
00010 853075236
00010 858651474
00010 862866360
00010 866810412
00010 873655728
00010 879759062
00010 886279318
00010 894014742
00010 894769182
00010 899246390
00010 900611366
00010 903369226
00010 906013532
00010 906015312
00010 906450326
00010 906551302
00010 907251104
00010 911437304
00010 916009480
00010 917228810
00010 917856750
00010 921986820
00010 922088838
00010 922093428
00010 923233978
00010 927759956
00010 929185876
00010 929896318
00010 930206150
00010 930353242
00010 930721198
00010 930795156
00010 932683664
00010 933574156
00010 934074974
00010 938315270
00010 939969442
00010 942871478
00010 943901662
00010 945426238
00010 946151972
00010 946780814
00010 947157618
00010 951696592
00010 959372538
00010 962515630
00010 965870334
00010 966394126
00010 967466504
00010 971835720
00010 973584290
00010 974154536
00010 978229206
00010 981226064
00010 981409122
00010 986187770
00010 987406094
00010 987837640
00010 990767392
00010 993162194
00010 995136254
00010 999005370
00010 999570102
00010 999856524
00010 1000056510
00010 2358072
00010 2608008
00010 7116234
00010 8343440
00010 10490208
00010 10958482
00010 12259812
00010 13133586
00010 13447032
00010 13552530
00010 14591524
00010 17008968
00010 18180026
00010 20845086
00010 21912284
00010 22091368
00010 23229548
00010 23717658
00010 23812258
00010 25789786
00010 27079650
00010 27399396
00010 29813934
00010 31148612
00010 34601604
00010 35045662
00010 35499126
00010 37095682
00010 37219854
00010 37971026
00010 45202134
00010 47251784
00010 52437862
00010 55963614
00010 56482202
00010 56945524
00010 57760998
00010 61037034
00010 63584038
00010 65669948
00010 67435926
00010 69233622
00010 72850652
00010 74376700
00010 76753568
00010 83911798
00010 86655478
00010 88300396
00010 89351546
00010 89458260
00010 91419986
00010 93209692
00010 93807410
00010 96022714
00010 97456566
00010 97734940
00010 98037132
00010 98145750
00010 98178660
00010 98186370
00010 99294394
00010 101852926
00010 107836148
00010 117279896
00010 118115572
00010 120605254
00010 122532690
00010 123312712
00010 126805620
00010 127432350
00010 128002666
00010 129026656
00010 130703814
00010 131123800
00010 131279742
00010 131764802
00010 135419302
00010 137205996
00010 137988296
00010 140428644
00010 146212006
00010 151000702
00010 152926274
00010 154171838
00010 157691410
00010 158668420
00010 160865066
00010 163015458
00010 164623896
00010 166184604
00010 166270584
00010 167398752
00010 167491964
00010 168643356
00010 169479650
00010 174815214
00010 176431432
00010 177102748
00010 178074308
00010 178649060
00010 180456792
00010 181689668
00010 183241448
00010 185628766
00010 189327428
00010 200871098
00010 202405836
00010 203013518
00010 208349688
00010 210269780
00010 210360420
00010 213273864
00010 221301390
00010 225297812
00010 225344684
00010 226404312
00010 228435034
00010 233439218
00010 234491232
00010 234901028
00010 235716756
00010 236277900
00010 244493836
00010 248198640
00010 249739486
00010 249912874
00010 251360908
00010 252859506
00010 255149298
00010 255306134
00010 255504654
00010 255655302
00010 257047360
00010 263855280
00010 265033576
00010 265253450
00010 267638638
00010 268602886
00010 269517616
00010 270472816
00010 272038068
00010 272333410
00010 281830924
00010 282573748
00010 285179278
00010 287326946
00010 288476358
00010 288823040
00010 288886880
00010 293182482
00010 302212458
00010 303481202
00010 303681664
00010 304484486
00010 305396980
00010 306886204
00010 307888548
00010 310877634
00010 313122444
00010 320231046
00010 320520866
00010 321614078
00010 322538326
00010 322723028
00010 324602190
00010 326946744
00010 329803500
00010 336081886
00010 337898174
00010 339577508
00010 346285666
00010 348616280
00010 349367112
00010 350369826
00010 350953552
00010 351216346
00010 353721540
00010 356249570
00010 356618414
00010 358880204
00010 360823538
00010 364835794
00010 369441606
00010 369460570
00010 370961226
00010 376764986
00010 380871336
00010 383703150
00010 386089414
00010 386919324
00010 389409758
00010 391080748
00010 392567074
00010 395072754
00010 400512458
00010 400840686
00010 401600274
00010 402073810
00010 403356602
00010 403402258
00010 404005486
00010 404613928
00010 405343270
00010 409562794
00010 410257864
00010 411022258
00010 413647480
00010 413784554
00010 415567818
00010 420870408
00010 423217926
00010 423249614
00010 423575734
00010 427616446
00010 427767152
00010 427774794
00010 428130816
00010 432262012
00010 432648332
00010 434103352
00010 434111332
00010 435122400
00010 437216084
00010 438813126
00010 440262396
00010 450709372
00010 450763078
00010 450923566
00010 453473788
00010 455563636
00010 459599386
00010 463615106
00010 465860768
00010 470465962
00010 470911260
00010 471233872
00010 471284392
00010 472045828
00010 481380496
00010 484602968
00010 490215170
00010 492372074
00010 493109222
00010 498891420
00010 503809678
00010 503832896
00010 504605278
00010 505949512
00010 506205696
00010 506220398
00010 506238858
00010 506855992
00010 507727150
00010 507791528
00010 507863796
00010 508674432
00010 511027558
00010 511939292
00010 513028120
00010 514761132
00010 515446226
00010 516224334
00010 517613560
00010 519739208
00010 520748812
00010 521262874
00010 522992576
00010 523466516
00010 524192454
00010 524349168
00010 526720982
00010 528369470
00010 528504776
00010 529632116
00010 537158026
00010 537586112
00010 540471964
00010 541047734
00010 544674554
00010 544916982
00010 547189018
00010 551416492
00010 551812342
00010 552838612
00010 553853836
00010 560299174
00010 562784184
00010 563127902
00010 564064162
00010 564593294
00010 566564736
00010 568604938
00010 569985826
00010 572121028
00010 573215046
00010 578427090
00010 582330610
00010 582377410
00010 586135460
00010 588394422
00010 588427050
00010 590509204
00010 592371902
00010 593381498
00010 598172034
00010 600262418
00010 604364648
00010 606061984
00010 606756334
00010 607140322
00010 611216944
00010 611856042
00010 615669346
00010 616074758
00010 616628918
00010 618136452
00010 620003300
00010 621237848
00010 622977548
00010 629955044
00010 637901576
00010 637938022
00010 639500690
00010 642141754
00010 642570022
00010 646796802
00010 650930184
00010 651392888
00010 654159496
00010 657523392
00010 658299814
00010 658350706
00010 658389176
00010 658557742
00010 662740110
00010 669331932
00010 669778284
00010 669853632
00010 669912622
00010 671444848
00010 671471762
00010 675692526
00010 678664948
00010 684407646
00010 685054418
00010 687227294
00010 688956510
00010 690185428
00010 690626528
00010 693185190
00010 694736688
00010 695957552
00010 698290612
00010 699022214
00010 700772282
00010 700890032
00010 704030816
00010 710986956
00010 711426664
00010 715381402
00010 717444140
00010 717930556
00010 718642736
00010 718672062
00010 719662630
00010 719673290
00010 720406746
00010 721642064
00010 721904940
00010 722923216
00010 723168884
00010 724241860
00010 726189838
00010 731875074
00010 732435790
00010 739441550
00010 740344294
00010 740557108
00010 744500224
00010 749197072
00010 752648940
00010 756920140
00010 760642568
00010 763697422
00010 766268162
00010 768170934
00010 768782710
00010 769808414
00010 774009282
00010 774567728
00010 776325772
00010 776587882
00010 787372940
00010 789476008
00010 789787850
00010 793114252
00010 795852816
00010 797730068
00010 798328842
00010 798929670
00010 799670644
00010 800714608
00010 800976514
00010 800992942
00010 802899924
00010 805191700
00010 806766998
00010 807288450
00010 807371238
00010 808274510
00010 808338402
00010 810936104
00010 814385300
00010 820927928
00010 821705282
00010 824106962
00010 835721326
00010 835985948
00010 843115186
00010 845933806
00010 850242118
00010 856736786
00010 859378726
00010 859883240
00010 860135096
00010 861270172
00010 862179516
00010 865829290
00010 868599270
00010 871081852
00010 871101922
00010 871563210
00010 886312826
00010 888663874
00010 888840750
00010 891649930
00010 891836954
00010 895449220
00010 895602768
00010 896578890
00010 897275434
00010 899247290
00010 899778636
00010 900797654
00010 900838678
00010 902640556
00010 904475672
00010 904510744
00010 912293556
00010 924497612
00010 924741274
00010 927720078
00010 928737710
00010 928956284
00010 930085246
00010 931564128
00010 932346622
00010 939154338
00010 939205074
00010 939235858
00010 939950004
00010 939978998
00010 944855526
00010 945840042
00010 947805966
00010 948842486
00010 949033976
00010 951027080
00010 954206956
00010 954928830
00010 956797870
00010 958008044
00010 958367924
00010 959454192
00010 961397102
00010 961484540
00010 961627824
00010 961891828
00010 964561518
00010 965063432
00010 966414142
00010 967406036
00010 971744966
00010 973692906
00010 975135182
00010 977514046
00010 979474812
00010 981338222
00010 982187344
00010 984128280
00010 987658614
00010 987738490
00010 988601754
00010 991023218
00010 991803522
00010 993250816
00010 995015640
00010 999203694
00010 2710674
00010 5987428
00010 6309316
00010 6765150
00010 7367764
00010 8992096
00010 10965798
00010 15148534
00010 17448000
00010 22757340
00010 25366898
00010 26806570
00010 33363506
00010 34825514
00010 35018550
00010 35086512
00010 35197954
00010 38107740
00010 40762798
00010 41263288
00010 41529042
00010 43933102
00010 44651240
00010 45115602
00010 45943042
00010 48316962
00010 49452104
00010 50423250
00010 51427550
00010 51575040
00010 52503950
00010 54167302
00010 55173422
00010 56498954
00010 59457866
00010 60737104
00010 61195262
00010 65938980
00010 67189652
00010 68260048
00010 73619756
00010 80913374
00010 83558704
00010 86386146
00010 87520632
00010 87811544
00010 90758212
00010 92088922
00010 92480918
00010 96630642
00010 101718764
00010 106224934
00010 108123050
00010 111326342
00010 113067080
00010 116154010
00010 117865468
00010 119585972
00010 123745912
00010 123829774
00010 124132466
00010 129878562
00010 131538450
00010 137132988
00010 137668852
00010 138317760
00010 139215888
00010 139852986
00010 140004632
00010 141115248
00010 146449892
00010 148178634
00010 149862324
00010 150814000
00010 153249622
00010 153562106
00010 154770450
00010 156399200
00010 156756610
00010 157496396
00010 164143364
00010 164867152
00010 168406514
00010 170350508
00010 172321180
00010 177307784
00010 180521456
00010 180581134
00010 181903120
00010 187404968
00010 189355066
00010 189487814
00010 192614706
00010 199307312
00010 203251638
00010 204307376
00010 204765872
00010 205271358
00010 206021688
00010 209018892
00010 210303952
00010 210875858
00010 211974370
00010 213152470
00010 213347028
00010 214652302
00010 215105140
00010 217530588
00010 217813768
00010 225980758
00010 226526238
00010 227089126
00010 229596170
00010 230721380
00010 232703316
00010 232921964
00010 245901374
00010 246880874
00010 247961458
00010 251199210
00010 256263804
00010 256502448
00010 258004894
00010 262504128
00010 263544460
00010 268792386
00010 269565326
00010 272366524
00010 273162004
00010 275064674
00010 277188250
00010 278490882
00010 278586058
00010 279612566
00010 283113846
00010 283416864
00010 283614568
00010 283836556
00010 284686938
00010 285875338
00010 290954350
00010 291917586
00010 292343040
00010 293122688
00010 297664762
00010 298634584
00010 301990960
00010 302089834
00010 302448322
00010 303580632
00010 303801996
00010 306299520
00010 307257432
00010 307555436
00010 310382872
00010 311247388
00010 316297314
00010 323604908
00010 331344808
00010 332058106
00010 332806500
00010 333919100
00010 336500578
00010 337614514
00010 339245912
00010 339702668
00010 340955652
00010 342268392
00010 345897238
00010 346268192
00010 349267424
00010 349349592
00010 351414618
00010 352861128
00010 357836174
00010 358128830
00010 358249360
00010 358904060
00010 361309846
00010 363520022
00010 363831140
00010 364037760
00010 364044672
00010 365439440
00010 368022990
00010 372018292
00010 375053950
00010 375422322
00010 379371224
00010 389129354
00010 393774890
00010 393780026
00010 394249262
00010 394413878
00010 396082976
00010 396338594
00010 398285006
00010 398759702
00010 400581860
00010 400862110
00010 406011878
00010 407962878
00010 410821814
00010 411216672
00010 411619346
00010 415817084
00010 419740902
00010 420299292
00010 421711108
00010 422479082
00010 423902442
00010 427040882
00010 427059378
00010 427082170
00010 427703790
00010 432487672
00010 432701602
00010 432804340
00010 434371378
00010 435534842
00010 440498732
00010 440757214
00010 443670724
00010 449946470
00010 450330846
00010 451911404
00010 452849828
00010 455024712
00010 462973686
00010 470152854
00010 470942070
00010 477511468
00010 479606576
00010 484768372
00010 489045850
00010 491052474
00010 492049812
00010 493902108
00010 494101366
00010 494449928
00010 494590974
00010 495466108
00010 496670604
00010 497653938
00010 497761312
00010 497853328
00010 501163040
00010 502507944
00010 504060436
00010 506586588
00010 508929026
00010 509147952
00010 514142436
00010 520666770
00010 522962680
00010 523624038
00010 524470274
00010 529952610
00010 531359742
00010 531851612
00010 533107946
00010 535202134
00010 535565466
00010 537823886
00010 539412034
00010 541738770
00010 543838732
00010 544171062
00010 544673928
00010 547571110
00010 548662940
00010 552628762
00010 553377454
00010 558699704
00010 562662102
00010 563031160
00010 565165228
00010 565830846
00010 567731600
00010 569008802
00010 569156160
00010 570296540
00010 570315614
00010 575671500
00010 576129544
00010 578936334
00010 582211264
00010 586428358
00010 588073814
00010 588987656
00010 591645088
00010 596331446
00010 597110466
00010 600366664
00010 602487682
00010 606598124
00010 609307928
00010 610671858
00010 613914058
00010 614596834
00010 614811462
00010 618170372
00010 619790544
00010 620306880
00010 621133780
00010 623339532
00010 624421226
00010 632538206
00010 632806916
00010 633748382
00010 641091166
00010 645172466
00010 645799124
00010 645800624
00010 645873960
00010 649867090
00010 650267054
00010 653505600
00010 654228178
00010 658170416
00010 658491032
00010 658776618
00010 658806678
00010 662985620
00010 665782068
00010 673675436
00010 673812108
00010 679401264
00010 686690512
00010 693315882
00010 698168736
00010 698855476
00010 699029066
00010 699908156
00010 702920690
00010 703340612
00010 711980180
00010 714326222
00010 717465678
00010 718669318
00010 726045446
00010 735455820
00010 737138404
00010 738146004
00010 739407014
00010 739592468
00010 742835688
00010 743548956
00010 744642294
00010 746874196
00010 747561598
00010 748589766
00010 751719878
00010 751958506
00010 758449374
00010 759731306
00010 760161374
00010 761468728
00010 764808102
00010 765778224
00010 766591822
00010 769823848
00010 772346184
00010 774667494
00010 777518994
00010 777960608
00010 779767958
00010 780128390
00010 780249034
00010 780646478
00010 781824194
00010 782037930
00010 782480240
00010 783312302
00010 783363144
00010 784962732
00010 784965994
00010 785020894
00010 786772714
00010 787304102
00010 788141230
00010 792588982
00010 795309472
00010 797049568
00010 797696046
00010 799271736
00010 802459138
00010 804623318
00010 810007096
00010 811088922
00010 815093748
00010 818104316
00010 818749180
00010 819595950
00010 822630744
00010 823848392
00010 826364502
00010 830130182
00010 831642074
00010 832018544
00010 832563516
00010 835726984
00010 840258338
00010 840841942
00010 842580272
00010 842594450
00010 842667560
00010 844477822
00010 844579578
00010 847824682
00010 850988206
00010 851162074
00010 851296806
00010 853134778
00010 855977462
00010 856091800
00010 860947818
00010 865174176
00010 865786698
00010 867491668
00010 869527230
00010 870047570
00010 873303798
00010 873417768
00010 878297904
00010 878807530
00010 884665374
00010 889926302
00010 890046102
00010 890418468
00010 891008508
00010 894693944
00010 895602688
00010 905280206
00010 907606710
00010 908682200
00010 911696396
00010 915431812
00010 919085614
00010 921656458
00010 922711462
00010 923773414
00010 923851984
00010 924654598
00010 925995506
00010 928733460
00010 929438330
00010 930734442
00010 932618718
00010 933186306
00010 934172762
00010 935013294
00010 935374752
00010 936779620
00010 937182528
00010 938652752
00010 938683366
00010 945994318
00010 946350020
00010 947139164
00010 949636992
00010 950589158
00010 950766876
00010 956151974
00010 956866978
00010 957305356
00010 960934044
00010 961856870
00010 963211304
00010 964507988
00010 965614538
00010 971739904
00010 977489620
00010 977859400
00010 978933922
00010 981081304
00010 981874624
00010 982222622
00010 982670778
00010 985552750
00010 986319850
00010 990776082
00010 991366228
00010 992938488
00010 994151696
00010 996154336
00010 996165428
00010 998959706
00010 1741720
00010 3527984
00010 7185888
00010 10950724
00010 11099824
00010 12540044
00010 24011756
00010 24595734
00010 24644926
00010 24780398
00010 24915644
00010 27338976
00010 27465304
00010 31150592
00010 31974498
00010 32299152
00010 35114684
00010 36033962
00010 37078250
00010 38133548
00010 38885930
00010 40077398
00010 40413890
00010 40634702
00010 41228192
00010 41677636
00010 41730024
00010 44519716
00010 47917088
00010 49040298
00010 50933118
00010 53413196
00010 58845894
00010 61400204
00010 62890466
00010 63344316
00010 66447044
00010 66885628
00010 69227822
00010 70649722
00010 71166144
00010 75871038
00010 77089802
00010 79049394
00010 80256866
00010 92432052
00010 92455482
00010 92985706
00010 93202356
00010 95221350
00010 97185594
00010 103452070
00010 105963370
00010 109597774
00010 111755832
00010 111807616
00010 111808950
00010 112050724
00010 112068066
00010 112860208
00010 113355536
00010 115208056
00010 117100462
00010 117124716
00010 118020258
00010 121353482
00010 126179974
00010 132759360
00010 133249358
00010 135092770
00010 135320854
00010 137887878
00010 139386584
00010 142700238
00010 143732342
00010 146420930
00010 149662796
00010 154354624
00010 165741706
00010 167096722
00010 170951232
00010 171768842
00010 175433208
00010 176469694
00010 176855346
00010 177641898
00010 182253494
00010 183214446
00010 183689036
00010 185037702
00010 186321004
00010 187342230
00010 189556656
00010 189559882
00010 191676876
00010 194608324
00010 198107446
00010 199670278
00010 201577596
00010 206922436
00010 208462892
00010 214322300
00010 215512868
00010 218328144
00010 218329178
00010 218803882
00010 219913880
00010 221341372
00010 222906348
00010 225438974
00010 226355322
00010 226927584
00010 227307878
00010 228009786
00010 229260950
00010 229917236
00010 232349248
00010 232581924
00010 232928446
00010 233471846
00010 233909928
00010 236146572
00010 236631984
00010 240915414
00010 243264840
00010 248254020
00010 249922166
00010 252269642
00010 255075114
00010 255274878
00010 255806992
00010 258992116
00010 264536198
00010 266116280
00010 266758058
00010 269306964
00010 273125118
00010 276897558
00010 277167320
00010 277899206
00010 279546778
00010 284253940
00010 292665278
00010 296501790
00010 296601610
00010 297677400
00010 300496604
00010 303228516
00010 304519886
00010 305814812
00010 307175870
00010 307836480
00010 308578970
00010 309645124
00010 310711262
00010 313891768
00010 314108088
00010 315860138
00010 316083028
00010 318093656
00010 319571138
00010 323543050
00010 323910574
00010 331881586
00010 335037210
00010 346760210
00010 350380082
00010 350875956
00010 351682810
00010 352565312
00010 357520490
00010 357690616
00010 360436604
00010 360966764
00010 363667824
00010 364011620
00010 372099428
00010 373269620
00010 374979280
00010 382994790
00010 383005508
00010 386404532
00010 389574054
00010 393497174
00010 394674832
00010 394984380
00010 398627066
00010 401154338
00010 401254576
00010 401982538
00010 402655356
00010 402866108
00010 404125790
00010 412203552
00010 412385956
00010 413882956
00010 415780262
00010 428947388
00010 429447432
00010 431019400
00010 432338544
00010 433204302
00010 438849092
00010 443992534
00010 451987986
00010 455049722
00010 456161948
00010 462339300
00010 463667500
00010 464816954
00010 464950432
00010 465726708
00010 468661590
00010 472758618
00010 474787222
00010 477316182
00010 480150304
00010 480727752
00010 481662362
00010 482413836
00010 493732108
00010 495076058
00010 496073660
00010 496220204
00010 499224260
00010 501262646
00010 501567248
00010 501591834
00010 501605220
00010 505286788
00010 508622972
00010 511644908
00010 512564680
00010 512970018
00010 513024558
00010 513370402
00010 515320684
00010 520126472
00010 523839760
00010 526929332
00010 528810504
00010 529656634
00010 531536586
00010 536645498
00010 537727312
00010 537753904
00010 538271202
00010 539493004
00010 541479378
00010 541511768
00010 544522966
00010 546180236
00010 549157320
00010 550164794
00010 551634084
00010 553735890
00010 553780424
00010 554238694
00010 556240058
00010 558012440
00010 562238088
00010 567569026
00010 567929956
00010 569370396
00010 570939706
00010 571968716
00010 571997710
00010 576362208
00010 584938240
00010 590421838
00010 590798572
00010 593740552
00010 594445032
00010 594948478
00010 596978748
00010 611125130
00010 612557006
00010 612899446
00010 613179690
00010 614603268
00010 615883998
00010 617919814
00010 622892102
00010 623436588
00010 624112352
00010 626054546
00010 626593206
00010 627233840
00010 634259368
00010 637677226
00010 637978674
00010 638335040
00010 641197362
00010 641316236
00010 643967882
00010 644644862
00010 648017540
00010 648232796
00010 651859158
00010 653100498
00010 659968246
00010 660123636
00010 662082094
00010 663118950
00010 663924344
00010 665045620
00010 666569320
00010 667562550
00010 673414370
00010 677163276
00010 678336170
00010 678875608
00010 680412040
00010 681863508
00010 682906112
00010 684267374
00010 688804074
00010 689345454
00010 691093978
00010 692535778
00010 700018082
00010 700274144
00010 705626528
00010 709330920
00010 711141236
00010 713067304
00010 717738764
00010 718393226
00010 718446194
00010 718934010
00010 720523834
00010 721262502
00010 721608352
00010 721927506
00010 722340926
00010 724158794
00010 724658954
00010 726247814
00010 729946262
00010 730027268
00010 730553442
00010 730897062
00010 737392786
00010 737588588
00010 737808802
00010 738353808
00010 738852428
00010 739840832
00010 749458398
00010 750284280
00010 756770626
00010 758557816
00010 759799388
00010 765059958
00010 767494126
00010 768659810
00010 770035730
00010 772903118
00010 775629594
00010 776751556
00010 777066036
00010 782256962
00010 782487762
00010 786189780
00010 786701720
00010 787485970
00010 789604268
00010 792786108
00010 792806284
00010 793288548
00010 793336262
00010 794661190
00010 795687098
00010 796752586
00010 796966240
00010 797154302
00010 802104402
00010 806155608
00010 811093078
00010 811757222
00010 813507408
00010 813695428
00010 813884670
00010 821237656
00010 821369684
00010 821937088
00010 822209398
00010 823884034
00010 828670452
00010 829372534
00010 831439938
00010 834569872
00010 834644558
00010 838031390
00010 841383024
00010 841420506
00010 841668730
00010 841993816
00010 842895342
00010 842970548
00010 844894154
00010 846111134
00010 846712480
00010 847193048
00010 847516840
00010 851445206
00010 851454086
00010 852304834
00010 858620024
00010 860029494
00010 866472562
00010 868340936
00010 868471248
00010 870145152
00010 873140130
00010 873141334
00010 873642170
00010 874096266
00010 875278406
00010 876610682
00010 877229878
00010 881594888
00010 881896300
00010 882316008
00010 882982388
00010 885560508
00010 887441364
00010 890348732
00010 892440914
00010 893469884
00010 895534932
00010 899622518
00010 901527486
00010 901921100
00010 903339216
00010 903788232
00010 906061190
00010 919274864
00010 919681486
00010 919845062
00010 920774778
00010 924479930
00010 925332144
00010 925514960
00010 931320758
00010 932244822
00010 933551774
00010 938087190
00010 940706186
00010 942211238
00010 942227778
00010 949587522
00010 953077942
00010 954925640
00010 957080324
00010 962121508
00010 962740698
00010 963716306
00010 967447728
00010 967871684
00010 969354508
00010 969511216
00010 969631274
00010 970877644
00010 975010580
00010 980659780
00010 981331906
00010 982825222
00010 984755848
00010 987457406
00010 990503840
00010 997468798
00010 628472
00010 3672402
00010 3850006
00010 6795488
00010 7428278
00010 9995704
00010 11278008
00010 15096328
00010 17381228
00010 18036590
00010 20813184
00010 20851846
00010 23673930
00010 28729876
00010 33546844
00010 35454580
00010 35875410
00010 37902934
00010 42568760
00010 42811546
00010 46377064
00010 46492770
00010 48541622
00010 51572044
00010 54089484
00010 55882810
00010 57063212
00010 60212852
00010 62035106
00010 74093646
00010 75158168
00010 75593058
00010 80135266
00010 82427034
00010 82572418
00010 83558222
00010 89542948
00010 93605130
00010 94498858
00010 109363042
00010 110905928
00010 112278996
00010 113411020
00010 115755134
00010 117543486
00010 118740486
00010 124480762
00010 124991474
00010 124996648
00010 126305748
00010 128594432
00010 130031456
00010 130405250
00010 131777630
00010 132018138
00010 135579430
00010 136526904
00010 140110814
00010 144423774
00010 144531208
00010 144857306
00010 145708536
00010 150933690
00010 152604944
00010 160558996
00010 163247328
00010 169439312
00010 170142998
00010 179084754
00010 183354258
00010 184560190
00010 185816940
00010 186783386
00010 188759236
00010 189489844
00010 189918630
00010 190048768
00010 190325752
00010 196220300
00010 204247618
00010 204804756
00010 205427298
00010 207634690
00010 207820396
00010 210918204
00010 211743434
00010 213257640
00010 225723020
00010 226889396
00010 231156132
00010 232443256
00010 234584710
00010 237407650
00010 237818114
00010 238437192
00010 239927918
00010 240240812
00010 250035566
00010 253408440
00010 254009590
00010 254469988
00010 256985434
00010 257938246
00010 259590954
00010 259596164
00010 261073472
00010 265937472
00010 269629650
00010 280134204
00010 282493502
00010 282496678
00010 287380100
00010 287632970
00010 291950050
00010 298053628
00010 298785416
00010 299115830
00010 300243134
00010 301663260
00010 306581628
00010 308942288
00010 310304714
00010 314541174
00010 316619850
00010 316669600
00010 316849918
00010 323227772
00010 323595596
00010 325071320
00010 328989786
00010 331368442
00010 332634922
00010 334212234
00010 336371142
00010 336830762
00010 339509322
00010 342268368
00010 344948134
00010 345393470
00010 347888354
00010 348599310
00010 354883378
00010 355599540
00010 358011092
00010 362477954
00010 362812514
00010 364470068
00010 365559848
00010 366370896
00010 366388064
00010 368033796
00010 368035562
00010 368875824
00010 369146374
00010 369499738
00010 373940888
00010 380524772
00010 380583780
00010 381036798
00010 381941062
00010 383388566
00010 385759410
00010 386599762
00010 387017598
00010 389259480
00010 390147016
00010 391597384
00010 395357338
00010 396445614
00010 397540768
00010 399904584
00010 400321652
00010 400681064
00010 402762228
00010 403207946
00010 406274704
00010 409935056
00010 410701238
00010 410989450
00010 418171890
00010 422693280
00010 422836682
00010 423410834
00010 428238996
00010 429330086
00010 433322632
00010 436367110
00010 438749828
00010 439511272
00010 440823074
00010 443593378
00010 448175016
00010 448771458
00010 452781108
00010 456680192
00010 459626652
00010 464254192
00010 465040978
00010 468209384
00010 472982144
00010 474674364
00010 477979294
00010 486349086
00010 487671782
00010 489270102
00010 495292602
00010 497648186
00010 498767804
00010 502995794
00010 506845632
00010 511101176
00010 511715478
00010 512513994
00010 513905266
00010 514112486
00010 517230440
00010 518309518
00010 518658654
00010 529330648
00010 529986994
00010 530082790
00010 536278830
00010 536972360
00010 539199274
00010 539399736
00010 548072026
00010 550621460
00010 551107348
00010 552817412
00010 555157102
00010 555339754
00010 555952054
00010 556399856
00010 557254508
00010 558006748
00010 560346332
00010 563450254
00010 565501364
00010 567860244
00010 570845202
00010 572923642
00010 573809256
00010 577112084
00010 579297564
00010 579743062
00010 580062196
00010 582933040
00010 587129686
00010 588403254
00010 591050766
00010 592298956
00010 595111324
00010 595896114
00010 604959546
00010 605046430
00010 605096666
00010 605346584
00010 606407408
00010 606763172
00010 607760016
00010 610966390
00010 612806582
00010 612906984
00010 614861636
00010 615393728
00010 616593620
00010 616616560
00010 619410384
00010 621881288
00010 623916712
00010 625676588
00010 635553840
00010 637765762
00010 642683806
00010 644683110
00010 645794484
00010 646580368
00010 648182432
00010 652577356
00010 652995236
00010 653216268
00010 653452924
00010 654975332
00010 657556554
00010 659904968
00010 662333578
00010 662431550
00010 665429942
00010 665431656
00010 665463478
00010 665594860
00010 666508262
00010 667341300
00010 668876908
00010 673492836
00010 675303136
00010 675502406
00010 676496976
00010 676618048
00010 676625454
00010 680588370
00010 686457852
00010 688466944
00010 688622754
00010 694592874
00010 697399042
00010 698047686
00010 701551652
00010 703804256
00010 703892664
00010 712636920
00010 713298248
00010 716942754
00010 718303334
00010 721279134
00010 723613230
00010 723760504
00010 724350088
00010 724742766
00010 727584686
00010 730192032
00010 733916004
00010 736084664
00010 740411310
00010 742313246
00010 745763044
00010 746134166
00010 746903304
00010 752850402
00010 756018316
00010 756151532
00010 756846968
00010 757435986
00010 762369046
00010 768333856
00010 768381648
00010 771143748
00010 771713670
00010 774075096
00010 775194874
00010 775199606
00010 775301326
00010 777425386
00010 780518470
00010 784746394
00010 786893766
00010 787314350
00010 792210284
00010 794890842
00010 794892380
00010 795238036
00010 797194854
00010 798423332
00010 800138624
00010 800319910
00010 801183182
00010 801388396
00010 802367794
00010 803439470
00010 804250962
00010 804883308
00010 807056846
00010 809977204
00010 810744354
00010 814166634
00010 814382122
00010 815715422
00010 817340812
00010 817489152
00010 819192016
00010 820947692
00010 824140358
00010 825865800
00010 833322256
00010 838355208
00010 838986482
00010 839689024
00010 840341654
00010 841815156
00010 843144514
00010 845900388
00010 846622934
00010 847068816
00010 847945242
00010 849862002
00010 850620018
00010 852345142
00010 854350160
00010 859608634
00010 859987958
00010 863968918
00010 865200830
00010 865781540
00010 867943566
00010 868674240
00010 870074180
00010 871347642
00010 871837024
00010 878610372
00010 880135810
00010 883001460
00010 884771868
00010 884851436
00010 884919502
00010 885354196
00010 885558184
00010 885629046
00010 885784778
00010 886588390
00010 888611826
00010 893927268
00010 893956246
00010 894156268
00010 894962136
00010 899168328
00010 901746806
00010 908561766
00010 911880766
00010 911889876
00010 911909824
00010 912184664
00010 913493232
00010 914079000
00010 915218042
00010 915283180
00010 921216374
00010 923967084
00010 925049172
00010 928499442
00010 931652530
00010 935671274
00010 936785726
00010 937965160
00010 937979458
00010 940470400
00010 941957620
00010 945246088
00010 950860834
00010 957616946
00010 958198448
00010 958419002
00010 959793862
00010 960109130
00010 961385704
00010 964251282
00010 964966882
00010 970031858
00010 971564430
00010 972147428
00010 974729714
00010 975808278
00010 977269154
00010 980898086
00010 991396502
00010 994233136
00010 994973922
00010 4862274
00010 6571354
00010 8356852
00010 8946964
00010 16108242
00010 16138476
00010 20756700
00010 22391414
00010 23451420
00010 25973790
00010 26713100
00010 27419454
00010 28497542
00010 29722060
00010 30845764
00010 31327362
00010 31972540
00010 32206908
00010 33592686
00010 35196094
00010 35457044
00010 36867364
00010 37198630
00010 38030152
00010 46621052
00010 47523090
00010 48651584
00010 49346448
00010 49605328
00010 50149134
00010 50882854
00010 53058666
00010 53763902
00010 55368122
00010 55619270
00010 61741470
00010 62798776
00010 62799912
00010 65098180
00010 65845786
00010 67136804
00010 68776456
00010 71245010
00010 71456270
00010 72175860
00010 75038780
00010 75093536
00010 75269828
00010 75473702
00010 76175012
00010 79533062
00010 79982416
00010 81596312
00010 82244102
00010 82258852
00010 82852380
00010 85679160
00010 86178304
00010 86524330
00010 87501614
00010 87906378
00010 88278962
00010 89289984
00010 92949736
00010 94064136
00010 94487256
00010 94496020
00010 94708840
00010 97646000
00010 98059150
00010 102897434
00010 102898996
00010 103574154
00010 106741134
00010 114528602
00010 114609630
00010 116289594
00010 118845466
00010 120455348
00010 125143350
00010 125151440
00010 125402850
00010 126238684
00010 126410148
00010 129530210
00010 132532644
00010 133160154
00010 134054378
00010 135020610
00010 137571888
00010 139215934
00010 143160688
00010 144164848
00010 147608414
00010 149466332
00010 150623004
00010 154482090
00010 159996100
00010 162041182
00010 163753876
00010 164094326
00010 164539182
00010 168263856
00010 168867522
00010 179430024
00010 180476816
00010 180557292
00010 182225740
00010 182390330
00010 182653366
00010 184382452
00010 184694100
00010 188453126
00010 188465520
00010 188969432
00010 192308420
00010 194676764
00010 194869456
00010 195650580
00010 196210528
00010 196680594
00010 196967214
00010 197962360
00010 198464838
00010 198764016
00010 198842728
00010 199334814
00010 199835170
00010 202034830
00010 204836830
00010 206117148
00010 206839024
00010 207729068
00010 211695584
00010 217808706
00010 218127988
00010 218264182
00010 218548968
00010 218636958
00010 219440754
00010 222971148
00010 223178736
00010 224392796
00010 226153830
00010 228652830
00010 229838210
00010 238097094
00010 241633780
00010 247127558
00010 247242518
00010 247974886
00010 248153132
00010 248819278
00010 250188732
00010 252066418
00010 255111832
00010 257619582
00010 258920124
00010 260864520
00010 261587756
00010 262621674
00010 264032016
00010 264863860
00010 270783454
00010 272981088
00010 282154488
00010 284048098
00010 285279502
00010 287240282
00010 288959670
00010 290980302
00010 294435266
00010 300410914
00010 307548956
00010 310440424
00010 310523996
00010 310948546
00010 313084856
00010 313386340
00010 315727640
00010 316933256
00010 317056338
00010 321393558
00010 322228640
00010 323078534
00010 325366690
00010 328836432
00010 333280896
00010 336857988
00010 337710834
00010 337972602
00010 338088184
00010 338181476
00010 338372724
00010 339069106
00010 339366542
00010 339385190
00010 340185158
00010 340836526
00010 346433220
00010 346792586
00010 357136046
00010 359272550
00010 359462576
00010 359491454
00010 359873434
00010 361611550
00010 362503996
00010 362556858
00010 363057464
00010 363398618
00010 363719856
00010 364340702
00010 365900866
00010 368269398
00010 371960402
00010 375035098
00010 376572440
00010 381016288
00010 382142622
00010 383112334
00010 384845210
00010 387202050
00010 387769048
00010 397535534
00010 402944640
00010 405110208
00010 410862970
00010 412958818
00010 414127534
00010 418068210
00010 419526484
00010 422032222
00010 422295516
00010 422787076
00010 423435910
00010 425938862
00010 426063118
00010 432126772
00010 436043226
00010 436339102
00010 440944200
00010 447534704
00010 448013856
00010 449639880
00010 450897984
00010 452183828
00010 452696152
00010 454417040
00010 463929986
00010 465434962
00010 467756456
00010 467886946
00010 467998002
00010 471559446
00010 480223608
00010 481575992
00010 483480760
00010 486617886
00010 486774302
00010 488789326
00010 492979764
00010 494875362
00010 501516834
00010 503615380
00010 506609826
00010 507585728
00010 514104642
00010 516498902
00010 523459406
00010 523899140
00010 526746772
00010 527416804
00010 529081096
00010 529198678
00010 531735092
00010 533407272
00010 534448164
00010 534973132
00010 538432656
00010 538478320
00010 541200466
00010 541560500
00010 544487678
00010 546360276
00010 546974636
00010 548773888
00010 551942238
00010 556385628
00010 560650036
00010 560925308
00010 560984150
00010 561044454
00010 561697416
00010 563337366
00010 564727746
00010 565150856
00010 567346550
00010 569265782
00010 570219362
00010 574020830
00010 578407378
00010 579667324
00010 581634332
00010 582479118
00010 586347276
00010 588776566
00010 590077234
00010 590147790
00010 590371254
00010 595162154
00010 596524000
00010 601079626
00010 601804392
00010 602921876
00010 603481380
00010 603733038
00010 604909394
00010 605011900
00010 606309132
00010 615488666
00010 618257456
00010 620908942
00010 621489596
00010 626194934
00010 626694860
00010 637419846
00010 643492000
00010 646166474
00010 646575932
00010 650591244
00010 651102918
00010 651937698
00010 652130804
00010 652571542
00010 655818258
00010 656464298
00010 657089496
00010 659631500
00010 660195848
00010 662245942
00010 663853684
00010 670618210
00010 671558998
00010 673049094
00010 677843286
00010 678261798
00010 682341980
00010 683752158
00010 688091982
00010 689007700
00010 689553480
00010 691784448
00010 693823348
00010 694871898
00010 695546736
00010 696531310
00010 697157528
00010 699316680
00010 700172268
00010 701439984
00010 701671782
00010 704844790
00010 707349976
00010 711574700
00010 713439974
00010 717231672
00010 720290080
00010 722074644
00010 723152040
00010 725598258
00010 727382942
00010 728619980
00010 729480836
00010 730220760
00010 731021540
00010 733308824
00010 735891030
00010 739129598
00010 740805634
00010 741680228
00010 741917722
00010 743766520
00010 744532746
00010 745849674
00010 751073862
00010 752875776
00010 753902542
00010 754541948
00010 756884296
00010 758312618
00010 758475628
00010 758593258
00010 759620888
00010 763278448
00010 764647900
00010 766377116
00010 766736238
00010 767671316
00010 770508152
00010 771798866
00010 772459602
00010 773224550
00010 775033598
00010 776679078
00010 781709748
00010 781766120
00010 785267786
00010 788171112
00010 788567050
00010 790394680
00010 791042124
00010 791368326
00010 791518602
00010 792333578
00010 794641650
00010 797770218
00010 798958282
00010 799153226
00010 799421400
00010 803206068
00010 807483568
00010 807546962
00010 812868116
00010 812964396
00010 816838500
00010 817036990
00010 817722208
00010 817847608
00010 821727696
00010 822048862
00010 825967556
00010 826668370
00010 833277926
00010 835714150
00010 836775166
00010 836913282
00010 836935190
00010 836992426
00010 837868584
00010 839138210
00010 839144680
00010 839235924
00010 842018636
00010 843907744
00010 844602888
00010 845935228
00010 849618836
00010 849682236
00010 850055758
00010 851371480
00010 853434176
00010 856294066
00010 858019722
00010 859561868
00010 860879726
00010 863716746
00010 864439496
00010 865168738
00010 866058498
00010 875878106
00010 879194198
00010 880288682
00010 881745174
00010 886505182
00010 894102982
00010 898433872
00010 898868040
00010 901188768
00010 905223712
00010 907048976
00010 907382420
00010 909611434
00010 914998292
00010 916002316
00010 916845596
00010 920950158
00010 927368948
00010 928477092
00010 932143298
00010 932750536
00010 933939184
00010 935789754
00010 935915328
00010 938259122
00010 938333618
00010 939852376
00010 940789318
00010 945144894
00010 948192074
00010 948777766
00010 950090922
00010 950715364
00010 955485058
00010 955881348
00010 957541458
00010 962107946
00010 963307342
00010 973427744
00010 974940210
00010 975878940
00010 979783764
00010 980114060
00010 981067684
00010 981500586
00010 983107494
00010 983375414
00010 983667486
00010 984686666
00010 986539048
00010 989425616
00010 993169550
00010 995209248
00010 996578208
