00010 4485782
00010 5077116
00010 11038066
00010 11350860
00010 17349072
00010 18450910
00010 19707352
00010 20170020
00010 23177308
00010 25074252
00010 26381516
00010 28252632
00010 30016158
00010 33745752
00010 34565712
00010 35672656
00010 39087892
00010 46250324
00010 46293228
00010 46443404
00010 48816728
00010 52365986
00010 52568730
00010 54865826
00010 54929996
00010 57733408
00010 60309252
00010 60995394
00010 61597218
00010 65570292
00010 73076704
00010 76431894
00010 80752312
00010 85410900
00010 85431822
00010 96439572
00010 99742528
00010 100179966
00010 101742410
00010 102852208
00010 104813588
00010 106477056
00010 114742356
00010 115943506
00010 118552510
00010 120680720
00010 120918614
00010 121111808
00010 122321320
00010 123140936
00010 124560192
00010 125349516
00010 126192180
00010 133160094
00010 134664850
00010 136777364
00010 137229958
00010 137385684
00010 142831388
00010 145639708
00010 146608198
00010 153694688
00010 153909694
00010 154502978
00010 154568658
00010 155630072
00010 156719356
00010 159608780
00010 163060576
00010 163486756
00010 163511030
00010 163713318
00010 166456124
00010 167774486
00010 168526196
00010 169438480
00010 170964566
00010 172660536
00010 172892452
00010 176927012
00010 177059468
00010 180210986
00010 184144408
00010 185932858
00010 189093410
00010 189531998
00010 195449768
00010 196199264
00010 197065010
00010 197598648
00010 200661200
00010 200895784
00010 202116812
00010 202804722
00010 202918008
00010 203943018
00010 204022858
00010 206122552
00010 208085354
00010 210109242
00010 210909706
00010 215295714
00010 216101936
00010 217647624
00010 218061174
00010 218692390
00010 220338298
00010 221205008
00010 221365200
00010 224006020
00010 227441456
00010 228346856
00010 228725690
00010 231190310
00010 231433150
00010 232032830
00010 233859538
00010 234246982
00010 234410450
00010 237120538
00010 238281826
00010 238497640
00010 240614818
00010 240902992
00010 244377750
00010 244990190
00010 247523324
00010 250584036
00010 260580600
00010 261036312
00010 261140882
00010 261151028
00010 264011204
00010 269523716
00010 269839752
00010 276832428
00010 281409544
00010 281549252
00010 284804722
00010 286080508
00010 286737880
00010 288925698
00010 290019790
00010 290120384
00010 306022374
00010 306227774
00010 309687304
00010 312126096
00010 312942748
00010 316060366
00010 318998972
00010 319091412
00010 320237132
00010 322279946
00010 322597978
00010 322939114
00010 323795412
00010 324009700
00010 324351796
00010 326038952
00010 328731942
00010 331128782
00010 335936070
00010 337844946
00010 339826478
00010 344001248
00010 344862666
00010 345531084
00010 360219396
00010 360335434
00010 366406636
00010 367044088
00010 368227710
00010 368481596
00010 369089384
00010 370183846
00010 370843814
00010 375534016
00010 379748442
00010 379845632
00010 380390968
00010 384323598
00010 385357150
00010 388080436
00010 389467174
00010 389609722
00010 392716574
00010 393045098
00010 395902088
00010 396481478
00010 397950416
00010 399097796
00010 403494598
00010 407117062
00010 408376374
00010 414442040
00010 414630930
00010 423497086
00010 423583194
00010 423600122
00010 423845380
00010 424765278
00010 427643716
00010 428759010
00010 432865130
00010 435813440
00010 436020226
00010 436842612
00010 437587896
00010 443282880
00010 444362906
00010 444434552
00010 446006158
00010 447855308
00010 452985322
00010 455226946
00010 460693028
00010 462330434
00010 466063098
00010 467601928
00010 473119990
00010 474765272
00010 487163828
00010 488071998
00010 489378696
00010 492039340
00010 492962932
00010 494902170
00010 496084570
00010 496695620
00010 497045760
00010 501285554
00010 502171594
00010 502550956
00010 503903622
00010 504272188
00010 505211352
00010 506905670
00010 507409650
00010 509995250
00010 511136612
00010 514677642
00010 514744974
00010 515415380
00010 515731490
00010 516378854
00010 517100248
00010 527205126
00010 527635542
00010 528453700
00010 528669108
00010 530955584
00010 531094348
00010 533212358
00010 535081290
00010 535485952
00010 536702898
00010 536920142
00010 538415226
00010 538865150
00010 547538696
00010 548263834
00010 553754936
00010 553778060
00010 554172682
00010 554220314
00010 555698386
00010 556282418
00010 559783352
00010 560625784
00010 561695148
00010 561861854
00010 563392156
00010 569427726
00010 575363118
00010 576874718
00010 578141094
00010 579772780
00010 581708128
00010 582431618
00010 583162062
00010 585131798
00010 585328154
00010 589793292
00010 589997322
00010 591636736
00010 592363642
00010 592672864
00010 593947742
00010 594671140
00010 595973730
00010 601451250
00010 601452582
00010 601929472
00010 602900850
00010 605377532
00010 611563190
00010 612982048
00010 613229166
00010 614826148
00010 615828098
00010 619894254
00010 620200376
00010 620752638
00010 623763464
00010 623861842
00010 625817554
00010 630437928
00010 630488682
00010 631513762
00010 632441108
00010 633049088
00010 633825322
00010 635237440
00010 637131218
00010 637799376
00010 642587482
00010 643323268
00010 643425612
00010 645422184
00010 646598542
00010 649730396
00010 650441032
00010 651188172
00010 651757938
00010 655808334
00010 656701920
00010 656764868
00010 659085242
00010 660112060
00010 662072706
00010 666369124
00010 667289098
00010 668344472
00010 669329120
00010 669449606
00010 672493388
00010 677463388
00010 677825176
00010 679550150
00010 680780184
00010 681674292
00010 683447390
00010 684495314
00010 685185660
00010 688627952
00010 692137838
00010 694080478
00010 695626098
00010 698232544
00010 699144038
00010 699765462
00010 699908706
00010 703342312
00010 705267782
00010 716231786
00010 719402096
00010 720684122
00010 720795422
00010 722476506
00010 723027162
00010 723584174
00010 726743566
00010 727289540
00010 729111304
00010 729234442
00010 730632262
00010 731514478
00010 732073408
00010 732200430
00010 732503332
00010 732669840
00010 733096788
00010 733184692
00010 735553896
00010 739538522
00010 741594356
00010 742242668
00010 742458716
00010 743500132
00010 744151582
00010 750058864
00010 751074462
00010 754056374
00010 757047598
00010 760337092
00010 760845986
00010 761987242
00010 762351272
00010 764044132
00010 767551256
00010 768891490
00010 769007602
00010 770646792
00010 771615824
00010 773581240
00010 774019902
00010 774365258
00010 779843314
00010 785395528
00010 786459128
00010 786578020
00010 788849678
00010 788868462
00010 789845886
00010 791033592
00010 791199694
00010 791875048
00010 793029328
00010 794622120
00010 795598036
00010 798349056
00010 798605904
00010 798647944
00010 805682318
00010 807456986
00010 808047408
00010 810737926
00010 811665398
00010 811978614
00010 812699370
00010 816628858
00010 818195298
00010 820012688
00010 821902748
00010 823220926
00010 823298832
00010 826194462
00010 831603140
00010 836189220
00010 838956276
00010 839835740
00010 840276506
00010 841570488
00010 842187754
00010 850789462
00010 852775314
00010 854600140
00010 855036718
00010 856122712
00010 857246130
00010 857467126
00010 861836822
00010 864033222
00010 865194438
00010 872527766
00010 875539658
00010 876715084
00010 880413876
00010 882244704
00010 885002706
00010 887148384
00010 889734004
00010 890649050
00010 892131498
00010 895751010
00010 901561888
00010 901676470
00010 903291776
00010 903615740
00010 906656444
00010 908865452
00010 910632252
00010 910788486
00010 910832904
00010 913657314
00010 917304688
00010 917358030
00010 918339712
00010 922641762
00010 925009960
00010 926678808
00010 927227524
00010 928742766
00010 932868134
00010 934074618
00010 937170706
00010 938999168
00010 940029696
00010 940795990
00010 941768090
00010 943824012
00010 944107038
00010 946023500
00010 947172640
00010 948252358
00010 953499120
00010 954910442
00010 963037104
00010 965779374
00010 969696886
00010 970151186
00010 971589634
00010 971990070
00010 973747336
00010 976908146
00010 979379270
00010 986658040
00010 995809284
00010 996350020
00010 996378282
00010 998488210
00010 2997168
00010 3347224
00010 3791466
00010 3829784
00010 9480116
00010 10783022
00010 10797158
00010 13781366
00010 14716306
00010 16441516
00010 17895966
00010 18319814
00010 23493296
00010 24487234
00010 24856326
00010 31495504
00010 31833270
00010 33660380
00010 36582348
00010 40761422
00010 40859054
00010 42323280
00010 42876400
00010 44356530
00010 44552328
00010 45919882
00010 46616716
00010 51104828
00010 52454350
00010 52501266
00010 53094886
00010 55688416
00010 56379060
00010 57979050
00010 58208928
00010 59005082
00010 61525286
00010 68621262
00010 69988582
00010 76383358
00010 77148326
00010 79430080
00010 80216748
00010 83108562
00010 84023334
00010 86015072
00010 86969444
00010 88442696
00010 89672418
00010 90837342
00010 96759872
00010 96834686
00010 98339494
00010 101242554
00010 101683174
00010 104998566
00010 106816948
00010 108706810
00010 109996516
00010 110194140
00010 112081584
00010 115747862
00010 122128350
00010 122370816
00010 127405822
00010 128883730
00010 129855048
00010 132123530
00010 132355066
00010 133268384
00010 133372548
00010 133903304
00010 135715600
00010 136554500
00010 138429416
00010 139776982
00010 141932458
00010 142246478
00010 142359486
00010 145149482
00010 147486630
00010 147537076
00010 148223202
00010 148465726
00010 151721220
00010 154740860
00010 154885222
00010 158580420
00010 160215846
00010 161296096
00010 163386556
00010 163775626
00010 164946568
00010 165655410
00010 170125644
00010 171127860
00010 172702334
00010 172799584
00010 173317562
00010 180272042
00010 180866912
00010 183063350
00010 185828928
00010 187480002
00010 188404778
00010 190000540
00010 190230314
00010 191627574
00010 193385338
00010 193821992
00010 197417908
00010 199928322
00010 202808858
00010 202923552
00010 203473830
00010 206163412
00010 206176370
00010 208663564
00010 210643148
00010 214420792
00010 221652072
00010 222073060
00010 222194726
00010 222841100
00010 222869916
00010 232396608
00010 233986418
00010 235328972
00010 235804824
00010 244251682
00010 244670654
00010 245023844
00010 249887016
00010 252288230
00010 253598134
00010 256039688
00010 256574892
00010 256905570
00010 257466436
00010 258596164
00010 260615996
00010 262494518
00010 264979738
00010 266148530
00010 267808742
00010 270096432
00010 270209106
00010 270643468
00010 271518902
00010 271561188
00010 273609998
00010 275292094
00010 277297984
00010 278261828
00010 279608846
00010 282339114
00010 283116176
00010 283439110
00010 283591052
00010 285474996
00010 285858496
00010 288766342
00010 295137790
00010 295371272
00010 301816738
00010 302518158
00010 302713890
00010 304304372
00010 304584308
00010 310087146
00010 313039724
00010 315031030
00010 315034374
00010 319115416
00010 323488528
00010 327718408
00010 330399548
00010 331180632
00010 331763738
00010 334007184
00010 336408480
00010 336821756
00010 337128562
00010 337315906
00010 344820078
00010 349759634
00010 350324926
00010 351059392
00010 359576724
00010 359979638
00010 361983518
00010 362416786
00010 363932200
00010 378230714
00010 379354596
00010 383538098
00010 384642072
00010 390190188
00010 391569732
00010 394494314
00010 398414720
00010 403188226
00010 405354910
00010 405430564
00010 405778824
00010 406193618
00010 406404290
00010 409435230
00010 416158112
00010 419220734
00010 422299870
00010 423282002
00010 427509798
00010 429649710
00010 432158902
00010 433785280
00010 440329320
00010 442480972
00010 445926626
00010 447141480
00010 450470558
00010 453795812
00010 453812350
00010 456284766
00010 461087734
00010 461408890
00010 463331538
00010 463362200
00010 463964076
00010 465126674
00010 466093810
00010 467383628
00010 467501308
00010 470273376
00010 471484316
00010 473429156
00010 474277026
00010 476414026
00010 476734192
00010 479085072
00010 479127282
00010 482873386
00010 487476762
00010 487865214
00010 491560016
00010 498009016
00010 509149894
00010 510413426
00010 515267754
00010 519799944
00010 520368364
00010 528436042
00010 529112466
00010 531018930
00010 531109110
00010 533473240
00010 535731106
00010 537465610
00010 538884188
00010 540356024
00010 540676678
00010 541203332
00010 541688406
00010 542427772
00010 547743436
00010 549461550
00010 551765648
00010 553218952
00010 553262992
00010 557905776
00010 561548780
00010 561685142
00010 564045858
00010 564213272
00010 565763096
00010 565916130
00010 569978470
00010 571101134
00010 573632114
00010 576232834
00010 578085212
00010 580411772
00010 581868602
00010 582440508
00010 582921644
00010 586962484
00010 587036166
00010 588475184
00010 588892910
00010 589473024
00010 592638160
00010 592829158
00010 593745610
00010 594293892
00010 594420368
00010 597816634
00010 597952092
00010 598784612
00010 600037170
00010 600076134
00010 600698128
00010 602672190
00010 602695794
00010 608385360
00010 609052294
00010 612226080
00010 615816662
00010 618543534
00010 619587632
00010 621399266
00010 621413332
00010 627404180
00010 629245272
00010 630663442
00010 634229850
00010 635352770
00010 640749096
00010 640894202
00010 643948270
00010 644550736
00010 645524928
00010 646465304
00010 647310644
00010 647944958
00010 648041104
00010 648377658
00010 651239206
00010 656409166
00010 660393676
00010 663894562
00010 664526306
00010 665439578
00010 667714070
00010 669724188
00010 674185456
00010 676816538
00010 682872666
00010 683308810
00010 683885776
00010 687251454
00010 687416146
00010 692565376
00010 692842114
00010 693207506
00010 696740642
00010 698729874
00010 700969802
00010 701655610
00010 703823882
00010 704001278
00010 704687792
00010 706760848
00010 707815924
00010 711211068
00010 717035616
00010 717783792
00010 720571622
00010 722688842
00010 723507744
00010 725907918
00010 726137762
00010 726243704
00010 726642024
00010 727445710
00010 731551666
00010 732674834
00010 734408970
00010 735515656
00010 738222708
00010 738436838
00010 738529466
00010 738977686
00010 742641478
00010 747084892
00010 747302284
00010 749572566
00010 751618860
00010 752048488
00010 752080500
00010 752820766
00010 759343836
00010 763903672
00010 766576768
00010 771115716
00010 774038692
00010 776888652
00010 784347514
00010 784672548
00010 787426270
00010 788871224
00010 790231266
00010 792938022
00010 794354396
00010 795416476
00010 795621366
00010 796151100
00010 798041502
00010 801584418
00010 802094034
00010 809740776
00010 813361518
00010 814578246
00010 814960118
00010 816523078
00010 817501374
00010 818666868
00010 820429876
00010 825968410
00010 828852754
00010 829620112
00010 829684350
00010 831244052
00010 834856166
00010 837604656
00010 842332858
00010 842498596
00010 843064222
00010 844816582
00010 848628224
00010 850637522
00010 852391600
00010 854171916
00010 855975842
00010 856032488
00010 856155950
00010 866434318
00010 868265600
00010 872122490
00010 874423764
00010 875463738
00010 876859438
00010 877525744
00010 877569536
00010 879967064
00010 882379320
00010 887231592
00010 887287536
00010 888037534
00010 888744846
00010 889390526
00010 890785270
00010 890918414
00010 894125092
00010 898185722
00010 901762464
00010 903982608
00010 905825768
00010 907808896
00010 909915192
00010 917474646
00010 919384616
00010 924984750
00010 926951252
00010 930801928
00010 936135804
00010 937493972
00010 941295296
00010 942259432
00010 943982588
00010 955757266
00010 957645232
00010 964068012
00010 965600706
00010 967313218
00010 968573830
00010 968952078
00010 971897072
00010 972110090
00010 979892800
00010 980559352
00010 983558476
00010 985176286
00010 986644212
00010 988884092
00010 996536488
00010 996699354
00010 997305488
00010 997652688
00010 997715434
00010 998210728
00010 998953762
00010 633088
00010 1740420
00010 1908152
00010 4410432
00010 5499634
00010 7377486
00010 8762822
00010 11786844
00010 14616764
00010 14874596
00010 16089466
00010 17147570
00010 22713242
00010 23891746
00010 24649360
00010 31870770
00010 34687404
00010 35117730
00010 37937294
00010 38389806
00010 40830106
00010 48260422
00010 51728374
00010 53567412
00010 54685848
00010 57579366
00010 58344468
00010 60633142
00010 60892864
00010 61582202
00010 65062562
00010 66310568
00010 70807282
00010 70984010
00010 71102772
00010 71159066
00010 73135708
00010 75783480
00010 78795126
00010 79497012
00010 83223362
00010 83743558
00010 84161204
00010 86509724
00010 86919602
00010 87137430
00010 88642084
00010 91350438
00010 91609536
00010 100451364
00010 102339302
00010 102911562
00010 103018586
00010 106226114
00010 107559078
00010 109047856
00010 109080434
00010 114733782
00010 115371032
00010 120848060
00010 129977748
00010 134053572
00010 135919074
00010 144079128
00010 146418394
00010 148198594
00010 149938892
00010 156138898
00010 156727768
00010 159219074
00010 162389986
00010 167945690
00010 170552956
00010 173433858
00010 175750092
00010 177699342
00010 180661810
00010 186455378
00010 188617046
00010 189303992
00010 190002492
00010 190788786
00010 190905692
00010 192157752
00010 202235522
00010 210394586
00010 210733810
00010 210776804
00010 212267050
00010 216205088
00010 217072590
00010 217672784
00010 220935900
00010 221920942
00010 222849720
00010 222971712
00010 223141908
00010 224964834
00010 232061170
00010 237219328
00010 238171650
00010 239666684
00010 240887804
00010 242390346
00010 242811528
00010 242835524
00010 244090384
00010 249672428
00010 250594190
00010 257323624
00010 258778720
00010 262063900
00010 262541576
00010 263059690
00010 263240192
00010 265123356
00010 265455750
00010 270547988
00010 279744834
00010 282190324
00010 285141204
00010 288394458
00010 291954750
00010 300739876
00010 301760994
00010 303590092
00010 305394110
00010 306095650
00010 306496346
00010 309625358
00010 311573568
00010 328645064
00010 329696424
00010 330292178
00010 330415864
00010 331142908
00010 332260688
00010 334360394
00010 334466872
00010 336152682
00010 339731604
00010 342708820
00010 347104762
00010 348539632
00010 352866204
00010 354373806
00010 355909264
00010 356006022
00010 357264706
00010 359303776
00010 362006654
00010 365574866
00010 367594028
00010 368523104
00010 368593180
00010 368959742
00010 373728562
00010 375899712
00010 377465760
00010 377749954
00010 379093604
00010 379141080
00010 380447280
00010 381335364
00010 382464166
00010 382564198
00010 384761460
00010 386027074
00010 387579328
00010 388743906
00010 389592564
00010 389703948
00010 389927938
00010 390833918
00010 391716538
00010 395879016
00010 396002578
00010 404642694
00010 404653104
00010 410277316
00010 413426062
00010 414184214
00010 417884640
00010 418587622
00010 422317848
00010 425162090
00010 432281102
00010 434164024
00010 434209770
00010 437518036
00010 438483064
00010 439099008
00010 439705304
00010 439719884
00010 440016176
00010 441658866
00010 442636048
00010 443882586
00010 444868360
00010 449339260
00010 450064966
00010 450143314
00010 450153036
00010 450719570
00010 453803328
00010 456899390
00010 459903822
00010 463615586
00010 466171124
00010 466518982
00010 467350696
00010 470926284
00010 471237982
00010 471840108
00010 473956442
00010 474491248
00010 474771906
00010 479228982
00010 479801600
00010 479811558
00010 480673456
00010 484664426
00010 485199760
00010 486548096
00010 488947618
00010 495032694
00010 495047962
00010 495149858
00010 496122234
00010 496854032
00010 499441516
00010 500824936
00010 501913676
00010 502182190
00010 503967486
00010 504344926
00010 504456796
00010 507420774
00010 509805294
00010 510730624
00010 511409584
00010 515920300
00010 516206716
00010 522338710
00010 522827878
00010 522848756
00010 523240632
00010 523753240
00010 524257988
00010 525778544
00010 526203636
00010 526243274
00010 526853096
00010 527624988
00010 531595786
00010 534443918
00010 539312652
00010 543230370
00010 544113662
00010 545515358
00010 546736398
00010 548562620
00010 550970058
00010 552255680
00010 553705974
00010 558952596
00010 560308696
00010 560382450
00010 561288252
00010 561324980
00010 561846974
00010 564109538
00010 564251400
00010 566926140
00010 569125976
00010 571315956
00010 573949162
00010 576523914
00010 580175760
00010 583021704
00010 585205720
00010 589299534
00010 593456274
00010 594510218
00010 596195256
00010 596272750
00010 598872664
00010 599729172
00010 599801564
00010 605676528
00010 606019436
00010 607174240
00010 609870524
00010 611741020
00010 615329758
00010 616255812
00010 619064638
00010 619982708
00010 620081166
00010 630948372
00010 631895418
00010 633209686
00010 633376912
00010 636991610
00010 643872346
00010 646640542
00010 648084458
00010 650936542
00010 658125616
00010 661205080
00010 665422846
00010 665441282
00010 666570374
00010 668227132
00010 673068596
00010 673347326
00010 679571858
00010 682549454
00010 683203314
00010 683790470
00010 685587850
00010 687254568
00010 687752082
00010 694217094
00010 698088832
00010 699546816
00010 700176634
00010 700701230
00010 702919628
00010 703930882
00010 711699654
00010 713575196
00010 717418402
00010 719461396
00010 719811984
00010 720592090
00010 722277146
00010 723041202
00010 723714008
00010 725424560
00010 730209342
00010 733109634
00010 735953128
00010 738536960
00010 739976546
00010 745024682
00010 745895394
00010 746162260
00010 749829106
00010 751100314
00010 751705112
00010 756438400
00010 758016354
00010 760496982
00010 761552478
00010 762336412
00010 763038072
00010 764422482
00010 764442796
00010 767947704
00010 771951932
00010 772283094
00010 779485816
00010 780843120
00010 781738128
00010 782333120
00010 782662256
00010 784873480
00010 789405160
00010 789826696
00010 789904710
00010 793633384
00010 795308558
00010 796532398
00010 799103432
00010 800042032
00010 800666592
00010 801946376
00010 802645448
00010 813507548
00010 817040980
00010 822186018
00010 822507222
00010 827623936
00010 827942068
00010 829344914
00010 830375382
00010 830575392
00010 832931218
00010 833369956
00010 836354216
00010 836716340
00010 838655128
00010 841546234
00010 842588992
00010 849035166
00010 849443144
00010 852495992
00010 853154802
00010 855072354
00010 855812610
00010 856577564
00010 856770918
00010 858366510
00010 860655564
00010 861632878
00010 863985526
00010 864977708
00010 868310900
00010 869091376
00010 872144734
00010 872965768
00010 873381398
00010 873507424
00010 873593270
00010 873630814
00010 877853518
00010 882549612
00010 887331002
00010 888262346
00010 889656628
00010 890531166
00010 892188926
00010 892386136
00010 894351680
00010 895749588
00010 896206738
00010 896316924
00010 896554868
00010 902377684
00010 904894178
00010 905971458
00010 906408258
00010 909701558
00010 910097414
00010 910281582
00010 916837598
00010 917025134
00010 920088062
00010 920274296
00010 921157846
00010 921604470
00010 923269720
00010 926703008
00010 927693734
00010 935013052
00010 941177048
00010 941210150
00010 941515190
00010 948106888
00010 949025642
00010 949813310
00010 950036130
00010 950427868
00010 952992384
00010 954370990
00010 958486246
00010 960360934
00010 962351778
00010 964203402
00010 965471654
00010 968090910
00010 968370878
00010 970518414
00010 975666044
00010 978091514
00010 978461680
00010 980740096
00010 981455402
00010 982675516
00010 982779148
00010 986280552
00010 989512264
00010 989939180
00010 990042150
00010 992145984
00010 993925176
00010 997057712
00010 6614236
00010 10402030
00010 11497012
00010 15811888
00010 16234822
00010 17994996
00010 18534482
00010 19002304
00010 20366254
00010 23134956
00010 28931976
00010 29037356
00010 30895292
00010 31734536
00010 38361568
00010 41266478
00010 42969426
00010 44058490
00010 44070074
00010 45459566
00010 45508274
00010 48155886
00010 49366904
00010 49703150
00010 52623370
00010 53168758
00010 53494138
00010 61112360
00010 62935212
00010 65521566
00010 69396458
00010 75533432
00010 77450016
00010 78327886
00010 78712794
00010 78904464
00010 79059728
00010 79723460
00010 80178434
00010 80885766
00010 81394830
00010 84067906
00010 84369834
00010 90333042
00010 91385938
00010 91762994
00010 93003338
00010 95558930
00010 95567194
00010 100633066
00010 101855968
00010 103019862
00010 106537020
00010 109587020
00010 109872750
00010 110468992
00010 116217764
00010 118008414
00010 120657636
00010 123077810
00010 124272758
00010 125442412
00010 125682190
00010 125855400
00010 129294072
00010 131160658
00010 131751912
00010 136881912
00010 137799790
00010 139048336
00010 141848766
00010 143373204
00010 144194642
00010 144945396
00010 145928752
00010 146104590
00010 147863736
00010 149423808
00010 152190598
00010 153612698
00010 156103332
00010 158143654
00010 159361458
00010 162053618
00010 164517624
00010 166541368
00010 169024138
00010 170176478
00010 170451470
00010 171311146
00010 171541166
00010 172608438
00010 173429836
00010 175579448
00010 176659036
00010 177336472
00010 180101266
00010 181284948
00010 182629802
00010 187221656
00010 187744728
00010 190150992
00010 190776852
00010 191496236
00010 192702470
00010 193750602
00010 196882434
00010 200966358
00010 201160364
00010 203111004
00010 203188674
00010 204595312
00010 205268654
00010 206659046
00010 208947232
00010 210684516
00010 213167684
00010 213403584
00010 217077648
00010 219948102
00010 220449894
00010 221208990
00010 223431460
00010 225534096
00010 226919196
00010 227581706
00010 228259006
00010 231267098
00010 231712474
00010 232361350
00010 232497832
00010 236210388
00010 237427492
00010 238719676
00010 241484724
00010 241523806
00010 242543360
00010 242974218
00010 248524254
00010 249495158
00010 251686034
00010 252132960
00010 258764216
00010 259621844
00010 263297094
00010 263801326
00010 265181826
00010 269844440
00010 271544988
00010 274395638
00010 275663656
00010 279947024
00010 282527386
00010 282624950
00010 283221746
00010 283467498
00010 283839130
00010 284299166
00010 285204164
00010 285437742
00010 287813346
00010 288522230
00010 289230890
00010 290401890
00010 290560788
00010 292500032
00010 299499510
00010 299953042
00010 304124056
00010 306165892
00010 307879250
00010 308428414
00010 309587938
00010 310697322
00010 310791876
00010 312595066
00010 316077116
00010 317247122
00010 319087178
00010 321290428
00010 321627696
00010 321717110
00010 321934124
00010 322210198
00010 324314786
00010 331784064
00010 331821070
00010 332063520
00010 336567272
00010 339687922
00010 352608590
00010 355118452
00010 358478812
00010 358854968
00010 359449620
00010 360344366
00010 360474906
00010 363190486
00010 363233896
00010 366399064
00010 367049056
00010 367675668
00010 369288504
00010 370784894
00010 372873392
00010 372947944
00010 377082896
00010 379586298
00010 380315900
00010 382434266
00010 383092002
00010 386959390
00010 388123894
00010 391606138
00010 393442458
00010 394741118
00010 396511184
00010 397767812
00010 400236322
00010 401963768
00010 404056504
00010 406040774
00010 409711542
00010 409997194
00010 410000612
00010 413164510
00010 415402804
00010 415696920
00010 416100774
00010 416504296
00010 417497202
00010 418727032
00010 420706488
00010 427203422
00010 428659196
00010 432562526
00010 432782438
00010 434911276
00010 438963436
00010 447056722
00010 450166258
00010 450780348
00010 452468250
00010 457646910
00010 461086546
00010 463152750
00010 464748638
00010 467707398
00010 469390016
00010 470022776
00010 477660176
00010 477787382
00010 487504936
00010 489204558
00010 492746382
00010 493137346
00010 498863376
00010 499956604
00010 500810868
00010 507609694
00010 509263128
00010 510393018
00010 516237828
00010 516957112
00010 524234110
00010 524279504
00010 525079240
00010 526246916
00010 531306924
00010 532095762
00010 532627352
00010 535945844
00010 537500998
00010 538549454
00010 539272888
00010 547143546
00010 548461314
00010 555114822
00010 565207120
00010 568728412
00010 570217166
00010 571540958
00010 571862502
00010 576721236
00010 584674642
00010 585534192
00010 592866858
00010 596815254
00010 597333124
00010 600283068
00010 600337364
00010 601614824
00010 601681912
00010 604551328
00010 606292330
00010 606686196
00010 606753346
00010 607832404
00010 612629906
00010 616915242
00010 619826662
00010 620103496
00010 622111978
00010 622113822
00010 625512886
00010 627798478
00010 627870684
00010 631326538
00010 632062994
00010 633581658
00010 637858496
00010 638406234
00010 638941110
00010 644776628
00010 647208928
00010 648134314
00010 652159184
00010 653058050
00010 654346026
00010 655493822
00010 660344038
00010 660853482
00010 663052644
00010 665028632
00010 669728650
00010 672020602
00010 681738094
00010 682162970
00010 684904386
00010 688550240
00010 698704306
00010 699139800
00010 699747954
00010 700152496
00010 702218210
00010 705094266
00010 705270940
00010 713333806
00010 713786792
00010 713789388
00010 713861670
00010 722411502
00010 722618624
00010 722669564
00010 723563404
00010 723721038
00010 729300308
00010 730685872
00010 734646150
00010 734891544
00010 739920352
00010 741371072
00010 741520522
00010 743690340
00010 747027700
00010 748000220
00010 748797652
00010 750322532
00010 750702648
00010 755703728
00010 756703508
00010 757938506
00010 757950332
00010 758584802
00010 758898442
00010 761092238
00010 761146236
00010 761637384
00010 763167882
00010 763525704
00010 765498082
00010 773741072
00010 781774270
00010 784858484
00010 785087734
00010 785115528
00010 786903844
00010 787909422
00010 790163452
00010 793295498
00010 793798192
00010 794927950
00010 795617998
00010 796737096
00010 796893562
00010 798030028
00010 798692474
00010 804438956
00010 808225442
00010 812162288
00010 814091916
00010 815062314
00010 818724596
00010 819658284
00010 820620356
00010 821611172
00010 827221602
00010 827550014
00010 828218736
00010 833647426
00010 841928116
00010 845753958
00010 847760510
00010 854315284
00010 854964150
00010 854994104
00010 859842354
00010 863744922
00010 865023980
00010 865760840
00010 868307418
00010 876642404
00010 880950688
00010 884164394
00010 885706816
00010 887997022
00010 888148738
00010 890049218
00010 892111960
00010 892649820
00010 893526644
00010 894236050
00010 896451048
00010 896816488
00010 899023178
00010 906119550
00010 907783926
00010 908264968
00010 911299878
00010 912005028
00010 914133478
00010 915412718
00010 916681256
00010 921496252
00010 922140022
00010 928373494
00010 933058024
00010 933402184
00010 934642020
00010 936467240
00010 938700674
00010 938763524
00010 956476832
00010 961524482
00010 963651332
00010 964556956
00010 967423450
00010 970200370
00010 970365002
00010 971352626
00010 971513952
00010 973473312
00010 973614976
00010 973984936
00010 976339756
00010 976611118
00010 978705452
00010 979347108
00010 987051504
00010 990601556
00010 995411136
00010 997355224
00010 998880550
00010 6465702
00010 8772208
00010 9951200
00010 18280086
00010 20167390
00010 20849892
00010 23621742
00010 25339544
00010 25662036
00010 26230270
00010 28045296
00010 28326752
00010 29023236
00010 29237302
00010 29455968
00010 29464538
00010 29885944
00010 30606446
00010 32569134
00010 33240942
00010 33449098
00010 33584580
00010 42542224
00010 42870188
00010 44077020
00010 45861412
00010 46147708
00010 51491782
00010 53935948
00010 53958334
00010 56533776
00010 56785986
00010 57954784
00010 58962852
00010 61650470
00010 64951612
00010 70258364
00010 70330410
00010 71059256
00010 72822250
00010 74910000
00010 75834386
00010 75871856
00010 77193756
00010 78112966
00010 78501886
00010 80737388
00010 81819606
00010 85206440
00010 85729498
00010 88272170
00010 88759602
00010 91755934
00010 93783172
00010 95842646
00010 96319782
00010 97187710
00010 103895858
00010 109478282
00010 111633214
00010 119588976
00010 120042174
00010 125433990
00010 126559522
00010 128158446
00010 128232598
00010 141210850
00010 141413820
00010 141623918
00010 147868222
00010 147957324
00010 151635162
00010 154536194
00010 155834160
00010 157862384
00010 161753678
00010 162932884
00010 165670464
00010 167224190
00010 169666280
00010 173519678
00010 173745402
00010 175318422
00010 175640830
00010 176698002
00010 178160428
00010 179394932
00010 181042914
00010 181249372
00010 185929690
00010 189528186
00010 191089650
00010 191429958
00010 192446388
00010 192812736
00010 194024308
00010 195959444
00010 198619304
00010 199473454
00010 201257814
00010 203370256
00010 203921746
00010 206557082
00010 206836204
00010 209218148
00010 215711140
00010 215945134
00010 220568720
00010 221004106
00010 221563810
00010 221695904
00010 221722006
00010 221929518
00010 225060822
00010 225066566
00010 227446170
00010 230105740
00010 237677114
00010 239165772
00010 239784758
00010 242318084
00010 243435518
00010 243956652
00010 248365216
00010 250180482
00010 254303540
00010 258500312
00010 259765240
00010 261185714
00010 269111344
00010 272530820
00010 275636652
00010 280095870
00010 284037964
00010 285184268
00010 285720106
00010 288423892
00010 290820564
00010 292325896
00010 293140266
00010 294786346
00010 295946068
00010 298299476
00010 298465056
00010 298629436
00010 299452686
00010 301479678
00010 312415324
00010 313554266
00010 314736306
00010 319560738
00010 320762834
00010 321061108
00010 323346304
00010 327875550
00010 327973836
00010 332953242
00010 336812650
00010 337636638
00010 343371824
00010 344254648
00010 346469436
00010 346472484
00010 348336180
00010 348501854
00010 349926280
00010 351763758
00010 351765668
00010 353621548
00010 356094136
00010 361005692
00010 362795814
00010 363155688
00010 366955592
00010 367642978
00010 370197620
00010 373344922
00010 374478274
00010 374581368
00010 376361418
00010 377167908
00010 380261272
00010 382817254
00010 382860242
00010 386646190
00010 387236588
00010 387549376
00010 391532990
00010 391881856
00010 396467172
00010 396509356
00010 398568792
00010 399821030
00010 400269218
00010 402783836
00010 403429400
00010 404074170
00010 404412398
00010 407562606
00010 415386060
00010 415675464
00010 415709802
00010 416478046
00010 418791922
00010 424858494
00010 425851924
00010 426457938
00010 427196174
00010 427537184
00010 433072378
00010 433842924
00010 437412090
00010 437736220
00010 438629172
00010 438729096
00010 440606882
00010 441904874
00010 443021010
00010 446397302
00010 447165472
00010 447580780
00010 453313782
00010 456423784
00010 456883154
00010 459852126
00010 461589052
00010 462343062
00010 463144092
00010 465623472
00010 467415300
00010 467575614
00010 471419450
00010 473199374
00010 477199054
00010 482123258
00010 488162976
00010 490948278
00010 491253328
00010 491883420
00010 492379246
00010 496840852
00010 498884070
00010 503104198
00010 504784136
00010 507403134
00010 507496806
00010 508621846
00010 509189758
00010 510369160
00010 512111924
00010 514729014
00010 518431082
00010 520559906
00010 526637574
00010 530928020
00010 531233032
00010 532599184
00010 535286500
00010 536537110
00010 537570060
00010 539114916
00010 540727548
00010 541575908
00010 541773142
00010 545259430
00010 548340018
00010 549476536
00010 550796576
00010 551442338
00010 554320492
00010 555146584
00010 555287172
00010 555433940
00010 557964000
00010 565780032
00010 566118744
00010 566435204
00010 569101926
00010 571323218
00010 573650432
00010 580555894
00010 583464436
00010 583637952
00010 584678128
00010 586998068
00010 587097874
00010 587260474
00010 597800748
00010 599701304
00010 600148764
00010 603608824
00010 610318642
00010 613357996
00010 614548926
00010 615530826
00010 616955152
00010 619439002
00010 628024036
00010 629451574
00010 634228724
00010 635115206
00010 636609304
00010 637800456
00010 638865388
00010 639467356
00010 640973574
00010 640978450
00010 642856576
00010 647490568
00010 647654334
00010 648221746
00010 650156450
00010 653806688
00010 655694386
00010 658341524
00010 661791034
00010 664469434
00010 667678216
00010 673865642
00010 687063870
00010 689824570
00010 691577654
00010 697593968
00010 698102450
00010 699967946
00010 701813862
00010 702139886
00010 705501820
00010 711239738
00010 711800394
00010 713834728
00010 714819684
00010 715128982
00010 716270968
00010 716531604
00010 717449886
00010 717954390
00010 717991174
00010 718338740
00010 720505876
00010 720560184
00010 724106416
00010 727465296
00010 733114068
00010 735896942
00010 739982580
00010 740529648
00010 741884552
00010 745580170
00010 746703726
00010 747290844
00010 752466422
00010 752982330
00010 758530904
00010 759411966
00010 761185610
00010 761471290
00010 762049600
00010 762655570
00010 770583268
00010 771630186
00010 772357062
00010 773844368
00010 774821608
00010 776460808
00010 777906618
00010 780659692
00010 783240596
00010 785366732
00010 785948526
00010 792132014
00010 793067036
00010 793140086
00010 796950340
00010 797041078
00010 798332340
00010 803754712
00010 803971648
00010 805229728
00010 806691788
00010 806925594
00010 810563058
00010 812072728
00010 815011066
00010 817385852
00010 817972360
00010 818385680
00010 820599236
00010 821791546
00010 822722988
00010 824462150
00010 825598946
00010 827058300
00010 827810014
00010 829148674
00010 830101358
00010 834111752
00010 835446470
00010 837104120
00010 838651578
00010 839736436
00010 840551266
00010 842932494
00010 846138738
00010 847036402
00010 847888784
00010 850332908
00010 850399550
00010 853864480
00010 855102178
00010 856848256
00010 857162452
00010 857163560
00010 857757028
00010 859389364
00010 859949994
00010 862917790
00010 864737278
00010 872037196
00010 873464582
00010 873941798
00010 876584994
00010 876915956
00010 878060958
00010 878222884
00010 880567178
00010 881335072
00010 884638586
00010 884677272
00010 886760980
00010 887070260
00010 887728652
00010 888328060
00010 888959524
00010 890923392
00010 894419830
00010 894824204
00010 895791228
00010 898534202
00010 902896502
00010 906223242
00010 906227934
00010 909831400
00010 913591012
00010 915783100
00010 918115716
00010 919349436
00010 922070318
00010 925470940
00010 928137086
00010 928479042
00010 929076500
00010 931359856
00010 934619982
00010 936370134
00010 936885422
00010 937585520
00010 941212388
00010 942817262
00010 944185274
00010 945273824
00010 947134848
00010 949379998
00010 949598812
00010 952965790
00010 953720890
00010 954980352
00010 955383830
00010 960548854
00010 965695604
00010 965923044
00010 966366574
00010 966598168
00010 970162540
00010 970664330
00010 970680722
00010 971146338
00010 974326534
00010 976068162
00010 977695974
00010 980146698
00010 981639696
00010 982031332
00010 982602392
00010 988044900
00010 989696782
00010 990064826
00010 990130750
00010 993667540
00010 995148582
00010 999287090
00010 4059380
00010 4710542
00010 8248384
00010 9934008
00010 13436286
00010 15128730
00010 15185306
00010 17514350
00010 20773984
00010 30869744
00010 31066546
00010 40967168
00010 41378392
00010 41831618
00010 42724148
00010 44440358
00010 44773610
00010 45282806
00010 46919542
00010 48995452
00010 53441644
00010 55540306
00010 60498776
00010 60899158
00010 62350222
00010 65976304
00010 68767218
00010 69218898
00010 73403706
00010 77130328
00010 78339944
00010 85386232
00010 85893908
00010 86462632
00010 91162774
00010 91951786
00010 94088656
00010 107517904
00010 107929892
00010 109481816
00010 115282090
00010 115988658
00010 118934954
00010 122455472
00010 122959444
00010 124627244
00010 126153646
00010 126187126
00010 127680048
00010 131713990
00010 132410246
00010 136814398
00010 137437002
00010 140795738
00010 142073116
00010 151009454
00010 154018992
00010 159649838
00010 162183926
00010 164404884
00010 167984424
00010 173007332
00010 176377586
00010 180641016
00010 185644132
00010 185891614
00010 192011822
00010 192050074
00010 192902368
00010 197210510
00010 201393676
00010 202579278
00010 203011284
00010 203804764
00010 204017982
00010 204239668
00010 204538386
00010 205765230
00010 207028864
00010 210634716
00010 212963976
00010 214600194
00010 216148074
00010 216461384
00010 219696552
00010 221049054
00010 221762526
00010 223360222
00010 225386148
00010 226451994
00010 228615560
00010 229955394
00010 233617914
00010 237718618
00010 237814432
00010 241309022
00010 242475302
00010 246139354
00010 246298458
00010 247294160
00010 249179940
00010 249831076
00010 251925050
00010 256021182
00010 257391912
00010 260134858
00010 260751976
00010 262379148
00010 265288834
00010 265293604
00010 265766256
00010 266505790
00010 269502538
00010 270387428
00010 270742326
00010 280579044
00010 281006822
00010 284050238
00010 287913082
00010 288650668
00010 291855494
00010 293000948
00010 295876026
00010 298226292
00010 299358570
00010 299559528
00010 302592850
00010 309754768
00010 312436932
00010 316062438
00010 318884904
00010 319400366
00010 322188118
00010 322635632
00010 322714200
00010 323348914
00010 323424392
00010 326527348
00010 328971238
00010 329403360
00010 330112028
00010 331047254
00010 334308426
00010 335344694
00010 336549236
00010 338577618
00010 341306480
00010 345467596
00010 346019570
00010 351060634
00010 351722036
00010 352808180
00010 354247612
00010 358052754
00010 361307296
00010 361572500
00010 365634528
00010 367190504
00010 370071358
00010 370781972
00010 371492212
00010 372878400
00010 379188176
00010 379958472
00010 380321672
00010 386187154
00010 391423850
00010 392406298
00010 393227340
00010 395202742
00010 400396912
00010 400443352
00010 400467646
00010 403592042
00010 403612612
00010 404045900
00010 405072070
00010 405240254
00010 405802074
00010 406352120
00010 411896576
00010 412168780
00010 414019214
00010 416938490
00010 417141542
00010 418715788
00010 418830524
00010 419548342
00010 420035016
00010 421533268
00010 422115102
00010 424139666
00010 424180496
00010 426115980
00010 427010190
00010 429765486
00010 431805952
00010 435407342
00010 437419754
00010 439455192
00010 443004580
00010 444908876
00010 447630370
00010 447751312
00010 454663232
00010 455413384
00010 457628794
00010 459848718
00010 461172308
00010 461779530
00010 462554304
00010 464947778
00010 465385514
00010 466088506
00010 466090416
00010 469542702
00010 473037712
00010 478736956
00010 478830098
00010 479218354
00010 481261198
00010 482572286
00010 483924262
00010 486767976
00010 488517642
00010 494160480
00010 494162334
00010 495387020
00010 496177558
00010 496490296
00010 497206322
00010 501633068
00010 505798956
00010 506021132
00010 506419314
00010 507120410
00010 514806966
00010 515850490
00010 520402826
00010 522708306
00010 522725904
00010 524749190
00010 531453416
00010 539454358
00010 540775484
00010 540901976
00010 543846984
00010 544864316
00010 549394942
00010 550334152
00010 552156806
00010 552459578
00010 553433510
00010 557797716
00010 564784686
00010 565238544
00010 567242038
00010 567357834
00010 568658540
00010 578614954
00010 578832840
00010 583920498
00010 583972894
00010 584014144
00010 584213472
00010 584374122
00010 586127742
00010 592244842
00010 592360100
00010 593775346
00010 595417954
00010 595420044
00010 597174612
00010 598481002
00010 599851014
00010 603096578
00010 606042696
00010 612446368
00010 613979710
00010 616701632
00010 616852808
00010 620051128
00010 621476542
00010 622263576
00010 624556838
00010 626274682
00010 628262260
00010 629898598
00010 633752678
00010 634993234
00010 635162854
00010 640661588
00010 641285524
00010 649195402
00010 649982874
00010 652799732
00010 655491562
00010 656846884
00010 659937552
00010 660387566
00010 661659840
00010 663833752
00010 664236292
00010 665441046
00010 668797204
00010 668936046
00010 669230138
00010 669781492
00010 671293710
00010 672773432
00010 673166348
00010 673715300
00010 675267772
00010 678259438
00010 680429632
00010 680521582
00010 683795394
00010 684296710
00010 685744078
00010 686264948
00010 688843782
00010 689435962
00010 689548874
00010 690399258
00010 691396290
00010 696883834
00010 698529880
00010 699132628
00010 704665796
00010 710794408
00010 713495886
00010 713751022
00010 716776670
00010 717690784
00010 718228496
00010 719114552
00010 728545868
00010 728743110
00010 729093166
00010 729252368
00010 731887190
00010 733096180
00010 737624778
00010 740972134
00010 741337980
00010 747058250
00010 747537348
00010 749843390
00010 754272744
00010 757813186
00010 761708594
00010 768642370
00010 768647766
00010 769406992
00010 776820480
00010 780235026
00010 782779646
00010 787255314
00010 788706998
00010 797451842
00010 799170510
00010 800574452
00010 801641556
00010 801863550
00010 808758128
00010 810553614
00010 813640334
00010 814797780
00010 815570650
00010 818039306
00010 818311482
00010 818957788
00010 821254926
00010 824082686
00010 824316174
00010 824687698
00010 826630846
00010 826696532
00010 830065322
00010 830200514
00010 830892008
00010 835833392
00010 837146924
00010 837665126
00010 839575564
00010 841678828
00010 847045658
00010 847292706
00010 849560186
00010 849871260
00010 853816778
00010 854049642
00010 854440274
00010 854828250
00010 858423086
00010 872578894
00010 883035980
00010 883101540
00010 888014848
00010 888139338
00010 889348548
00010 889879450
00010 891269560
00010 892500598
00010 893045060
00010 898570284
00010 899604240
00010 899866658
00010 905717984
00010 906356678
00010 906408114
00010 908041750
00010 909011178
00010 911724894
00010 916301438
00010 919002472
00010 919315774
00010 920978960
00010 922792486
00010 926689634
00010 930601954
00010 933923298
00010 936275300
00010 939712756
00010 939924140
00010 940670514
00010 941213290
00010 946011406
00010 948921904
00010 952681926
00010 953200652
00010 954724828
00010 955168876
00010 956848156
00010 959354322
00010 959929114
00010 961166146
00010 963815582
00010 972120024
00010 972392154
00010 973144326
00010 974427376
00010 975908916
00010 976119532
00010 976652894
00010 978159660
00010 978192086
00010 981886838
00010 984176354
00010 992519124
00010 993804864
00010 994921482
00010 995743212
00010 996761040
00010 997734644
00010 1000220266
00010 6771986
00010 8176854
00010 8293520
00010 12006162
00010 13794514
00010 18487716
00010 20191370
00010 21223698
00010 21547792
00010 22750240
00010 24148740
00010 29918984
00010 31404184
00010 36388048
00010 39637988
00010 40700444
00010 41150576
00010 42193896
00010 48506256
00010 48750570
00010 50652662
00010 50964326
00010 51585112
00010 55370538
00010 58941140
00010 60033502
00010 64505152
00010 64721332
00010 64838574
00010 66940614
00010 72659274
00010 78682632
00010 79450028
00010 81762242
00010 82491592
00010 83741052
00010 84813354
00010 86697970
00010 87350030
00010 87475372
00010 91696220
00010 95044730
00010 95106212
00010 97059470
00010 98155382
00010 102885916
00010 104411894
00010 104959494
00010 105084270
00010 105578240
00010 113709498
00010 115109200
00010 116157948
00010 116919950
00010 117945370
00010 118148504
00010 118897380
00010 123810272
00010 124356888
00010 125284288
00010 129547740
00010 133292528
00010 133656866
00010 134741428
00010 135636658
00010 138420968
00010 139775610
00010 140897256
00010 141163132
00010 143071356
00010 145016356
00010 145325014
00010 145326236
00010 145664416
00010 150518038
00010 150877424
00010 155289504
00010 158409874
00010 159520304
00010 162322262
00010 165282636
00010 167332768
00010 168514734
00010 170095672
00010 170200060
00010 171914048
00010 172287580
00010 172679646
00010 174909494
00010 179854020
00010 181831226
00010 182101984
00010 184729990
00010 186833706
00010 189047624
00010 192526332
00010 194798436
00010 197169064
00010 197305178
00010 197854630
00010 197886374
00010 200640922
00010 204181562
00010 208193852
00010 209732428
00010 213171612
00010 214074800
00010 214504908
00010 215214800
00010 219415106
00010 221535418
00010 221701050
00010 221703492
00010 222285110
00010 222505092
00010 223098004
00010 224018264
00010 237752968
00010 247332550
00010 247951206
00010 248030550
00010 248982068
00010 250991346
00010 252756100
00010 253379726
00010 255527556
00010 256863086
00010 257081210
00010 258199592
00010 258470296
00010 258833788
00010 259045066
00010 264669776
00010 267235000
00010 268871344
00010 269161736
00010 269308382
00010 270907370
00010 271001458
00010 271528078
00010 274294948
00010 275350538
00010 275818466
00010 276246626
00010 280106540
00010 283843598
00010 288210632
00010 288459592
00010 290847358
00010 292611966
00010 295335752
00010 297396692
00010 297819434
00010 298186902
00010 302371036
00010 312243442
00010 314688232
00010 316992980
00010 318553348
00010 321943782
00010 323866600
00010 324751570
00010 327279210
00010 329672014
00010 330946496
00010 332780606
00010 333967756
00010 336417936
00010 341892234
00010 349722062
00010 353550370
00010 355640144
00010 356034318
00010 356230342
00010 356302710
00010 357628406
00010 361768600
00010 366156828
00010 369495154
00010 369632396
00010 377626312
00010 378634686
00010 382815528
00010 383590852
00010 384417590
00010 391139646
00010 398095568
00010 404207556
00010 405399462
00010 405764214
00010 406362116
00010 408816506
00010 412934402
00010 413019954
00010 414466968
00010 414689726
00010 415065926
00010 417367542
00010 419160176
00010 420785190
00010 433759376
00010 436840116
00010 439526558
00010 448515090
00010 450938210
00010 451796696
00010 452778188
00010 461466066
00010 464132298
00010 472590290
00010 474297634
00010 475112748
00010 476180368
00010 476645052
00010 490377350
00010 495433498
00010 495680098
00010 498538092
00010 499241946
00010 502737890
00010 503099604
00010 506601160
00010 506848584
00010 507476830
00010 513446234
00010 514935630
00010 519000140
00010 519644442
00010 523980548
00010 525646620
00010 533685172
00010 534219634
00010 542622934
00010 542651092
00010 544996996
00010 546521670
00010 546977992
00010 547970006
00010 553169108
00010 556017960
00010 562523568
00010 563566396
00010 565223276
00010 570690058
00010 573407490
00010 578068294
00010 579799746
00010 580518540
00010 581466522
00010 585363724
00010 588291634
00010 591672700
00010 593705578
00010 593745144
00010 595712658
00010 601324052
00010 601921944
00010 604770156
00010 608251110
00010 608755746
00010 612471146
00010 612777566
00010 615351758
00010 616468668
00010 616821812
00010 623552448
00010 624719408
00010 626219542
00010 626297384
00010 627335104
00010 627892092
00010 627909456
00010 627912172
00010 628054496
00010 628831904
00010 633405052
00010 634028214
00010 634117054
00010 634285234
00010 638050674
00010 638787178
00010 649480758
00010 650585782
00010 650591396
00010 655320124
00010 658849966
00010 659316004
00010 659683478
00010 663070654
00010 663109994
00010 671237638
00010 671338934
00010 671418016
00010 674339216
00010 675054638
00010 677311236
00010 677543510
00010 689485718
00010 692749432
00010 692900086
00010 696393640
00010 696920320
00010 697332942
00010 699453946
00010 702734498
00010 707489424
00010 710116988
00010 710950802
00010 712641138
00010 712773278
00010 718623180
00010 719136628
00010 721220166
00010 721575464
00010 724164796
00010 729180854
00010 729632306
00010 729823618
00010 730500874
00010 730533210
00010 733027384
00010 735819686
00010 738858014
00010 741276500
00010 741797106
00010 741970106
00010 743816804
00010 747013758
00010 747045898
00010 752641694
00010 756147116
00010 756925984
00010 757785208
00010 759686332
00010 762813660
00010 763747714
00010 770384316
00010 770544406
00010 771856964
00010 772135100
00010 772580638
00010 772707094
00010 773763530
00010 777933530
00010 778563634
00010 778938886
00010 780929272
00010 780978788
00010 783779646
00010 783929250
00010 784704170
00010 785163222
00010 787172382
00010 795320478
00010 796907600
00010 797249136
00010 797628200
00010 797767850
00010 799408174
00010 803829574
00010 804304016
00010 804662314
00010 810269934
00010 817445222
00010 827549396
00010 831178466
00010 841956564
00010 846444506
00010 847446386
00010 855485324
00010 859100044
00010 861251460
00010 862305482
00010 862983806
00010 864176994
00010 865291794
00010 865904072
00010 869306998
00010 871429764
00010 871598768
00010 873802210
00010 877417892
00010 878445294
00010 879742622
00010 882913100
00010 883430464
00010 883550372
00010 888178356
00010 888715116
00010 892913908
00010 893489918
00010 893893496
00010 896054216
00010 896143564
00010 896709464
00010 900322766
00010 903795850
00010 903853922
00010 908646702
00010 911111616
00010 919122362
00010 924934278
00010 928552400
00010 929685166
00010 933026878
00010 933930688
00010 934668002
00010 934903942
00010 936757006
00010 937370226
00010 938219984
00010 940174814
00010 940798854
00010 940897320
00010 945185722
00010 946326876
00010 950723352
00010 951334536
00010 957882164
00010 958608814
00010 959465284
00010 960416584
00010 960812268
00010 966328964
00010 966549316
00010 966629240
00010 969986564
00010 971769480
00010 973699658
00010 973896438
00010 974239898
00010 976863110
00010 978377360
00010 979650576
00010 981764346
00010 983498894
00010 985481602
00010 988996102
00010 991100630
00010 997398812
00010 998436960
00010 999120130
