00010 2100092
00010 14573402
00010 16413794
00010 21088288
00010 22049068
00010 29807610
00010 30746018
00010 34358896
00010 35931482
00010 36582394
00010 41592222
00010 41828344
00010 45283200
00010 48791978
00010 52404534
00010 57733650
00010 58182902
00010 58711302
00010 58852608
00010 61505504
00010 65550304
00010 72587120
00010 72699486
00010 73236898
00010 75741538
00010 76199444
00010 79425732
00010 84853798
00010 87673814
00010 88490772
00010 90149922
00010 90924204
00010 91288888
00010 92118544
00010 92902098
00010 96337754
00010 96511878
00010 99232926
00010 103376478
00010 108848848
00010 114379608
00010 115072298
00010 118641858
00010 118644190
00010 120464748
00010 121340740
00010 125563986
00010 138010412
00010 138702814
00010 140243882
00010 145129254
00010 146044614
00010 146555406
00010 146841670
00010 148209100
00010 149686530
00010 150419020
00010 151004096
00010 155576622
00010 156139506
00010 160887214
00010 163988458
00010 164769756
00010 170097192
00010 178446806
00010 183188526
00010 184358490
00010 186408048
00010 190353728
00010 190941940
00010 191378222
00010 196558314
00010 199505646
00010 199940274
00010 202301650
00010 203769616
00010 207723644
00010 207739636
00010 208105804
00010 211660318
00010 212604594
00010 213816602
00010 214001678
00010 215889954
00010 216695236
00010 219015278
00010 219345988
00010 220559086
00010 221945906
00010 226085284
00010 226433968
00010 230058952
00010 232476864
00010 239447534
00010 243308832
00010 245900924
00010 248377302
00010 250877070
00010 251815456
00010 252285760
00010 252900378
00010 254122170
00010 254958742
00010 255683968
00010 255931832
00010 257556320
00010 258031666
00010 258036942
00010 259071768
00010 261056456
00010 261775762
00010 261778508
00010 262666996
00010 265922078
00010 266894022
00010 274203258
00010 278594194
00010 280596640
00010 281273958
00010 290226772
00010 294234904
00010 294528450
00010 295037372
00010 297478770
00010 298059026
00010 298988740
00010 300258300
00010 301672322
00010 305013842
00010 305806958
00010 308713754
00010 309012582
00010 311797698
00010 312081840
00010 312694964
00010 314374722
00010 315973760
00010 316841556
00010 318641860
00010 321245046
00010 321289928
00010 324726780
00010 324977982
00010 325385628
00010 326948456
00010 329197324
00010 330340868
00010 333199928
00010 333429190
00010 333985568
00010 335520586
00010 337356904
00010 337618390
00010 339891038
00010 342194120
00010 342908850
00010 343743002
00010 350270020
00010 355597260
00010 356413796
00010 356605664
00010 359096172
00010 360157648
00010 360983954
00010 363257874
00010 364329668
00010 364568974
00010 364627906
00010 365199746
00010 365373464
00010 368157006
00010 370858860
00010 371234238
00010 372679100
00010 372720014
00010 373716240
00010 373895994
00010 376499854
00010 381460996
00010 385010526
00010 394217090
00010 395726230
00010 399299452
00010 399400756
00010 403069130
00010 406862064
00010 407219936
00010 410211810
00010 410860372
00010 411826252
00010 414098030
00010 415480578
00010 416966726
00010 418013910
00010 418015268
00010 418157236
00010 418864078
00010 424223660
00010 424528448
00010 426766886
00010 428258944
00010 428755306
00010 430077932
00010 431801528
00010 432805650
00010 432837482
00010 435724828
00010 435741362
00010 437680674
00010 439290978
00010 439734186
00010 440632354
00010 445401626
00010 446294090
00010 449150818
00010 452252678
00010 452601208
00010 452602518
00010 453570092
00010 456817794
00010 457800744
00010 461140794
00010 463186102
00010 465873066
00010 467663456
00010 469580942
00010 474096126
00010 476335048
00010 476740500
00010 478156692
00010 479075092
00010 480593586
00010 482648342
00010 484658364
00010 486082968
00010 486928714
00010 486981430
00010 490691030
00010 497460776
00010 499440074
00010 506726954
00010 511207324
00010 513283622
00010 513635224
00010 515510190
00010 516229664
00010 521062588
00010 523202746
00010 524695610
00010 525182600
00010 530992716
00010 532400712
00010 534406796
00010 534556658
00010 536086252
00010 538872958
00010 539725306
00010 542814332
00010 543319574
00010 545193146
00010 547724114
00010 557406006
00010 558536680
00010 558728732
00010 563229862
00010 564737352
00010 565077550
00010 566801020
00010 568063264
00010 569998666
00010 571630942
00010 572865042
00010 577598296
00010 578069788
00010 579044514
00010 581127752
00010 581531778
00010 582403078
00010 582659966
00010 583627164
00010 585608894
00010 588221546
00010 588583940
00010 588619936
00010 591347982
00010 591514694
00010 599509778
00010 602498202
00010 603559086
00010 609502008
00010 610698790
00010 611025260
00010 614080338
00010 618304878
00010 622048440
00010 625471208
00010 626200314
00010 627654144
00010 628049844
00010 628652416
00010 630441042
00010 635270158
00010 637925212
00010 638977622
00010 640061376
00010 644843008
00010 644961580
00010 644968642
00010 646273830
00010 649363720
00010 649497190
00010 651415660
00010 651697640
00010 651951638
00010 660341008
00010 661009238
00010 663698284
00010 665821804
00010 666431226
00010 667527102
00010 671035616
00010 671104934
00010 671933408
00010 672207416
00010 672413598
00010 675589810
00010 677461660
00010 679573568
00010 680266930
00010 681069042
00010 688195066
00010 693418008
00010 697679288
00010 698172904
00010 699475678
00010 700606494
00010 701931122
00010 704186432
00010 708223622
00010 708425674
00010 710690474
00010 713579090
00010 713623332
00010 715882554
00010 719266230
00010 722049980
00010 723980154
00010 725243838
00010 726511856
00010 728833482
00010 729787322
00010 735879834
00010 737297892
00010 742026442
00010 742066918
00010 743820860
00010 744088336
00010 746744726
00010 750092514
00010 755337920
00010 756499066
00010 761555758
00010 762386860
00010 762738156
00010 762935956
00010 766123774
00010 767067080
00010 768979744
00010 770222028
00010 770705180
00010 777256664
00010 777719638
00010 777725438
00010 777849550
00010 779849262
00010 782936104
00010 782999748
00010 784035662
00010 785551772
00010 786214798
00010 789555920
00010 790263514
00010 790306718
00010 790430764
00010 791913590
00010 792324046
00010 795406442
00010 797901944
00010 801172626
00010 801683376
00010 802803058
00010 803722884
00010 808891308
00010 812439914
00010 816036028
00010 817313498
00010 820076088
00010 820551148
00010 824391906
00010 826059344
00010 826495812
00010 836061988
00010 840160456
00010 840956384
00010 844874262
00010 845006968
00010 847278140
00010 848271798
00010 849605894
00010 852917540
00010 857954884
00010 858376260
00010 858560590
00010 862466804
00010 865745192
00010 865776618
00010 866204280
00010 867583552
00010 867932094
00010 868254318
00010 871794714
00010 873256098
00010 873497294
00010 873887006
00010 877409094
00010 878332670
00010 878511932
00010 879588122
00010 886419112
00010 886975380
00010 887641418
00010 888881702
00010 890340780
00010 900916994
00010 901666324
00010 902932468
00010 907325814
00010 909577790
00010 910673314
00010 915723602
00010 918225382
00010 919939666
00010 923837566
00010 924362056
00010 928171188
00010 928211166
00010 929123678
00010 929981460
00010 930478580
00010 932008746
00010 932316518
00010 934176478
00010 934329558
00010 934481746
00010 935314630
00010 936518322
00010 936701128
00010 937217342
00010 937902352
00010 938635582
00010 939530794
00010 939593940
00010 939748088
00010 940205144
00010 940509568
00010 944407932
00010 945461304
00010 946551084
00010 947461296
00010 949669820
00010 950809704
00010 953674516
00010 954786822
00010 956144880
00010 958426446
00010 960920946
00010 961498682
00010 961602694
00010 963110112
00010 964494492
00010 965333610
00010 967371678
00010 969013372
00010 969763456
00010 971331568
00010 973817446
00010 976666734
00010 977578408
00010 980251540
00010 981181844
00010 981702918
00010 983315184
00010 985237032
00010 986413162
00010 989938166
00010 991244478
00010 992038224
00010 993526344
00010 993767968
00010 993944108
00010 994857470
00010 996380522
00010 996811642
00010 926740
00010 1821428
00010 2078084
00010 4706464
00010 6950216
00010 7884252
00010 11091496
00010 17776800
00010 18054090
00010 18785152
00010 21352286
00010 22312346
00010 22574036
00010 24646986
00010 26905140
00010 28035296
00010 29152612
00010 29732736
00010 30413618
00010 31078648
00010 31788730
00010 33345874
00010 39011904
00010 39366410
00010 41125568
00010 42875070
00010 46506812
00010 47188434
00010 50385554
00010 50637650
00010 52045098
00010 52778460
00010 53232786
00010 54443332
00010 55699306
00010 58881486
00010 58907500
00010 62129006
00010 62306460
00010 62807202
00010 63047612
00010 63555558
00010 65507644
00010 67715728
00010 69410520
00010 69755512
00010 72363514
00010 73703010
00010 76624142
00010 77031848
00010 77083444
00010 77831368
00010 80671100
00010 82670336
00010 83453168
00010 83500402
00010 88881304
00010 89171636
00010 92882686
00010 93985820
00010 94467440
00010 100258716
00010 100602348
00010 101429360
00010 102155082
00010 102437490
00010 102477610
00010 102869428
00010 103408122
00010 104007394
00010 104060826
00010 106840422
00010 108336298
00010 110214806
00010 111526672
00010 117031918
00010 117174438
00010 117339846
00010 124061090
00010 124159720
00010 124868512
00010 127484060
00010 128113348
00010 129934436
00010 133740678
00010 133855960
00010 134783720
00010 134861576
00010 136398612
00010 136949786
00010 138151422
00010 139231226
00010 140826456
00010 142648202
00010 143117602
00010 143227366
00010 145035696
00010 146794938
00010 151354596
00010 151618796
00010 155248590
00010 157872180
00010 161234686
00010 161276978
00010 166355498
00010 168675924
00010 169932794
00010 170597228
00010 171383662
00010 171732320
00010 171818036
00010 172379306
00010 179841376
00010 182437116
00010 183773168
00010 184086114
00010 184104570
00010 184638732
00010 185152594
00010 185575378
00010 188273688
00010 188355878
00010 188757502
00010 189721770
00010 189728756
00010 191550406
00010 195144160
00010 195476516
00010 197356022
00010 200216202
00010 201657268
00010 203093904
00010 204668122
00010 204688650
00010 212382500
00010 215701034
00010 217592780
00010 217675522
00010 218381254
00010 218561298
00010 221591350
00010 227016284
00010 231440502
00010 235567986
00010 235955884
00010 236826790
00010 239712418
00010 240348426
00010 242692246
00010 243199116
00010 244613936
00010 249895838
00010 250027384
00010 250038274
00010 252426200
00010 253084946
00010 253207524
00010 253468526
00010 253971694
00010 255624918
00010 255818988
00010 256497310
00010 256587574
00010 258452624
00010 259884894
00010 260036334
00010 260525044
00010 260792586
00010 261902850
00010 264101676
00010 265047170
00010 265077666
00010 265876176
00010 266217926
00010 267214858
00010 267521182
00010 270427048
00010 271835012
00010 273848730
00010 274576248
00010 276193534
00010 281238948
00010 281739248
00010 282995782
00010 284045850
00010 286679322
00010 296292130
00010 297337008
00010 298086310
00010 299007824
00010 299644224
00010 301033552
00010 303441492
00010 306268924
00010 309585740
00010 309922182
00010 311180902
00010 312296636
00010 312923064
00010 315743250
00010 318264630
00010 319731056
00010 326581684
00010 327251600
00010 329065194
00010 333097498
00010 337503662
00010 338801348
00010 341280364
00010 342176898
00010 343433722
00010 346338302
00010 347570426
00010 350952604
00010 356478106
00010 356613130
00010 356614352
00010 356694300
00010 359097762
00010 359196448
00010 366604494
00010 367060640
00010 371084154
00010 372633688
00010 374880996
00010 375332724
00010 376445848
00010 376928128
00010 377911228
00010 383987476
00010 388478236
00010 389285438
00010 390756018
00010 393459938
00010 395411398
00010 399445986
00010 400050516
00010 400433070
00010 408206938
00010 408529826
00010 411281754
00010 412627176
00010 415551286
00010 418048038
00010 421419042
00010 424405142
00010 427398702
00010 427676206
00010 428351946
00010 428947106
00010 431304938
00010 436291860
00010 438639558
00010 439291762
00010 442753886
00010 444883234
00010 445165928
00010 445193006
00010 445317946
00010 448366210
00010 452173060
00010 454634242
00010 460095998
00010 469278102
00010 470236066
00010 470241058
00010 470583408
00010 472068082
00010 474464782
00010 474558758
00010 475401598
00010 477032268
00010 479293160
00010 485031220
00010 487109000
00010 487128580
00010 487527760
00010 488424316
00010 491546334
00010 491548160
00010 493272694
00010 496264062
00010 496857378
00010 497557414
00010 499213030
00010 500143764
00010 502473362
00010 502637416
00010 504030138
00010 505884858
00010 510623950
00010 512095226
00010 512342230
00010 513975476
00010 522800384
00010 523384472
00010 524929044
00010 524930826
00010 528588288
00010 529489128
00010 531269586
00010 534802880
00010 535637634
00010 535848662
00010 538664230
00010 544030102
00010 544572300
00010 549103780
00010 550624294
00010 555425438
00010 555655736
00010 556492232
00010 565041770
00010 566592522
00010 566596094
00010 568400136
00010 570378864
00010 572693076
00010 573476674
00010 575061322
00010 577682850
00010 578243940
00010 582320342
00010 582856678
00010 582964430
00010 583747746
00010 584676210
00010 592131184
00010 592292952
00010 592367026
00010 595487126
00010 599143424
00010 607817856
00010 611922382
00010 616185718
00010 618748256
00010 621057730
00010 621103244
00010 621104540
00010 621259984
00010 621370920
00010 625885588
00010 626750276
00010 627418142
00010 628119764
00010 628775442
00010 629004482
00010 630168024
00010 632548114
00010 633384378
00010 635079112
00010 637213522
00010 638522740
00010 641339890
00010 646357096
00010 651383734
00010 656960020
00010 658660122
00010 660773200
00010 661692294
00010 662601374
00010 665665258
00010 669856112
00010 670609982
00010 672553096
00010 672601974
00010 672936702
00010 673213872
00010 675353584
00010 677004702
00010 677618774
00010 682524828
00010 683977574
00010 685611814
00010 686154340
00010 689772388
00010 692505350
00010 702534392
00010 703701440
00010 707654560
00010 707781656
00010 709870968
00010 710526352
00010 710715438
00010 710787800
00010 711311738
00010 716214900
00010 717776358
00010 719690464
00010 721478548
00010 728092800
00010 731641648
00010 733822726
00010 735827108
00010 737369918
00010 737694602
00010 738619430
00010 743406350
00010 747685570
00010 748189486
00010 750385250
00010 753541210
00010 753622520
00010 753926256
00010 754246298
00010 754828862
00010 757453628
00010 766307720
00010 768210252
00010 769988294
00010 772721948
00010 772727388
00010 773200348
00010 775997694
00010 777818424
00010 778264864
00010 778507638
00010 785486708
00010 788301652
00010 788344010
00010 788722506
00010 789562710
00010 791271184
00010 795261956
00010 797616280
00010 800171188
00010 800985602
00010 804626556
00010 804677026
00010 809201702
00010 809460226
00010 810496236
00010 811475796
00010 815907110
00010 816342696
00010 817821412
00010 818315094
00010 818811438
00010 826933798
00010 829966910
00010 831033370
00010 835630036
00010 837786764
00010 839164164
00010 842403714
00010 845024052
00010 847509890
00010 847863152
00010 849052846
00010 849756004
00010 851639262
00010 852317906
00010 853210090
00010 858040922
00010 858679670
00010 859144706
00010 863379348
00010 864214892
00010 867020122
00010 869879998
00010 870050644
00010 870776962
00010 872091286
00010 876195144
00010 880533386
00010 886031980
00010 891238476
00010 896195918
00010 904038956
00010 904998750
00010 905278986
00010 910776988
00010 911088902
00010 911525674
00010 913414964
00010 914647282
00010 918703350
00010 920670200
00010 923753788
00010 924209452
00010 924410486
00010 926241898
00010 926936874
00010 928090704
00010 932828624
00010 933792312
00010 935196328
00010 935910454
00010 938579938
00010 938616470
00010 939598104
00010 940190206
00010 942228784
00010 945712840
00010 948703788
00010 951597532
00010 952277128
00010 955533716
00010 956124750
00010 958173872
00010 959945376
00010 961485810
00010 965925478
00010 966190584
00010 966814652
00010 967401196
00010 971452058
00010 974170304
00010 974244342
00010 974774828
00010 979456134
00010 981862712
00010 989293542
00010 989444772
00010 990119544
00010 990818420
00010 991523508
00010 991978676
00010 993275580
00010 993518040
00010 996636866
00010 997004190
00010 1000354632
00010 4297568
00010 4723038
00010 6140090
00010 10178750
00010 10682748
00010 11338910
00010 12564000
00010 16912110
00010 19390496
00010 20722312
00010 22851294
00010 25883344
00010 26790746
00010 29678626
00010 36884324
00010 38543758
00010 40717298
00010 41880130
00010 43431480
00010 45663730
00010 47033522
00010 48344290
00010 50614894
00010 56538556
00010 62442416
00010 65008198
00010 69252210
00010 69372428
00010 69398534
00010 70523882
00010 71590428
00010 75071954
00010 80755124
00010 81024218
00010 82411884
00010 82799030
00010 83703124
00010 85129322
00010 86410672
00010 88296212
00010 91836288
00010 92781396
00010 97493342
00010 98143230
00010 98783534
00010 101371184
00010 102549412
00010 102885772
00010 104288996
00010 104572280
00010 106118480
00010 106428126
00010 108221696
00010 111106766
00010 115487762
00010 117561380
00010 118234836
00010 118810688
00010 120018498
00010 120439982
00010 123734690
00010 126013854
00010 126035484
00010 126380016
00010 126931436
00010 127379998
00010 132251766
00010 133918866
00010 134194440
00010 135507930
00010 140386328
00010 140581636
00010 142919992
00010 142998302
00010 144815334
00010 146731058
00010 147838656
00010 150192428
00010 151570236
00010 152686664
00010 158477404
00010 158912072
00010 158921492
00010 158964142
00010 163183152
00010 163766252
00010 164013196
00010 164508268
00010 165911828
00010 166575358
00010 169154944
00010 172277054
00010 173396960
00010 173499250
00010 174715468
00010 178300528
00010 183332766
00010 183952258
00010 185886548
00010 196095664
00010 197911076
00010 201958568
00010 202691214
00010 206095286
00010 206360554
00010 208033504
00010 209405790
00010 211166294
00010 211720106
00010 212042694
00010 212586828
00010 212982648
00010 214163732
00010 215351000
00010 218667236
00010 218692642
00010 220256346
00010 226094914
00010 233925126
00010 234500110
00010 234509622
00010 235501024
00010 237430124
00010 241885078
00010 242673088
00010 244873388
00010 247526546
00010 248997918
00010 249607784
00010 252419622
00010 255132368
00010 257405096
00010 257668252
00010 260831926
00010 263139534
00010 263256206
00010 265251882
00010 270446294
00010 275532684
00010 276534940
00010 277703236
00010 280575760
00010 281185850
00010 281409518
00010 282262562
00010 283333880
00010 284037802
00010 284632826
00010 285059004
00010 286501958
00010 289251846
00010 289570136
00010 289774046
00010 295733760
00010 296053352
00010 297995750
00010 299595238
00010 300158426
00010 302290400
00010 303695452
00010 305442296
00010 308365206
00010 309017898
00010 311980016
00010 313820732
00010 313951804
00010 316181428
00010 318775514
00010 319153394
00010 321946852
00010 322554590
00010 324185040
00010 325996646
00010 327244570
00010 327478522
00010 331813768
00010 338050798
00010 343551056
00010 346556166
00010 346693514
00010 348189286
00010 348293094
00010 349584166
00010 350689258
00010 350728746
00010 351860370
00010 352144922
00010 353735144
00010 355354600
00010 357073904
00010 357246320
00010 357591268
00010 357905198
00010 359716738
00010 362641778
00010 363616312
00010 363635660
00010 364141776
00010 367674518
00010 370519632
00010 374750234
00010 381397760
00010 385765000
00010 386323334
00010 386429110
00010 387332940
00010 392080724
00010 392965766
00010 392968168
00010 394871756
00010 400347474
00010 401800262
00010 401921206
00010 404844380
00010 405895802
00010 407655836
00010 410027554
00010 410857712
00010 412443440
00010 415903886
00010 418809662
00010 422696954
00010 424736014
00010 425970218
00010 427855004
00010 428347994
00010 438927624
00010 440283768
00010 441120760
00010 441636282
00010 443912960
00010 449736468
00010 451435438
00010 452944224
00010 455514078
00010 457706018
00010 457852402
00010 457986160
00010 458735952
00010 459583904
00010 460008326
00010 460787610
00010 460863740
00010 463726444
00010 463915856
00010 464313286
00010 464333236
00010 465185598
00010 466409296
00010 467536304
00010 468147212
00010 469668540
00010 469756724
00010 469795794
00010 475455582
00010 478639734
00010 479666772
00010 482174038
00010 482700156
00010 484810978
00010 484817540
00010 485826370
00010 487049778
00010 487942270
00010 488621372
00010 489479976
00010 490101646
00010 490644636
00010 490914466
00010 492902632
00010 493731500
00010 494929724
00010 500642024
00010 502913450
00010 504471038
00010 505370380
00010 506491822
00010 507545000
00010 508842350
00010 512733748
00010 512937934
00010 517673186
00010 518999998
00010 519344146
00010 520712010
00010 521283552
00010 522692210
00010 523181516
00010 528709826
00010 531780798
00010 538401602
00010 544211284
00010 548324494
00010 548383752
00010 550384832
00010 551036516
00010 551099420
00010 551122634
00010 552290984
00010 552373318
00010 552519096
00010 556060096
00010 556858750
00010 558769544
00010 558947440
00010 560152228
00010 560741874
00010 562323720
00010 563174022
00010 564416104
00010 567984456
00010 574572652
00010 577778898
00010 580406152
00010 580732988
00010 580938170
00010 581308724
00010 581778992
00010 582912158
00010 583300702
00010 584445970
00010 587569792
00010 587972534
00010 590681176
00010 591224850
00010 599142914
00010 602443802
00010 603450822
00010 604187020
00010 604534726
00010 605322740
00010 607422500
00010 613128140
00010 615754832
00010 616706592
00010 618949556
00010 628816054
00010 629336556
00010 632024512
00010 632087804
00010 633330224
00010 634213914
00010 635246854
00010 636720480
00010 637196914
00010 640049174
00010 640712956
00010 642329178
00010 642677938
00010 644137066
00010 644603810
00010 645340922
00010 647911924
00010 652139182
00010 655138020
00010 655468542
00010 656083754
00010 656748306
00010 661373958
00010 663235862
00010 665744990
00010 666366750
00010 667384466
00010 668427234
00010 668576156
00010 670089730
00010 670497562
00010 674022502
00010 674782878
00010 674937582
00010 675295952
00010 680278816
00010 682438234
00010 683777832
00010 683987912
00010 688454540
00010 689594366
00010 690275412
00010 693587188
00010 693831766
00010 694263734
00010 694930334
00010 695639358
00010 696280548
00010 701826306
00010 703557254
00010 704649984
00010 704685786
00010 706960816
00010 707355290
00010 708228570
00010 709039542
00010 710175144
00010 711560152
00010 714617818
00010 716899422
00010 717786290
00010 718343832
00010 721298592
00010 721510192
00010 722267438
00010 723630050
00010 725620044
00010 727839500
00010 730176796
00010 733147546
00010 734731334
00010 739007368
00010 740387814
00010 743095038
00010 743414502
00010 746670056
00010 746841786
00010 752297534
00010 761129516
00010 761209082
00010 762745714
00010 765903032
00010 767557708
00010 768621406
00010 774344162
00010 774792556
00010 775162346
00010 777812540
00010 779333048
00010 780672502
00010 783799398
00010 784996464
00010 785349648
00010 786099836
00010 786853452
00010 786945496
00010 786981042
00010 787840676
00010 787887798
00010 789357262
00010 790566682
00010 792341094
00010 794501204
00010 796931176
00010 797764634
00010 797925460
00010 798118210
00010 799586828
00010 800049694
00010 802015122
00010 803703506
00010 805269944
00010 805592024
00010 806223958
00010 809006836
00010 809054774
00010 810380122
00010 810507610
00010 814320964
00010 816761176
00010 817748754
00010 819921434
00010 822114588
00010 826652516
00010 829229464
00010 834116370
00010 836498762
00010 838140488
00010 838894942
00010 839085566
00010 840007466
00010 842725364
00010 845335584
00010 846483494
00010 846501424
00010 847792302
00010 850055032
00010 851728764
00010 852421728
00010 852485968
00010 852930172
00010 855103382
00010 855918628
00010 858686400
00010 858896686
00010 859558018
00010 860635620
00010 861442350
00010 867815794
00010 871484034
00010 872221000
00010 872522218
00010 872655078
00010 873512720
00010 873738150
00010 874044224
00010 875413376
00010 877072810
00010 877444164
00010 879888794
00010 884804312
00010 885504688
00010 888456564
00010 890729304
00010 891657680
00010 893959902
00010 900692804
00010 906036738
00010 907004066
00010 908168340
00010 908569072
00010 909268204
00010 909356144
00010 914656632
00010 915832852
00010 919999116
00010 923033002
00010 924605768
00010 931708924
00010 933674076
00010 934437676
00010 934466512
00010 941615346
00010 942493294
00010 942616182
00010 945962076
00010 949543428
00010 951444782
00010 951775146
00010 952402788
00010 954737070
00010 958847336
00010 959311732
00010 961274654
00010 961502864
00010 964689106
00010 968857542
00010 969502470
00010 970197576
00010 972228630
00010 972430418
00010 972450148
00010 972941106
00010 975238298
00010 978762150
00010 979216522
00010 981428688
00010 988375202
00010 991636934
00010 992860882
00010 997757412
00010 999272690
00010 1284792
00010 4038564
00010 11317870
00010 13789092
00010 14998274
00010 16489024
00010 16754428
00010 21722894
00010 22385314
00010 25448628
00010 27475680
00010 29568648
00010 30763956
00010 34794722
00010 36316498
00010 37344570
00010 38907496
00010 49460178
00010 54320382
00010 54718046
00010 60567640
00010 62376760
00010 62822930
00010 65415536
00010 65872200
00010 72027000
00010 75549354
00010 77733686
00010 79765938
00010 81794238
00010 82599504
00010 87944272
00010 88816672
00010 89814860
00010 95021302
00010 99248340
00010 99848780
00010 100961750
00010 103670828
00010 104323326
00010 105816300
00010 106471242
00010 107794964
00010 108729784
00010 109365296
00010 110628510
00010 116232002
00010 120135310
00010 121007432
00010 123425158
00010 124264820
00010 124883900
00010 128149558
00010 128409828
00010 132152878
00010 132653828
00010 133588486
00010 140104710
00010 142069366
00010 145099126
00010 145100442
00010 145764190
00010 148567516
00010 150341644
00010 151851640
00010 152556686
00010 155142346
00010 158943026
00010 165055938
00010 165423170
00010 168485950
00010 174421736
00010 176246008
00010 176348438
00010 183336566
00010 183726310
00010 186225670
00010 187295038
00010 189342958
00010 193071898
00010 200085314
00010 200439870
00010 200922178
00010 202017858
00010 202987498
00010 205679412
00010 207893758
00010 210117026
00010 216002478
00010 216562422
00010 217096470
00010 217528780
00010 219234424
00010 219581644
00010 222369608
00010 224297374
00010 224600120
00010 227238008
00010 227438280
00010 230782310
00010 230873174
00010 239827100
00010 242978834
00010 248514260
00010 251840784
00010 259633282
00010 261002454
00010 262558650
00010 262621234
00010 263631264
00010 271077362
00010 273152048
00010 278033980
00010 280785618
00010 282156944
00010 283953782
00010 285336838
00010 289607798
00010 290000008
00010 291643810
00010 292501842
00010 294621562
00010 300229574
00010 301171750
00010 303279812
00010 304332148
00010 304750954
00010 308360144
00010 311103218
00010 315295690
00010 315893900
00010 318446466
00010 320220802
00010 323851474
00010 324244224
00010 324415190
00010 324695864
00010 326381914
00010 327371992
00010 327998516
00010 328929920
00010 328979900
00010 328995062
00010 331713330
00010 332012830
00010 332172682
00010 335426042
00010 336633014
00010 338086202
00010 338554676
00010 339395432
00010 339443118
00010 340382968
00010 340812160
00010 340969988
00010 341600780
00010 342090060
00010 342985116
00010 343671456
00010 344436258
00010 345552448
00010 346568124
00010 347492274
00010 349145496
00010 352828236
00010 353640470
00010 357504060
00010 359225234
00010 360204306
00010 360652462
00010 361932518
00010 363018850
00010 366538344
00010 368405960
00010 369030066
00010 371697746
00010 378578368
00010 379068038
00010 379348238
00010 379837248
00010 384054420
00010 384725336
00010 388128564
00010 390196434
00010 390779594
00010 392251374
00010 395385938
00010 396834162
00010 396966924
00010 397239262
00010 401055872
00010 401697018
00010 412735690
00010 414358736
00010 415773990
00010 421964792
00010 425283086
00010 426318694
00010 426921428
00010 427860848
00010 429460148
00010 430459352
00010 432796592
00010 433231890
00010 434990838
00010 439813454
00010 439981588
00010 440786616
00010 441300214
00010 443951850
00010 447601292
00010 447610706
00010 448785808
00010 453306778
00010 454509980
00010 455674400
00010 458136630
00010 458612918
00010 459720906
00010 461508814
00010 461652316
00010 462192302
00010 462330774
00010 463710938
00010 466727600
00010 471566064
00010 472536152
00010 473525354
00010 473871942
00010 474652584
00010 477670410
00010 478008160
00010 483652046
00010 485910160
00010 486600152
00010 486692980
00010 487035718
00010 489554670
00010 490722032
00010 500089022
00010 501429350
00010 502644948
00010 502699988
00010 506494300
00010 509995758
00010 511011496
00010 511737228
00010 516708480
00010 517762862
00010 518226968
00010 518535908
00010 519310020
00010 519413714
00010 522729316
00010 523546210
00010 526060260
00010 526571822
00010 528523614
00010 531632916
00010 531967228
00010 533045296
00010 533456154
00010 535596758
00010 535950578
00010 539085064
00010 540660768
00010 541543202
00010 541625990
00010 545747220
00010 554384436
00010 556803974
00010 560365742
00010 560649054
00010 562690922
00010 580887700
00010 581010578
00010 581144658
00010 581254176
00010 583481704
00010 583682384
00010 593029558
00010 594034300
00010 594362586
00010 600135752
00010 601269486
00010 603281960
00010 607369934
00010 611047042
00010 611530702
00010 614509268
00010 614706710
00010 617640708
00010 618041272
00010 619906606
00010 620289678
00010 620741662
00010 620970878
00010 621349516
00010 623789576
00010 624784322
00010 626189930
00010 628824860
00010 630443078
00010 632613638
00010 632915846
00010 634074844
00010 635772566
00010 641278972
00010 643357248
00010 646561162
00010 646948716
00010 647062046
00010 650185536
00010 651032148
00010 651518796
00010 655299902
00010 655542670
00010 656089552
00010 658782846
00010 658845748
00010 658857470
00010 662032200
00010 667946208
00010 670451112
00010 671241360
00010 671542784
00010 671622608
00010 671926228
00010 671976252
00010 672305702
00010 673704532
00010 677148232
00010 679213028
00010 683436280
00010 683466032
00010 686013208
00010 686023036
00010 688361146
00010 689810028
00010 694142294
00010 699356952
00010 704124148
00010 704886990
00010 708129230
00010 711824160
00010 714283854
00010 715443234
00010 717453566
00010 717951730
00010 723574278
00010 724853202
00010 726868362
00010 729642148
00010 732377396
00010 736412268
00010 737895698
00010 744450576
00010 744646676
00010 745118984
00010 746112512
00010 748900336
00010 749163414
00010 749617906
00010 750094384
00010 752040108
00010 754647236
00010 754792512
00010 760895034
00010 762258996
00010 764535728
00010 770973080
00010 772237584
00010 773843526
00010 775871074
00010 777819502
00010 779722542
00010 780327032
00010 780603024
00010 783583976
00010 788165596
00010 790718654
00010 795120434
00010 796457862
00010 797533156
00010 798649246
00010 800453090
00010 801269564
00010 803492628
00010 803655866
00010 806455814
00010 807041064
00010 807367566
00010 808802326
00010 811256974
00010 813743956
00010 814492942
00010 815539314
00010 815773014
00010 816062336
00010 820215432
00010 821727932
00010 823755140
00010 824247520
00010 828465126
00010 828698052
00010 828755590
00010 832208776
00010 832558188
00010 833084642
00010 833085984
00010 833986808
00010 836090580
00010 838170986
00010 839659328
00010 842034312
00010 843402626
00010 846680590
00010 846785078
00010 850199714
00010 850225802
00010 851461140
00010 853302380
00010 856195900
00010 856867914
00010 857913820
00010 859487448
00010 860919974
00010 862079820
00010 866772994
00010 869645872
00010 871797998
00010 873968976
00010 874460322
00010 876329000
00010 876572446
00010 881371396
00010 882433356
00010 884423782
00010 886761382
00010 894391774
00010 898231230
00010 903424378
00010 906079224
00010 907209196
00010 907729688
00010 912772498
00010 914128568
00010 915950686
00010 918245638
00010 918419352
00010 919496624
00010 921680316
00010 921745402
00010 927356594
00010 931682208
00010 934237538
00010 934494966
00010 934818604
00010 934921244
00010 937426736
00010 939527158
00010 942982780
00010 945218364
00010 947897174
00010 953648244
00010 953665270
00010 955325508
00010 957158208
00010 958760604
00010 968066480
00010 971839710
00010 980360234
00010 980499756
00010 989567082
00010 993026434
00010 993102200
00010 999547474
00010 3095048
00010 6790456
00010 17850566
00010 19277624
00010 23909896
00010 27451924
00010 27513680
00010 31229216
00010 31355042
00010 34743972
00010 38559724
00010 42178518
00010 43307004
00010 45035264
00010 45063082
00010 45755606
00010 45980390
00010 50164490
00010 51625454
00010 56392230
00010 58695118
00010 61345806
00010 61457262
00010 61817132
00010 65694762
00010 66227040
00010 67114458
00010 69331108
00010 69798384
00010 73025330
00010 73235114
00010 73397258
00010 76843538
00010 77523492
00010 81431728
00010 83171122
00010 83508202
00010 88454464
00010 91523142
00010 92994432
00010 93406026
00010 94125234
00010 96664518
00010 98147906
00010 102317366
00010 103182074
00010 104584698
00010 107045690
00010 108818954
00010 109181204
00010 110348216
00010 110856540
00010 112695870
00010 114136674
00010 116194712
00010 116445420
00010 117537432
00010 117639156
00010 120259960
00010 120857270
00010 131116888
00010 133164670
00010 134146068
00010 134542552
00010 137639304
00010 138206500
00010 139219032
00010 139911226
00010 145175144
00010 147346282
00010 148150502
00010 148989062
00010 151966318
00010 152884880
00010 158192376
00010 159651726
00010 161368696
00010 169684126
00010 171064990
00010 172344442
00010 178696554
00010 182731734
00010 182892034
00010 187802102
00010 189052796
00010 192974506
00010 198265912
00010 199417584
00010 201919712
00010 205675174
00010 206148678
00010 208450328
00010 211977756
00010 212244398
00010 213217886
00010 213938544
00010 213997422
00010 217819778
00010 218053126
00010 219982994
00010 220125552
00010 221410326
00010 224007932
00010 224397122
00010 227193848
00010 228546298
00010 229273952
00010 230603036
00010 230868734
00010 230877684
00010 231231736
00010 236691532
00010 240328092
00010 243205244
00010 243411772
00010 245656854
00010 246945950
00010 247182252
00010 249986902
00010 253018180
00010 257752910
00010 258081938
00010 259533982
00010 259726086
00010 262206104
00010 262447502
00010 267981206
00010 271770250
00010 273779004
00010 278302658
00010 278450032
00010 282063630
00010 283193472
00010 287208456
00010 287866956
00010 290488586
00010 294165652
00010 296515210
00010 298149098
00010 301496742
00010 301915112
00010 305619490
00010 309013392
00010 313040684
00010 316494590
00010 318434482
00010 322306148
00010 323785210
00010 325532396
00010 326646006
00010 327805726
00010 330234428
00010 334139244
00010 338357264
00010 340892736
00010 341212932
00010 342387306
00010 342742368
00010 345192744
00010 345220348
00010 346927104
00010 350062052
00010 354552882
00010 355356862
00010 356025758
00010 360176270
00010 362436378
00010 363578330
00010 365068500
00010 366651258
00010 367919530
00010 370226032
00010 371999816
00010 373569828
00010 376911766
00010 380390510
00010 381810502
00010 383809352
00010 384076212
00010 385601738
00010 389405074
00010 392101380
00010 393975336
00010 394847106
00010 396762160
00010 397450532
00010 402401992
00010 404982380
00010 404987632
00010 405294794
00010 407168208
00010 418137826
00010 420326556
00010 420619390
00010 425888436
00010 427435734
00010 428803376
00010 429937378
00010 430204898
00010 431300990
00010 431584568
00010 431810886
00010 435762712
00010 437324706
00010 437508170
00010 439362234
00010 440688746
00010 442911802
00010 446185366
00010 447937922
00010 448724418
00010 449717062
00010 450478692
00010 451287036
00010 454742400
00010 455289684
00010 458221198
00010 460512536
00010 462207822
00010 464466054
00010 470007322
00010 470404246
00010 471020378
00010 472936952
00010 473243652
00010 473448172
00010 477683310
00010 484275668
00010 489875410
00010 491632630
00010 491815320
00010 492049430
00010 493609810
00010 495109106
00010 496543422
00010 498640766
00010 499917586
00010 500494762
00010 502264030
00010 502801282
00010 509337566
00010 510219960
00010 510622200
00010 511173246
00010 511433602
00010 511792122
00010 516779736
00010 522509872
00010 527617240
00010 530968440
00010 531332426
00010 533229806
00010 535137496
00010 535627010
00010 539123520
00010 542556420
00010 542632136
00010 542936164
00010 544219944
00010 545993634
00010 548247534
00010 548649710
00010 549006626
00010 552372322
00010 566628746
00010 578900558
00010 578901786
00010 579142708
00010 580426186
00010 584373368
00010 584563122
00010 586142552
00010 587158410
00010 588492510
00010 593828318
00010 595539436
00010 600514388
00010 602549354
00010 603015600
00010 603278530
00010 606585140
00010 606980770
00010 607530684
00010 610011314
00010 613724386
00010 613998376
00010 622491004
00010 624413622
00010 624505448
00010 625042932
00010 625616938
00010 626227746
00010 628810144
00010 629719054
00010 632609084
00010 633765392
00010 633866284
00010 637682418
00010 641343830
00010 641609650
00010 646190004
00010 646748614
00010 650187594
00010 651407056
00010 659622666
00010 665479776
00010 668260652
00010 670538520
00010 671882164
00010 672921822
00010 672958368
00010 673581064
00010 676791698
00010 677607194
00010 678227390
00010 682047650
00010 683343398
00010 683825756
00010 685519410
00010 691095264
00010 694069980
00010 695359710
00010 697152962
00010 697812084
00010 698198674
00010 698889394
00010 700828126
00010 703649562
00010 704782268
00010 705256056
00010 709335490
00010 710539588
00010 711909714
00010 712341960
00010 712505434
00010 713134788
00010 716284600
00010 717673192
00010 719808440
00010 720042598
00010 722009740
00010 722927260
00010 725860734
00010 727336386
00010 731876540
00010 734757078
00010 735550334
00010 737351596
00010 737408516
00010 738961864
00010 740509576
00010 744644820
00010 746451048
00010 749256586
00010 750669170
00010 751922208
00010 753170392
00010 754230184
00010 755892220
00010 758428518
00010 758524948
00010 758906212
00010 761703546
00010 761899150
00010 764243468
00010 764974958
00010 766744002
00010 770431194
00010 770705106
00010 771763592
00010 773147578
00010 773172200
00010 773973044
00010 774505818
00010 781211124
00010 784572486
00010 790119154
00010 793085792
00010 793942424
00010 795781530
00010 798278626
00010 802169770
00010 804014310
00010 804026930
00010 805747350
00010 806808034
00010 807161114
00010 807818018
00010 808083830
00010 808085106
00010 810920498
00010 811887136
00010 814283072
00010 815153238
00010 815752284
00010 816133522
00010 816825908
00010 817535366
00010 820510750
00010 823437490
00010 825021896
00010 826357034
00010 828651440
00010 832034338
00010 832158558
00010 832523442
00010 832568692
00010 832808618
00010 839739778
00010 840425034
00010 843477300
00010 844149816
00010 844473642
00010 844702968
00010 849436232
00010 851480114
00010 856538286
00010 860142194
00010 861128170
00010 861951380
00010 862130194
00010 862610364
00010 868825374
00010 869289950
00010 871187628
00010 874749220
00010 876966194
00010 877139530
00010 877158986
00010 879468278
00010 879777688
00010 880097046
00010 880166230
00010 881085768
00010 882385410
00010 882879074
00010 883917630
00010 885510214
00010 885680338
00010 886042160
00010 892643306
00010 894150420
00010 895734502
00010 899327050
00010 901231012
00010 902618968
00010 903930568
00010 905084706
00010 910029016
00010 911389582
00010 915091226
00010 920917094
00010 923084360
00010 925122794
00010 927966958
00010 928223692
00010 928557354
00010 934114826
00010 935489348
00010 936413116
00010 937301016
00010 938027414
00010 938888472
00010 941946882
00010 943508344
00010 944416300
00010 947708262
00010 962922150
00010 964934452
00010 969036784
00010 969761980
00010 970219052
00010 973436294
00010 975022830
00010 976277452
00010 976584030
00010 978503610
00010 980105276
00010 980392360
00010 986842538
00010 992253628
00010 993619606
00010 996100834
00010 1000331694
00010 46232
00010 673720
00010 5665660
00010 5904254
00010 8829554
00010 9063704
00010 9064676
00010 12332446
00010 14383246
00010 21544152
00010 23961422
00010 25127016
00010 25764332
00010 25806696
00010 28747096
00010 31070664
00010 41327406
00010 44271616
00010 46193954
00010 47777328
00010 48394084
00010 49838310
00010 50043316
00010 52989470
00010 57557678
00010 57871986
00010 61266974
00010 61966376
00010 66963968
00010 67243174
00010 67890330
00010 68070714
00010 71227418
00010 72437396
00010 73774686
00010 74319896
00010 74716508
00010 76212004
00010 82918316
00010 84573064
00010 87492286
00010 90559716
00010 93825456
00010 94146538
00010 94937740
00010 99380534
00010 99381780
00010 101054402
00010 104525186
00010 106811202
00010 108641802
00010 110324664
00010 111027572
00010 111998044
00010 114394488
00010 115662316
00010 118274562
00010 120311966
00010 121434678
00010 122620902
00010 123256362
00010 126741692
00010 126751280
00010 129929618
00010 130177372
00010 132931854
00010 134128970
00010 134392680
00010 134853450
00010 134903362
00010 135211504
00010 135892148
00010 136561998
00010 136682304
00010 138641464
00010 139198224
00010 139328700
00010 140205378
00010 140492784
00010 141913524
00010 142623274
00010 143452224
00010 143679102
00010 144648736
00010 146122450
00010 151696014
00010 153080542
00010 155051556
00010 156857504
00010 157328488
00010 158132572
00010 164130630
00010 165607980
00010 165673346
00010 165842192
00010 167393692
00010 171093694
00010 174730068
00010 174822994
00010 176266644
00010 178999208
00010 179036878
00010 180564930
00010 182563260
00010 185317050
00010 186346754
00010 190580316
00010 190623672
00010 197311520
00010 199336026
00010 199402020
00010 205262838
00010 206559552
00010 210264016
00010 210911838
00010 211900864
00010 213338110
00010 213652002
00010 214805804
00010 217876274
00010 218809148
00010 219163328
00010 221102024
00010 221810066
00010 222132388
00010 223839918
00010 223912406
00010 226816044
00010 229252710
00010 231745966
00010 233145618
00010 233147776
00010 233764454
00010 244676348
00010 245733394
00010 246408514
00010 247735306
00010 255394218
00010 256890030
00010 258789790
00010 259022898
00010 262459016
00010 262881896
00010 264490246
00010 265585884
00010 267409374
00010 270013462
00010 273019202
00010 273385064
00010 275402230
00010 276362536
00010 277579068
00010 278245992
00010 281484760
00010 282286232
00010 282721158
00010 288012912
00010 288370364
00010 288690506
00010 294276668
00010 294365506
00010 294649942
00010 295955330
00010 303297362
00010 306547760
00010 309234110
00010 310292842
00010 310489376
00010 310740386
00010 312963310
00010 313222520
00010 313965886
00010 317525704
00010 318225044
00010 318304488
00010 318464518
00010 322255826
00010 322649334
00010 325968618
00010 331305272
00010 332739802
00010 342666816
00010 342722074
00010 344316762
00010 346787892
00010 347150894
00010 350125808
00010 354611376
00010 355374830
00010 355461712
00010 356446886
00010 356622730
00010 356669878
00010 357058672
00010 362659050
00010 366124652
00010 366817510
00010 374166204
00010 376732638
00010 377459194
00010 379888706
00010 380253494
00010 381904374
00010 384538680
00010 388482398
00010 391382322
00010 395453798
00010 395690440
00010 395713282
00010 396099688
00010 399565890
00010 401913442
00010 404570438
00010 407043840
00010 408060746
00010 410200544
00010 410225620
00010 412789442
00010 416544794
00010 417204598
00010 420915466
00010 422230878
00010 426955612
00010 428812624
00010 429107084
00010 431720542
00010 433071898
00010 438645490
00010 439718434
00010 441054758
00010 441277378
00010 443589704
00010 443761036
00010 445262328
00010 445570070
00010 449303164
00010 449665492
00010 455739022
00010 458771790
00010 458896912
00010 459102028
00010 460710918
00010 462670266
00010 463761174
00010 464629672
00010 466071562
00010 467006354
00010 468990530
00010 471975954
00010 475215248
00010 475654706
00010 476564284
00010 479324948
00010 480910784
00010 481038368
00010 486459296
00010 487395062
00010 489734900
00010 491529174
00010 493011262
00010 494109134
00010 494145986
00010 496968440
00010 497004268
00010 497685288
00010 498096930
00010 500820416
00010 504271858
00010 504832302
00010 508326338
00010 510197504
00010 511187352
00010 513989580
00010 518387400
00010 521960214
00010 522772912
00010 527764908
00010 528298848
00010 529642974
00010 529692110
00010 532960616
00010 535615754
00010 535937676
00010 538837010
00010 541145814
00010 541709164
00010 542160972
00010 543936098
00010 544054898
00010 545373290
00010 545542034
00010 547271786
00010 547490126
00010 547507178
00010 547799028
00010 548990998
00010 548995818
00010 550493480
00010 550559564
00010 553737558
00010 558209728
00010 558642852
00010 560892324
00010 561331924
00010 564145692
00010 564711054
00010 566836848
00010 570432698
00010 574195878
00010 578808466
00010 579434606
00010 580836008
00010 588271914
00010 588297626
00010 593287212
00010 593292122
00010 593368494
00010 600974280
00010 608748230
00010 610124634
00010 617033952
00010 617159734
00010 617355300
00010 623692168
00010 624559102
00010 626629190
00010 627419604
00010 628410744
00010 630085234
00010 632586956
00010 633529720
00010 634266472
00010 636977262
00010 640244854
00010 641542108
00010 641570428
00010 645214256
00010 646963422
00010 649075130
00010 650135226
00010 650968340
00010 652916110
00010 655106356
00010 656233692
00010 656517740
00010 659571270
00010 661432956
00010 665131530
00010 666180818
00010 669849524
00010 670662072
00010 670664104
00010 672290980
00010 680388800
00010 683949570
00010 684116034
00010 684377138
00010 685715664
00010 688591808
00010 688691124
00010 689729114
00010 697260932
00010 697530128
00010 697836898
00010 697846238
00010 700989526
00010 706286008
00010 706589000
00010 710965178
00010 711515194
00010 718260050
00010 723377006
00010 723612282
00010 723673840
00010 727085124
00010 731945874
00010 738353066
00010 738695042
00010 742853344
00010 743656360
00010 743720726
00010 743731476
00010 743815710
00010 745275948
00010 757577328
00010 757832522
00010 758615486
00010 758866504
00010 760861112
00010 761124212
00010 763324864
00010 769621214
00010 769692592
00010 769694014
00010 770135934
00010 772364724
00010 773283814
00010 776229568
00010 777188058
00010 777419288
00010 780828472
00010 781906230
00010 787525660
00010 789789562
00010 790968050
00010 791457016
00010 793722812
00010 795718340
00010 798917826
00010 799677368
00010 801220034
00010 801788148
00010 803790242
00010 805097140
00010 806689642
00010 806834410
00010 810948050
00010 812741806
00010 820716786
00010 820754556
00010 820835802
00010 821061532
00010 821756804
00010 821961358
00010 822727388
00010 825766340
00010 828403404
00010 829721554
00010 831395748
00010 834212022
00010 835450280
00010 838376902
00010 840525994
00010 840789940
00010 841653356
00010 842038420
00010 844972916
00010 845131608
00010 848827826
00010 852833150
00010 859231252
00010 861326126
00010 866398082
00010 872246306
00010 872759646
00010 875187812
00010 875323080
00010 875419614
00010 885934426
00010 887111592
00010 890334532
00010 894674368
00010 895264982
00010 895768820
00010 896622296
00010 897753608
00010 898169606
00010 906324808
00010 912602112
00010 914850496
00010 918106238
00010 924882496
00010 927609030
00010 936029874
00010 939482368
00010 939990536
00010 941618960
00010 943573824
00010 944656842
00010 948257568
00010 948626132
00010 949621636
00010 951363142
00010 955216982
00010 956833308
00010 957808548
00010 963327644
00010 964431850
00010 966049202
00010 966316688
00010 967120426
00010 968092756
00010 974726272
00010 977027784
00010 978372804
00010 978756152
00010 979149972
00010 979898320
00010 980655514
00010 982319044
00010 983744952
00010 983942438
00010 984362616
00010 984878090
00010 985383518
00010 987284266
00010 988952168
00010 990689152
00010 991184648
00010 993780390
00010 994690086
00010 995810312
00010 999959230
00010 1386254
00010 2455428
00010 4255408
00010 4297232
00010 6795956
00010 8259392
00010 11970972
00010 12389430
00010 12573704
00010 20656182
00010 22204562
00010 24932846
00010 27791156
00010 28405490
00010 29641590
00010 30892132
00010 31375268
00010 32044222
00010 34431856
00010 35190476
00010 35624392
00010 38492220
00010 39186744
00010 39381428
00010 41486526
00010 41952640
00010 44633882
00010 45109102
00010 45730112
00010 45761274
00010 52214796
00010 54452812
00010 59547188
00010 61123120
00010 61554924
00010 64547890
00010 69945852
00010 71201736
00010 76573030
00010 77482504
00010 77850960
00010 77874270
00010 78703100
00010 80630580
00010 81077900
00010 85363150
00010 85464116
00010 85667674
00010 90184544
00010 94979388
00010 97328160
00010 101100048
00010 102926596
00010 107700430
00010 115321354
00010 115674110
00010 117605444
00010 120983986
00010 122912166
00010 125559510
00010 127687982
00010 129434722
00010 129451766
00010 129854334
00010 133265634
00010 134152670
00010 137302214
00010 137559408
00010 141401324
00010 143768210
00010 145697888
00010 146586690
00010 147721476
00010 149358206
00010 149474526
00010 150840916
00010 157247520
00010 157924256
00010 157991724
00010 158416262
00010 160556014
00010 161062074
00010 162836120
00010 163582600
00010 164913410
00010 166430550
00010 169845208
00010 170135570
00010 171073816
00010 172897088
00010 182242282
00010 188303478
00010 189121796
00010 191133312
00010 194443118
00010 195525036
00010 197524866
00010 197903434
00010 199690738
00010 208209088
00010 208650820
00010 210383728
00010 212427968
00010 212430332
00010 214726236
00010 215560206
00010 217456536
00010 219561306
00010 220738422
00010 222385706
00010 224424126
00010 226775654
00010 230494732
00010 231750368
00010 232227760
00010 234883014
00010 235216790
00010 238937398
00010 241277222
00010 247224432
00010 249154512
00010 250976444
00010 251109826
00010 252260448
00010 255034934
00010 255721416
00010 257632732
00010 258914578
00010 261590518
00010 261693200
00010 263280486
00010 263846802
00010 263969140
00010 264514022
00010 265586364
00010 268117124
00010 269965540
00010 272442292
00010 273152982
00010 274102488
00010 274468254
00010 274515074
00010 277566436
00010 281654634
00010 283947898
00010 287057502
00010 289471592
00010 294923848
00010 295056040
00010 298137348
00010 304785852
00010 306071580
00010 307140904
00010 310225782
00010 312870392
00010 314680696
00010 317176360
00010 318392838
00010 319137106
00010 321599228
00010 323061116
00010 327403736
00010 327636628
00010 327902770
00010 330527670
00010 331006266
00010 334057594
00010 334130872
00010 338884890
00010 345867750
00010 348132802
00010 355914002
00010 356715280
00010 357618346
00010 358771278
00010 358924410
00010 359152100
00010 359644100
00010 360180340
00010 361138244
00010 362993926
00010 364990862
00010 366118850
00010 366988714
00010 371686824
00010 373072586
00010 373906856
00010 373914776
00010 374215632
00010 375989048
00010 379556936
00010 382164022
00010 390605284
00010 399701632
00010 401587480
00010 402677694
00010 403457760
00010 405157290
00010 406053442
00010 406475536
00010 413636374
00010 415366904
00010 417598128
00010 417637924
00010 418008634
00010 420805280
00010 431289738
00010 431883134
00010 432574964
00010 432739974
00010 433502802
00010 438485288
00010 441473480
00010 442797582
00010 442943414
00010 446634930
00010 446650524
00010 447926364
00010 448257946
00010 456334234
00010 456766234
00010 459129794
00010 461724722
00010 464832882
00010 467765350
00010 468829262
00010 473579260
00010 474430066
00010 475352744
00010 481280590
00010 484212396
00010 485180970
00010 485650650
00010 485750920
00010 486242500
00010 488393108
00010 489501914
00010 495639192
00010 498535406
00010 501843672
00010 507630596
00010 510436452
00010 514961262
00010 515329994
00010 516609634
00010 517034572
00010 517234114
00010 519257072
00010 521789810
00010 523328882
00010 523490316
00010 524326734
00010 532329028
00010 536258704
00010 538401754
00010 541447150
00010 543265394
00010 548822438
00010 549236206
00010 550859688
00010 551628054
00010 554532336
00010 554580792
00010 555362268
00010 556812676
00010 557686154
00010 558230414
00010 563246322
00010 563338306
00010 563372696
00010 564176834
00010 564629096
00010 565503138
00010 565965046
00010 570088040
00010 571435466
00010 571597156
00010 573217874
00010 580273612
00010 584138572
00010 585886050
00010 586852938
00010 587017038
00010 588925786
00010 590890062
00010 593155754
00010 593806446
00010 593947350
00010 594466466
00010 596769026
00010 598441240
00010 599035384
00010 599549460
00010 600096160
00010 600103520
00010 600162930
00010 603121086
00010 603398816
00010 603627660
00010 603981356
00010 605372848
00010 605594884
00010 606361698
00010 606926010
00010 607384100
00010 608360208
00010 608866276
00010 610079374
00010 611409502
00010 614042398
00010 614118062
00010 614474546
00010 614858520
00010 615321980
00010 619012656
00010 619302718
00010 619925468
00010 622207788
00010 623465382
00010 624735618
00010 626257396
00010 627663504
00010 628320372
00010 632626748
00010 633958458
00010 634243648
00010 639892602
00010 649717992
00010 651633798
00010 653350568
00010 658571844
00010 664433624
00010 667059200
00010 667239250
00010 670658504
00010 672020644
00010 675564536
00010 681454256
00010 681652048
00010 681791956
00010 681801120
00010 682944870
00010 683924640
00010 685515286
00010 687673692
00010 689412940
00010 691519846
00010 691705140
00010 694024962
00010 695157486
00010 697752144
00010 699190154
00010 700203578
00010 706591944
00010 706831984
00010 708567670
00010 709347072
00010 710185832
00010 710627082
00010 712395354
00010 716741114
00010 718261480
00010 720251182
00010 720427972
00010 721395932
00010 721683156
00010 724517996
00010 726046572
00010 727342868
00010 728119362
00010 728537834
00010 728725864
00010 730935302
00010 738833204
00010 739971790
00010 746264012
00010 748418344
00010 752807888
00010 754646102
00010 758750432
00010 759557236
00010 763269804
00010 764557900
00010 765118270
00010 765350900
00010 766896216
00010 768027236
00010 768771356
00010 768904608
00010 771766060
00010 773709510
00010 775299276
00010 776997432
00010 779453550
00010 781918598
00010 783690132
00010 784913346
00010 786740866
00010 787507130
00010 788937994
00010 797662630
00010 799369996
00010 800460572
00010 805082898
00010 805169474
00010 805178428
00010 805564574
00010 808653596
00010 812333784
00010 813580898
00010 820903322
00010 821594624
00010 821690846
00010 823488712
00010 832109436
00010 835849866
00010 836908434
00010 837457782
00010 843796066
00010 844011038
00010 844893484
00010 848859218
00010 851399358
00010 852062710
00010 853552142
00010 862313218
00010 862812396
00010 863115138
00010 871076682
00010 873114572
00010 877686644
00010 881025788
00010 881200830
00010 882524118
00010 882799990
00010 886132104
00010 887485452
00010 888133440
00010 890830216
00010 895460026
00010 897447144
00010 898855806
00010 901277246
00010 901625446
00010 903306872
00010 903312112
00010 904135714
00010 904620076
00010 904949156
00010 905787924
00010 906698474
00010 909001910
00010 913096618
00010 913217368
00010 914362704
00010 919158064
00010 928758162
00010 929170896
00010 929182230
00010 930287470
00010 938028700
00010 940201180
00010 940967332
00010 941282580
00010 941793484
00010 948093768
00010 953466306
00010 954155942
00010 957059212
00010 959795882
00010 962480578
00010 964518320
00010 965654584
00010 968486514
00010 970177966
00010 973526554
00010 976269724
00010 979101770
00010 982709324
00010 985027904
00010 989836934
00010 992128046
00010 998709864
00010 999112874
00010 999718224
00010 2331210
00010 5791730
00010 6757126
00010 8163090
00010 9813830
00010 10405284
00010 10660552
00010 11378838
00010 11454348
00010 11861350
00010 12261982
00010 20751316
00010 22770188
00010 22820634
00010 23234426
00010 23385060
00010 23799756
00010 24397776
00010 24968784
00010 31774310
00010 33008866
00010 35583000
00010 36858960
00010 43411646
00010 43692948
00010 46033712
00010 46487842
00010 47824858
00010 48448774
00010 50188842
00010 50898060
00010 51199444
00010 52789034
00010 53013572
00010 57588320
00010 57843076
00010 62950226
00010 63336822
00010 64751440
00010 65107316
00010 66085134
00010 67840902
00010 68493746
00010 69255780
00010 69569256
00010 73952136
00010 73955326
00010 77018894
00010 81619318
00010 87607258
00010 89073398
00010 89317730
00010 95830144
00010 98101450
00010 98139562
00010 104719962
00010 107625674
00010 109716054
00010 115174340
00010 116357360
00010 117539556
00010 120967966
00010 120992474
00010 130388568
00010 134542566
00010 134740740
00010 136176522
00010 139181004
00010 140983070
00010 141315724
00010 143223754
00010 143419924
00010 143906292
00010 144878712
00010 145497314
00010 145867912
00010 151178702
00010 151398202
00010 152095534
00010 155372706
00010 156676460
00010 157422878
00010 157768804
00010 161564666
00010 167132256
00010 170891494
00010 173849800
00010 176425432
00010 177978104
00010 178870852
00010 186412084
00010 186579190
00010 192416740
00010 193783458
00010 198648302
00010 199800430
00010 203017046
00010 208859470
00010 213463624
00010 215346820
00010 215677114
00010 219051228
00010 221203400
00010 221587750
00010 222306624
00010 225912826
00010 226558732
00010 226791346
00010 231820064
00010 231973832
00010 235027078
00010 235425538
00010 236482316
00010 239587496
00010 240244560
00010 241131158
00010 241292740
00010 241328220
00010 241819692
00010 243746572
00010 247471440
00010 249349500
00010 250105834
00010 251592166
00010 252427294
00010 255994914
00010 256348828
00010 260502740
00010 260920592
00010 261727398
00010 263671216
00010 264707526
00010 265686688
00010 268985022
00010 274062344
00010 274190344
00010 275061242
00010 276977176
00010 286841114
00010 289483012
00010 290626350
00010 291936414
00010 294710792
00010 297609890
00010 297933112
00010 307591314
00010 309156540
00010 311113254
00010 314427066
00010 317555348
00010 322259412
00010 322407548
00010 323160928
00010 326057390
00010 326544492
00010 329058606
00010 332398638
00010 333248254
00010 335950706
00010 337493224
00010 341774930
00010 343621710
00010 344046290
00010 347516800
00010 347632664
00010 348167204
00010 352703620
00010 356686216
00010 360551720
00010 361220360
00010 362137412
00010 363828482
00010 365845392
00010 366677134
00010 367214310
00010 368856990
00010 369013552
00010 370903028
00010 371420274
00010 374109998
00010 374992244
00010 374995288
00010 379564854
00010 379607690
00010 381333524
00010 383197558
00010 383651054
00010 383898362
00010 386546656
00010 390909524
00010 391513650
00010 392310722
00010 393104688
00010 393454792
00010 395473678
00010 396526174
00010 400382802
00010 402478196
00010 403711792
00010 403772992
00010 405791298
00010 409961158
00010 414933802
00010 415243518
00010 420630086
00010 420882882
00010 421247344
00010 423115238
00010 424117196
00010 425447828
00010 428615224
00010 430672092
00010 433425652
00010 435075926
00010 435999568
00010 436645104
00010 438010754
00010 438557860
00010 438708270
00010 438709850
00010 438947186
00010 441648072
00010 442779782
00010 448163674
00010 448242230
00010 448594082
00010 449603634
00010 450966654
00010 453518754
00010 454668808
00010 455010304
00010 458434598
00010 459630358
00010 461014630
00010 462228288
00010 466781122
00010 476490172
00010 477048138
00010 479520606
00010 483253862
00010 487244174
00010 489730072
00010 489814950
00010 490874378
00010 497645174
00010 498963446
00010 499284806
00010 500481562
00010 504509310
00010 508309384
00010 510649356
00010 511746848
00010 513461150
00010 516162978
00010 520185804
00010 520662966
00010 525874942
00010 529044650
00010 530562724
00010 531457156
00010 533255502
00010 535203796
00010 537879638
00010 538506580
00010 539350870
00010 541335814
00010 544287770
00010 556674142
00010 557521110
00010 562603618
00010 569258942
00010 569534908
00010 570083900
00010 573407426
00010 574717206
00010 581190594
00010 581524846
00010 581792012
00010 582552206
00010 584448360
00010 586740252
00010 589228020
00010 593247748
00010 593372752
00010 605716956
00010 609870040
00010 610292030
00010 610959138
00010 621330684
00010 621437352
00010 623063986
00010 625954928
00010 628522528
00010 629280260
00010 635844296
00010 638419978
00010 642946418
00010 643343348
00010 644002154
00010 646233880
00010 646432966
00010 646634370
00010 647457800
00010 647769100
00010 648841020
00010 652729996
00010 654931016
00010 657321894
00010 658015620
00010 659930824
00010 660608654
00010 661342644
00010 661375170
00010 662019322
00010 665850502
00010 668006814
00010 670119456
00010 678579012
00010 681636464
00010 682462388
00010 686005212
00010 688708370
00010 688930600
00010 689021942
00010 696539336
00010 697026718
00010 699966490
00010 700526632
00010 701145912
00010 701382808
00010 704358320
00010 705381504
00010 706475752
00010 707960062
00010 709217974
00010 713238058
00010 714919094
00010 718168632
00010 719795626
00010 721574420
00010 722128804
00010 726251864
00010 729087168
00010 731058694
00010 737775214
00010 740024346
00010 740388792
00010 740668026
00010 743116608
00010 746655818
00010 748260474
00010 750106602
00010 751584200
00010 751718352
00010 758961716
00010 763496468
00010 763544176
00010 765420016
00010 765969438
00010 766178348
00010 766644870
00010 769311922
00010 772181190
00010 775054402
00010 776866142
00010 776867896
00010 784206268
00010 789090324
00010 789227986
00010 790007332
00010 790325102
00010 791065444
00010 792325084
00010 792641498
00010 793685956
00010 794041390
00010 794787022
00010 795715508
00010 796015508
00010 798549422
00010 799551228
00010 801011684
00010 803453356
00010 803908096
00010 807487660
00010 807525216
00010 808366922
00010 809051706
00010 809161258
00010 812579882
00010 813801086
00010 816035260
00010 817885542
00010 818127834
00010 821042060
00010 821259514
00010 822345506
00010 822441294
00010 823378508
00010 825480746
00010 827310110
00010 829050052
00010 833693118
00010 836195936
00010 837165398
00010 837629148
00010 838113084
00010 841055182
00010 843174230
00010 843766522
00010 844131498
00010 844994564
00010 847398156
00010 849933466
00010 850961994
00010 851391760
00010 851470700
00010 852205980
00010 853222320
00010 856933198
00010 857353592
00010 857450536
00010 857697038
00010 859763490
00010 859819430
00010 860276884
00010 861319838
00010 861871946
00010 863196230
00010 863242002
00010 866684126
00010 868327836
00010 869065794
00010 869404062
00010 873715374
00010 879226048
00010 880085798
00010 882476510
00010 886392404
00010 887222448
00010 887243448
00010 891568896
00010 894129630
00010 896915904
00010 899062322
00010 899435576
00010 903552504
00010 906739040
00010 908953786
00010 909596970
00010 910360770
00010 911317426
00010 912463732
00010 915252120
00010 917037030
00010 917208844
00010 919299182
00010 919820752
00010 920044076
00010 923607054
00010 925482610
00010 927764698
00010 930054408
00010 930638228
00010 930720002
00010 930779408
00010 937108378
00010 939002306
00010 941003420
00010 941130012
00010 942261940
00010 943420146
00010 945666028
00010 950240440
00010 950408110
00010 957421896
00010 958099774
00010 964078092
00010 970227188
00010 970697604
00010 970916984
00010 972982592
00010 973324042
00010 978164234
00010 980961252
00010 980967980
00010 982745012
00010 983568782
00010 985436762
00010 989322102
00010 990421952
00010 993822242
00010 994828500
00010 998259402
00010 998564134
00010 999187988
00010 999389654
00010 999518172
00010 2118526
00010 2993314
00010 3698388
00010 5110616
00010 9763568
00010 9885862
00010 10679358
00010 13177142
00010 16055924
00010 16927438
00010 17035358
00010 17985390
00010 19537814
00010 23071768
00010 23556728
00010 24048996
00010 24404226
00010 25085936
00010 33757110
00010 34230002
00010 35140020
00010 35836378
00010 37828456
00010 39608128
00010 40256828
00010 40297628
00010 43837106
00010 44592406
00010 48580824
00010 50407576
00010 51976250
00010 54090054
00010 54180730
00010 56098196
00010 58994434
00010 60501826
00010 61638082
00010 64521372
00010 65393350
00010 65416366
00010 67037618
00010 75714864
00010 76384794
00010 76412334
00010 78504520
00010 82638026
00010 84817932
00010 86372798
00010 86636038
00010 86839980
00010 86846656
00010 89374554
00010 95717976
00010 96106820
00010 97233640
00010 98581450
00010 99918114
00010 102681232
00010 102790454
00010 106694280
00010 107195070
00010 109206626
00010 112638800
00010 113324972
00010 115317170
00010 115432442
00010 115697362
00010 116753896
00010 117214656
00010 118674914
00010 121296232
00010 121388836
00010 123982544
00010 125889048
00010 127552742
00010 129597106
00010 130083368
00010 130132918
00010 130289350
00010 133423840
00010 133529314
00010 135276706
00010 135751252
00010 140919074
00010 142438838
00010 142632508
00010 150545070
00010 150640098
00010 152563060
00010 152835604
00010 154448938
00010 157851384
00010 160148212
00010 160185188
00010 160250224
00010 164746428
00010 165076614
00010 166077866
00010 166914244
00010 167210686
00010 168242542
00010 170671904
00010 171246850
00010 172504168
00010 175024088
00010 176987584
00010 180288862
00010 181555248
00010 182760774
00010 182763252
00010 187551032
00010 190288238
00010 194902446
00010 198163980
00010 198168202
00010 198500102
00010 201627976
00010 202491820
00010 203149972
00010 203775678
00010 208029728
00010 212006234
00010 220076294
00010 220780464
00010 221768836
00010 222495340
00010 222940402
00010 222999106
00010 223151020
00010 224568744
00010 226995928
00010 227035818
00010 227357226
00010 228965838
00010 230323512
00010 231331986
00010 231820950
00010 235022534
00010 242939950
00010 248595538
00010 249383236
00010 249474792
00010 250658374
00010 250693834
00010 254479552
00010 255262288
00010 256508758
00010 257073892
00010 257252106
00010 263028816
00010 263970850
00010 267664720
00010 271116706
00010 271438828
00010 274335026
00010 274497406
00010 277404974
00010 283428590
00010 284822752
00010 286770098
00010 287381444
00010 289413582
00010 289797088
00010 290563412
00010 291795964
00010 296668858
00010 296872532
00010 297270804
00010 297404878
00010 297663734
00010 298514374
00010 298925944
00010 299406336
00010 302091098
00010 304075556
00010 311728158
00010 319390566
00010 321548236
00010 322103714
00010 325254546
00010 326120918
00010 331901590
00010 334690590
00010 335588610
00010 338543852
00010 339828808
00010 341628672
00010 342496014
00010 350210808
00010 351399110
00010 353805994
00010 354660496
00010 355164248
00010 362262072
00010 362485928
00010 364024926
00010 368274002
00010 369052828
00010 373559508
00010 374581984
00010 375175302
00010 375618880
00010 375642976
00010 377170916
00010 383235090
00010 384898730
00010 389985462
00010 391968642
00010 393259582
00010 394005318
00010 394167290
00010 394603022
00010 398826346
00010 399158802
00010 399469644
00010 400848728
00010 404404482
00010 405641064
00010 410924942
00010 411871032
00010 413115674
00010 413202254
00010 414625526
00010 414632498
00010 414836274
00010 416868270
00010 417738298
00010 417945554
00010 418816664
00010 420500594
00010 421965770
00010 424368794
00010 424843034
00010 425649772
00010 427067032
00010 429561892
00010 429933402
00010 429976378
00010 430882688
00010 431246158
00010 435299368
00010 438852816
00010 440535254
00010 442152022
00010 443533464
00010 444510102
00010 447498230
00010 447732572
00010 448040962
00010 454432178
00010 459722644
00010 459988404
00010 461738724
00010 462678788
00010 465166732
00010 465437950
00010 468479370
00010 468839784
00010 469615838
00010 470920054
00010 480813508
00010 484118194
00010 485852872
00010 487851444
00010 488567544
00010 489882470
00010 490021126
00010 490865374
00010 492934348
00010 493897020
00010 495081352
00010 501728336
00010 504891688
00010 505945738
00010 507161644
00010 509162798
00010 513134622
00010 516436120
00010 516808370
00010 519674488
00010 521194320
00010 524098200
00010 525138654
00010 527991130
00010 528049098
00010 528796128
00010 529192874
00010 532623724
00010 533004810
00010 534190368
00010 535520556
00010 535590388
00010 535663082
00010 538351400
00010 538457446
00010 538786940
00010 551828246
00010 554852738
00010 555018364
00010 555244234
00010 556769502
00010 556887744
00010 557739924
00010 557814184
00010 558463514
00010 561389674
00010 565947412
00010 567426532
00010 569534282
00010 570811824
00010 571386688
00010 574749026
00010 575180108
00010 579577920
00010 580368186
00010 580819870
00010 581447316
00010 582139264
00010 582388942
00010 585097418
00010 585654108
00010 595206006
00010 595927370
00010 596184876
00010 603825240
00010 604897400
00010 605488416
00010 606667116
00010 610404336
00010 610704744
00010 611843858
00010 611872512
00010 613915250
00010 613965726
00010 616008148
00010 616239314
00010 616422436
00010 618417126
00010 623215124
00010 623245824
00010 627796518
00010 630662532
00010 631396922
00010 631772938
00010 634563542
00010 635131308
00010 638141366
00010 638966536
00010 639617666
00010 640152534
00010 640453660
00010 645080448
00010 646159952
00010 653263386
00010 654032238
00010 655199220
00010 658752960
00010 661425218
00010 663948880
00010 664324358
00010 666980596
00010 670228114
00010 675954920
00010 676828816
00010 678678786
00010 679810388
00010 681944556
00010 683250760
00010 683513352
00010 685336824
00010 689201296
00010 690075486
00010 693176990
00010 694865674
00010 695593786
00010 699159610
00010 701921314
00010 704035128
00010 709220410
00010 710270994
00010 721414528
00010 726351498
00010 728335102
00010 728367810
00010 731095184
00010 732619690
00010 732991728
00010 737958522
00010 738662306
00010 738940832
00010 739743592
00010 741221164
00010 741307088
00010 745179586
00010 745411084
00010 747944096
00010 748226878
00010 748930566
00010 751983138
00010 759597748
00010 759704800
00010 759763646
00010 761124434
00010 763896182
00010 765940444
00010 767231076
00010 767407342
00010 771368708
00010 773943786
00010 777850068
00010 778581686
00010 781312398
00010 781326690
00010 782567288
00010 783054112
00010 783642958
00010 784330212
00010 785724448
00010 790284818
00010 790323964
00010 794522460
00010 796509806
00010 803787424
00010 804476374
00010 804633742
00010 806861292
00010 807062776
00010 807504708
00010 807527020
00010 809997138
00010 814828436
00010 815181862
00010 819042814
00010 819957624
00010 822179968
00010 825841610
00010 825975270
00010 826606086
00010 826918818
00010 827853558
00010 831544472
00010 832105292
00010 836722306
00010 837594082
00010 837599972
00010 841177836
00010 842866274
00010 847480636
00010 849627798
00010 850537754
00010 850567570
00010 853389816
00010 861844290
00010 862736422
00010 863607150
00010 865536000
00010 867874834
00010 868582262
00010 870196744
00010 870549556
00010 872225238
00010 875437766
00010 880604974
00010 881524578
00010 884072600
00010 885346842
00010 886646420
00010 887069688
00010 891529588
00010 894632626
00010 897511882
00010 897969578
00010 898815842
00010 898907144
00010 905650926
00010 906674444
00010 908157120
00010 909014802
00010 909422386
00010 910313272
00010 914069448
00010 916662778
00010 919936042
00010 920675736
00010 925853638
00010 930656426
00010 930945216
00010 932203964
00010 935257952
00010 936356968
00010 937420750
00010 939008772
00010 941945310
00010 943126462
00010 947114142
00010 947987324
00010 950080004
00010 952042846
00010 952068452
00010 953599410
00010 956559660
00010 962530160
00010 963386700
00010 970503330
00010 973974892
00010 974797044
00010 977762974
00010 977992398
00010 983806080
00010 986925714
00010 990724778
00010 990842088
00010 996683904
00010 999449998
00010 3204808
00010 4284868
00010 4465212
00010 15996362
00010 17145652
00010 21005880
00010 21392008
00010 21626434
00010 21806542
00010 24431008
00010 27829930
00010 30129370
00010 31108860
00010 31295766
00010 31670000
00010 33601492
00010 36883160
00010 39740484
00010 43288582
00010 43889350
00010 46320734
00010 49721230
00010 53269262
00010 53374692
00010 53692776
00010 54533748
00010 54549392
00010 54741876
00010 57143666
00010 60552494
00010 62229726
00010 63802788
00010 66762642
00010 67814360
00010 68144352
00010 68906852
00010 70303434
00010 73499520
00010 77246836
00010 81059094
00010 85277910
00010 87583804
00010 90360880
00010 90526172
00010 91146288
00010 96179090
00010 98782654
00010 99225400
00010 100235386
00010 102091568
00010 103724774
00010 103806182
00010 104562014
00010 106905008
00010 108628926
00010 108735310
00010 109382952
00010 110083238
00010 110450520
00010 112693618
00010 115094478
00010 115903614
00010 118254680
00010 120937260
00010 125946778
00010 137349192
00010 138740624
00010 139836396
00010 141441526
00010 144798824
00010 148665670
00010 151858278
00010 152281532
00010 152944932
00010 152998482
00010 153275708
00010 154507374
00010 154622022
00010 156836186
00010 157294328
00010 157632370
00010 157799658
00010 166509270
00010 167509812
00010 171096980
00010 178004712
00010 178108094
00010 179554652
00010 185248222
00010 186049986
00010 188125636
00010 189600048
00010 195010124
00010 198846852
00010 201205572
00010 201881066
00010 205125562
00010 206194894
00010 209342766
00010 210527504
00010 213095348
00010 214695536
00010 217372552
00010 218287954
00010 218730832
00010 219940300
00010 224440012
00010 226580730
00010 232394592
00010 232483908
00010 232949990
00010 233239534
00010 235373600
00010 237103816
00010 238531646
00010 239193202
00010 240133886
00010 242307290
00010 242804720
00010 246026550
00010 247053818
00010 257861214
00010 261074344
00010 262711814
00010 269798296
00010 272015794
00010 275870346
00010 282135344
00010 284405052
00010 287615162
00010 289543726
00010 295331466
00010 296117184
00010 299506932
00010 299844064
00010 302219218
00010 305304886
00010 307565914
00010 310687094
00010 313496402
00010 314461160
00010 314736830
00010 315942686
00010 316251724
00010 316261312
00010 316642656
00010 317402392
00010 321990398
00010 322871652
00010 323829210
00010 324277760
00010 329139306
00010 330824210
00010 332746706
00010 335992604
00010 337528414
00010 341866392
00010 342576676
00010 348595400
00010 349575490
00010 350335408
00010 352452282
00010 353304590
00010 363029230
00010 364678966
00010 365296908
00010 365991564
00010 366248048
00010 370150922
00010 370995966
00010 372838290
00010 373796968
00010 375478106
00010 375651272
00010 375666528
00010 381250968
00010 386375966
00010 386637770
00010 392377930
00010 394116284
00010 396397948
00010 398839614
00010 408011256
00010 410048322
00010 410346822
00010 412520512
00010 413521494
00010 413537342
00010 414122888
00010 414670700
00010 415947700
00010 419903780
00010 420080394
00010 424642556
00010 427122912
00010 428883708
00010 430531814
00010 430707932
00010 432620076
00010 432928916
00010 433688490
00010 434676388
00010 435241174
00010 435829034
00010 437996282
00010 438416602
00010 439529738
00010 439662824
00010 439677236
00010 439735522
00010 444098822
00010 444177662
00010 444327192
00010 445751712
00010 447152058
00010 449874748
00010 450001124
00010 453225284
00010 455157640
00010 455395144
00010 463099094
00010 463440056
00010 463728462
00010 468098484
00010 471090310
00010 472432370
00010 472769748
00010 473380652
00010 473551730
00010 475021302
00010 475673542
00010 475754690
00010 476831678
00010 479114568
00010 479295374
00010 480458268
00010 480798278
00010 482161446
00010 483279350
00010 486014318
00010 487253972
00010 487341128
00010 488552372
00010 488873304
00010 488977002
00010 493766710
00010 497109372
00010 501701810
00010 501725478
00010 506340136
00010 508143504
00010 510323610
00010 514934338
00010 516139040
00010 518364416
00010 518527368
00010 518919626
00010 521957370
00010 523282532
00010 528373764
00010 530485584
00010 530661550
00010 537389814
00010 547698692
00010 552522678
00010 556804908
00010 560385598
00010 561548022
00010 566159636
00010 567098130
00010 567430068
00010 568495184
00010 569741474
00010 571843352
00010 572321038
00010 574702190
00010 575251442
00010 585144112
00010 585294550
00010 587889288
00010 594050864
00010 594908294
00010 596280634
00010 597491028
00010 604048750
00010 608761514
00010 609792536
00010 613643962
00010 614047926
00010 616625726
00010 616834692
00010 617851748
00010 628299662
00010 630832436
00010 633836068
00010 636705588
00010 637429418
00010 640690152
00010 642597812
00010 646350674
00010 650698582
00010 652173328
00010 665765954
00010 669398780
00010 671310612
00010 673017604
00010 674853956
00010 678746232
00010 679428660
00010 681358682
00010 681920392
00010 682055936
00010 684467868
00010 691326666
00010 691909466
00010 692258540
00010 692467878
00010 694883444
00010 699394162
00010 700650682
00010 700878574
00010 704832190
00010 707560272
00010 708394914
00010 708886660
00010 710580182
00010 711039238
00010 712764100
00010 713646542
00010 716681598
00010 717824062
00010 719463374
00010 720822028
00010 725185268
00010 726459744
00010 731271986
00010 731548274
00010 732151920
00010 732916626
00010 734877494
00010 735228952
00010 737032180
00010 737531834
00010 740018326
00010 746760928
00010 748545326
00010 748910626
00010 748913532
00010 754289978
00010 754783658
00010 754843998
00010 756716666
00010 757622914
00010 761584532
00010 762849002
00010 763306266
00010 764200052
00010 767816592
00010 772687602
00010 772784044
00010 772993484
00010 779632202
00010 780752184
00010 782058596
00010 783314906
00010 783383928
00010 785441470
00010 786623932
00010 787452848
00010 788122712
00010 790073344
00010 790620752
00010 791300258
00010 796211962
00010 796913468
00010 799581042
00010 799980372
00010 800649892
00010 802488998
00010 803559452
00010 804139158
00010 807743410
00010 807826454
00010 810134452
00010 812395458
00010 814682730
00010 819208350
00010 820756030
00010 822818824
00010 824165518
00010 826291088
00010 826765946
00010 829907558
00010 831087236
00010 832550274
00010 833169508
00010 833753450
00010 834456284
00010 836070460
00010 837575750
00010 841631120
00010 842918528
00010 844005974
00010 844860520
00010 846550438
00010 848128434
00010 848961604
00010 849853996
00010 849978092
00010 852407822
00010 855674010
00010 855836432
00010 856020090
00010 860308088
00010 863175206
00010 866960954
00010 869465298
00010 870901290
00010 873072722
00010 873510894
00010 875722850
00010 875952870
00010 880835946
00010 882039664
00010 882080444
00010 882523248
00010 882679930
00010 885286814
00010 885548318
00010 886037656
00010 886310554
00010 888119084
00010 890020956
00010 896573360
00010 896750174
00010 897923658
00010 900274208
00010 902160690
00010 905158860
00010 911463048
00010 916498258
00010 917329542
00010 919604460
00010 926437544
00010 926694880
00010 929158234
00010 933957164
00010 941611214
00010 941727454
00010 943283524
00010 946367518
00010 946961572
00010 947906316
00010 949908580
00010 950423594
00010 950716826
00010 952057320
00010 956751744
00010 958577216
00010 958661210
00010 958831406
00010 959894974
00010 962018868
00010 962601718
00010 964295646
00010 966808050
00010 969410512
00010 969670958
00010 971615788
00010 971756170
00010 972917294
00010 975410914
00010 976111118
00010 981148616
00010 981361304
00010 982696606
00010 982901322
00010 984252712
00010 984467064
00010 985468284
00010 986274026
00010 987929266
00010 991698900
00010 349922
00010 3518246
00010 5598964
00010 7505750
00010 8588008
00010 9268474
00010 10771324
00010 11866338
00010 13347962
00010 15298270
00010 15894584
00010 16315210
00010 18558942
00010 23722522
00010 26188936
00010 29336862
00010 29620668
00010 30676956
00010 31949162
00010 34825994
00010 36982672
00010 41705150
00010 44628784
00010 45403772
00010 46575532
00010 47399202
00010 47741122
00010 48141826
00010 48390940
00010 50296468
00010 51500294
00010 56162108
00010 59024082
00010 59484620
00010 64093028
00010 64400370
00010 64711590
00010 67007914
00010 67205622
00010 70680372
00010 71280544
00010 71307454
00010 71882772
00010 74829934
00010 81262682
00010 86749482
00010 86791402
00010 89210308
00010 90262900
00010 90660794
00010 94816000
00010 97505426
00010 97526736
00010 99826558
00010 101723442
00010 102502098
00010 107121888
00010 107557648
00010 113783312
00010 114237000
00010 115453854
00010 118344374
00010 127158206
00010 128213106
00010 128446858
00010 129210802
00010 129319372
00010 131700514
00010 132819850
00010 133818204
00010 134005578
00010 135180444
00010 136288978
00010 136388906
00010 137706612
00010 137788344
00010 139206598
00010 139704966
00010 145449438
00010 147239820
00010 148739998
00010 151465652
00010 154498304
00010 154890888
00010 155080458
00010 155269706
00010 155452742
00010 156870964
00010 157024404
00010 158135754
00010 160347340
00010 161403936
00010 162117240
00010 162164002
00010 164618442
00010 178572934
00010 180527422
00010 183960274
00010 195590626
00010 197112094
00010 198679828
00010 203001654
00010 204303238
00010 212277000
00010 215413524
00010 221786654
00010 223854172
00010 226660876
00010 228574822
00010 228989722
00010 232877476
00010 236000298
00010 236036450
00010 238534208
00010 241985860
00010 243270952
00010 243684158
00010 244769066
00010 250651796
00010 254498094
00010 255133854
00010 256817122
00010 257728444
00010 257864850
00010 258512648
00010 258842148
00010 259895078
00010 261410888
00010 263947992
00010 265741912
00010 266650692
00010 266966202
00010 267485922
00010 267838158
00010 268055400
00010 271613342
00010 271774324
00010 274622974
00010 278547498
00010 279590272
00010 283519422
00010 286984310
00010 287612550
00010 288573244
00010 297454140
00010 299151704
00010 302010104
00010 305573618
00010 306528434
00010 306644402
00010 308611456
00010 310004420
00010 313678754
00010 313756402
00010 314623298
00010 315452842
00010 316786930
00010 322762568
00010 324215794
00010 324413988
00010 325290986
00010 325711196
00010 329271238
00010 330799148
00010 330999018
00010 334379482
00010 337176740
00010 341150760
00010 342157806
00010 342273216
00010 348608416
00010 352064132
00010 356915632
00010 357851998
00010 359591474
00010 362576618
00010 365000078
00010 365969310
00010 368358322
00010 369088320
00010 370877602
00010 374274834
00010 374780426
00010 378649664
00010 382865624
00010 384180160
00010 384514232
00010 386903652
00010 392260712
00010 392694192
00010 392923856
00010 393867888
00010 396444562
00010 397054602
00010 399490324
00010 400029028
00010 401493380
00010 402288324
00010 403222080
00010 404552996
00010 405915008
00010 406450904
00010 407331714
00010 409948730
00010 410225320
00010 410497226
00010 411898610
00010 416600710
00010 424076944
00010 425021992
00010 425118660
00010 425719122
00010 426550794
00010 427248412
00010 430733538
00010 431868280
00010 434849818
00010 435478674
00010 438220128
00010 440672072
00010 441043848
00010 442082220
00010 451266396
00010 454015812
00010 454705772
00010 457317094
00010 458435994
00010 458689600
00010 462878098
00010 466553534
00010 467850700
00010 470977024
00010 474429690
00010 481562374
00010 485281346
00010 489016146
00010 489409810
00010 490103796
00010 490980456
00010 491343598
00010 491370534
00010 497137234
00010 497334590
00010 497539546
00010 497546618
00010 499419258
00010 506693830
00010 510298100
00010 513182452
00010 513466520
00010 513921128
00010 514934032
00010 518455498
00010 520195372
00010 523720270
00010 523904808
00010 527669092
00010 529831416
00010 530523016
00010 533141084
00010 533144094
00010 538956926
00010 541366546
00010 541858210
00010 543691112
00010 545966680
00010 549270336
00010 550432400
00010 551018878
00010 552301626
00010 552649842
00010 552736478
00010 554087710
00010 558708870
00010 560673456
00010 564621544
00010 564626130
00010 568604128
00010 575836642
00010 575899498
00010 577159910
00010 577403376
00010 577558422
00010 578391822
00010 579898758
00010 586547436
00010 588010674
00010 589813282
00010 589908670
00010 590722462
00010 592668866
00010 600681922
00010 601189650
00010 602002596
00010 604190416
00010 604285624
00010 613229772
00010 614237736
00010 614814180
00010 617609972
00010 617792066
00010 621285686
00010 621931578
00010 622462784
00010 624570598
00010 624988170
00010 626815288
00010 629220668
00010 629911408
00010 631385450
00010 631537440
00010 632166692
00010 635012750
00010 636052588
00010 638002508
00010 638873192
00010 643271886
00010 643633164
00010 644781952
00010 647207682
00010 650348296
00010 651388206
00010 651739276
00010 652614510
00010 653064170
00010 653934138
00010 655168376
00010 657273230
00010 660555030
00010 664604012
00010 668556552
00010 669697990
00010 672637930
00010 672764318
00010 674423362
00010 674809864
00010 675589898
00010 675770206
00010 676200418
00010 681738450
00010 682312764
00010 685058658
00010 685170626
00010 685319342
00010 686110410
00010 688284606
00010 688694758
00010 691480400
00010 693770328
00010 693975802
00010 698287624
00010 698425410
00010 698529718
00010 701727524
00010 704074350
00010 706685610
00010 707158356
00010 711001896
00010 714623986
00010 716312254
00010 719111976
00010 720755498
00010 723400574
00010 726113998
00010 727028832
00010 727062896
00010 727505154
00010 728244180
00010 728591380
00010 733022960
00010 734063260
00010 734486902
00010 734824310
00010 736811340
00010 741924834
00010 744395018
00010 746161132
00010 746851820
00010 746944564
00010 750613908
00010 752602666
00010 753230642
00010 754291262
00010 754969762
00010 755570852
00010 757052972
00010 759457474
00010 759784548
00010 764778334
00010 765739202
00010 768192458
00010 769854654
00010 770374948
00010 771970062
00010 773763346
00010 787306852
00010 792129792
00010 793899798
00010 798679634
00010 800616292
00010 802969992
00010 806303592
00010 806424714
00010 807522816
00010 808866578
00010 812453824
00010 816376226
00010 819941294
00010 823171958
00010 829067152
00010 830425900
00010 832330346
00010 834323154
00010 834594112
00010 840629412
00010 841557340
00010 842563354
00010 843478976
00010 844209942
00010 844532660
00010 846667572
00010 847261504
00010 849983168
00010 850508924
00010 850670376
00010 852695054
00010 855552278
00010 855771624
00010 856631340
00010 857427030
00010 858474266
00010 859959044
00010 859960664
00010 860131292
00010 861742142
00010 861871170
00010 863194684
00010 864533144
00010 871762604
00010 872223920
00010 872916242
00010 875531278
00010 876650526
00010 879001026
00010 883220234
00010 883223216
00010 883920812
00010 884178308
00010 885307986
00010 885558646
00010 886384908
00010 890314454
00010 890674232
00010 892019942
00010 894028502
00010 898369110
00010 899355220
00010 900582350
00010 902181070
00010 902955784
00010 903735152
00010 906447972
00010 906827266
00010 907210202
00010 907493618
00010 917156856
00010 919540452
00010 921153464
00010 921269336
00010 923070530
00010 924338402
00010 927606988
00010 930096058
00010 935589562
00010 936391512
00010 943761656
00010 944174856
00010 949107648
00010 950013312
00010 950292330
00010 950432106
00010 953090826
00010 955113762
00010 956107876
00010 957511782
00010 958426098
00010 958755422
00010 960059534
00010 961585668
00010 961941504
00010 963119048
00010 967443050
00010 968418102
00010 971771238
00010 972795688
00010 974298940
00010 975062378
00010 976581504
00010 977613244
00010 979026722
00010 979617646
00010 986717484
00010 987445300
00010 990352740
00010 991389724
00010 991695720
00010 997291402
00010 997896864
00010 997918512
