00010 1659966
00010 6654050
00010 7080784
00010 10920190
00010 16081104
00010 24407550
00010 25506156
00010 30516232
00010 32862226
00010 32968100
00010 33164920
00010 35819666
00010 37825776
00010 41181828
00010 48090530
00010 49050156
00010 49926916
00010 50041686
00010 50796992
00010 53365490
00010 54115302
00010 54658844
00010 56834202
00010 60799266
00010 64739358
00010 64878574
00010 66777076
00010 67650386
00010 68022520
00010 69781738
00010 72841418
00010 74683600
00010 75521226
00010 79795708
00010 79807880
00010 80315714
00010 85979228
00010 90884922
00010 95304486
00010 100261368
00010 102855278
00010 103134504
00010 103770308
00010 108206176
00010 108860218
00010 112645004
00010 113568286
00010 113660300
00010 114491370
00010 114563372
00010 114643250
00010 114833780
00010 114840850
00010 116451854
00010 117707784
00010 120556206
00010 122357932
00010 122409886
00010 124040812
00010 126091684
00010 126685938
00010 132549062
00010 134292680
00010 134662480
00010 139868090
00010 140504428
00010 140898722
00010 143862706
00010 144503046
00010 144547394
00010 145275138
00010 145715424
00010 147230862
00010 147351732
00010 148898198
00010 149712660
00010 150167146
00010 151520432
00010 152549010
00010 153485678
00010 153695302
00010 156965864
00010 158819738
00010 167758946
00010 172706054
00010 174697022
00010 178023230
00010 179384958
00010 180058312
00010 180927272
00010 182678138
00010 184022022
00010 184972100
00010 186142136
00010 195195644
00010 195457874
00010 196642822
00010 200061662
00010 205998928
00010 206278734
00010 207469992
00010 214888132
00010 221919870
00010 228825522
00010 229359210
00010 230396520
00010 231484456
00010 231542732
00010 232042552
00010 232927004
00010 233466802
00010 235082466
00010 235859614
00010 238237068
00010 238787058
00010 239314830
00010 241121398
00010 242667292
00010 242738902
00010 242772016
00010 251920042
00010 255703498
00010 256022200
00010 257331048
00010 257436920
00010 263563544
00010 269843246
00010 271224970
00010 271228546
00010 271313612
00010 273167156
00010 273375704
00010 276537944
00010 279709494
00010 281611450
00010 282408680
00010 282669340
00010 285765182
00010 288716338
00010 290516640
00010 291343224
00010 292153222
00010 294899350
00010 295560432
00010 297391598
00010 299238588
00010 299506936
00010 301930868
00010 309319676
00010 311821408
00010 313911036
00010 317176648
00010 317834348
00010 318601462
00010 324456904
00010 324894036
00010 327101998
00010 329240714
00010 329802792
00010 332115858
00010 334064848
00010 337515676
00010 339880660
00010 341272296
00010 343214150
00010 343674422
00010 344261746
00010 344990972
00010 345458296
00010 347820550
00010 351199030
00010 353376008
00010 353997094
00010 354038714
00010 355347472
00010 357472684
00010 363053928
00010 365955178
00010 367255400
00010 368222948
00010 371083840
00010 371168572
00010 371183486
00010 376123056
00010 376187484
00010 376376022
00010 376647068
00010 380109276
00010 380264916
00010 381238708
00010 381241614
00010 381916674
00010 382279548
00010 389189168
00010 390563296
00010 392230010
00010 392840274
00010 393190596
00010 394782586
00010 394796164
00010 395419306
00010 396227252
00010 397904452
00010 398380940
00010 400171524
00010 405127318
00010 405332688
00010 406488844
00010 407704830
00010 413568436
00010 416726392
00010 418733318
00010 424444926
00010 427888166
00010 429571790
00010 430803696
00010 431650858
00010 431715648
00010 435989012
00010 437768326
00010 440608908
00010 443886860
00010 447248706
00010 450405070
00010 450938356
00010 454402398
00010 459308062
00010 461312204
00010 461345366
00010 463238032
00010 463939570
00010 464956654
00010 465093122
00010 467514214
00010 467658570
00010 467835222
00010 471041446
00010 471598620
00010 474294754
00010 475683148
00010 477054200
00010 477501726
00010 479946140
00010 481873994
00010 485103274
00010 487682686
00010 488683660
00010 488816594
00010 490530750
00010 492096722
00010 495480626
00010 501213884
00010 502185444
00010 503335042
00010 504496562
00010 506590884
00010 507048302
00010 507501382
00010 513640496
00010 516435674
00010 516929664
00010 519156890
00010 519411528
00010 520900866
00010 525036472
00010 525918592
00010 540098280
00010 540341596
00010 546798736
00010 547202198
00010 550890108
00010 551327260
00010 553961598
00010 564611766
00010 567171092
00010 567454908
00010 567459972
00010 575587194
00010 587180278
00010 587764902
00010 591860256
00010 592643900
00010 594625710
00010 595926726
00010 596346764
00010 596914726
00010 597012352
00010 597529088
00010 597685956
00010 598819198
00010 600991384
00010 605235014
00010 605453678
00010 607992838
00010 612168984
00010 613230044
00010 613954672
00010 614260604
00010 614280662
00010 619498014
00010 620955122
00010 621259322
00010 621786480
00010 621842774
00010 621861426
00010 622681798
00010 632172288
00010 636105212
00010 639461326
00010 639592200
00010 648813854
00010 651697676
00010 652343532
00010 656087910
00010 656098342
00010 659880222
00010 660781332
00010 663152558
00010 663694940
00010 665144566
00010 665377058
00010 669851186
00010 671650694
00010 676530264
00010 677510986
00010 684990330
00010 685011478
00010 688547394
00010 689179066
00010 693351618
00010 693766470
00010 700437468
00010 701693652
00010 702556684
00010 711677890
00010 716461974
00010 718429942
00010 719719980
00010 722441638
00010 722986170
00010 725485542
00010 726942010
00010 727603616
00010 730864422
00010 734084896
00010 734229598
00010 735031214
00010 736290812
00010 737410716
00010 740444286
00010 747792624
00010 748083074
00010 750389006
00010 750900028
00010 753167812
00010 754793064
00010 754811214
00010 754935360
00010 757100986
00010 761067090
00010 763805368
00010 768855992
00010 769979504
00010 774432582
00010 776178012
00010 781602802
00010 782895486
00010 785924698
00010 789094596
00010 792681138
00010 798388630
00010 798832536
00010 813058524
00010 813841062
00010 817179624
00010 819448318
00010 821807620
00010 822179108
00010 823378826
00010 824322026
00010 826955034
00010 827021790
00010 829895270
00010 839948058
00010 841219056
00010 848147100
00010 850329758
00010 851488020
00010 853612910
00010 853630306
00010 861240520
00010 862685116
00010 864936614
00010 865357326
00010 867333226
00010 868549206
00010 873983156
00010 877493598
00010 882410604
00010 883846818
00010 884869368
00010 888076670
00010 890632900
00010 891193018
00010 894634120
00010 903893992
00010 907610720
00010 907802536
00010 908771184
00010 912172922
00010 914879360
00010 915058936
00010 915293798
00010 916707608
00010 920985772
00010 922653228
00010 925733980
00010 929704542
00010 930521312
00010 930633758
00010 934896098
00010 935863924
00010 939504538
00010 942220060
00010 943515216
00010 946300386
00010 947573088
00010 949413670
00010 950322706
00010 950619986
00010 950890114
00010 951186878
00010 951787024
00010 951801242
00010 951816204
00010 956874634
00010 956877728
00010 957872160
00010 958941272
00010 959151866
00010 959789988
00010 961750940
00010 962365928
00010 963233656
00010 963529270
00010 963695880
00010 964684062
00010 972845098
00010 973975830
00010 974910932
00010 979566002
00010 980499202
00010 982385594
00010 984961206
00010 986164568
00010 986680860
00010 987631366
00010 990734854
00010 996523048
00010 997236034
00010 2827112
00010 2922376
00010 5080276
00010 5854550
00010 5899618
00010 7043304
00010 7557372
00010 11626000
00010 13851792
00010 14136118
00010 14465164
00010 15419102
00010 16350054
00010 20153544
00010 20267914
00010 20928802
00010 21347124
00010 21488838
00010 23529280
00010 24425532
00010 26577172
00010 35612676
00010 38359184
00010 39685472
00010 40028974
00010 42127744
00010 42160408
00010 45125994
00010 47282348
00010 47531256
00010 47734230
00010 49748970
00010 52118718
00010 55159600
00010 57282744
00010 58525882
00010 60131336
00010 60418964
00010 60508254
00010 61631172
00010 62589614
00010 63767806
00010 67958342
00010 69776806
00010 73047352
00010 73544778
00010 73756394
00010 74244140
00010 75032204
00010 75112404
00010 78441066
00010 79665068
00010 80433508
00010 81701692
00010 83492076
00010 83868428
00010 84540264
00010 86465094
00010 87103684
00010 88099216
00010 88657882
00010 89152818
00010 89236384
00010 89890148
00010 90077488
00010 93040546
00010 93341404
00010 93717316
00010 95611414
00010 96992264
00010 97319672
00010 97672170
00010 98284354
00010 100604162
00010 100796590
00010 103714550
00010 106729978
00010 109610976
00010 113344506
00010 118222842
00010 119109138
00010 120918376
00010 121578044
00010 121647174
00010 123806736
00010 127712196
00010 129219186
00010 129316402
00010 134055688
00010 135937818
00010 142516602
00010 145799158
00010 148863922
00010 153415116
00010 155365496
00010 156394278
00010 159891124
00010 160708262
00010 162064444
00010 162637058
00010 163631060
00010 164115568
00010 166933242
00010 170781254
00010 171256924
00010 174010922
00010 174422472
00010 175464046
00010 176044870
00010 178195546
00010 178792656
00010 180114512
00010 182502840
00010 183014614
00010 185351898
00010 187105406
00010 187863148
00010 192199930
00010 197753536
00010 200460730
00010 200795962
00010 201775846
00010 206247172
00010 211732034
00010 215954392
00010 219255240
00010 222429556
00010 223090878
00010 224792350
00010 229511318
00010 232668712
00010 233009674
00010 237112154
00010 239690572
00010 242078226
00010 245433972
00010 245882594
00010 246615916
00010 246967946
00010 248229310
00010 250095478
00010 252405970
00010 253172802
00010 253303902
00010 253353128
00010 253666922
00010 254047790
00010 257922792
00010 259654886
00010 259966704
00010 261661842
00010 264188888
00010 264718242
00010 265536512
00010 266044578
00010 269384928
00010 273071576
00010 274684514
00010 278148354
00010 283404636
00010 287253722
00010 287719916
00010 290031750
00010 291397940
00010 291597096
00010 296384028
00010 296674324
00010 297040358
00010 299446484
00010 302572610
00010 308056944
00010 308431742
00010 310060354
00010 310414132
00010 313510520
00010 315761012
00010 316063614
00010 321476966
00010 323326928
00010 324307556
00010 327312642
00010 328337648
00010 329678538
00010 331391510
00010 333637248
00010 341061016
00010 345504588
00010 349563196
00010 351029378
00010 352811846
00010 352814326
00010 354593756
00010 356122644
00010 356375338
00010 360237510
00010 365800604
00010 369400476
00010 376987546
00010 378940626
00010 379211848
00010 381853376
00010 382713316
00010 382875322
00010 382915322
00010 383193864
00010 395458666
00010 399350432
00010 404580566
00010 407278310
00010 409598186
00010 409952806
00010 418688260
00010 421071830
00010 423389852
00010 426187892
00010 427842612
00010 428542392
00010 430630642
00010 431737860
00010 431856828
00010 434863420
00010 436939154
00010 438178264
00010 438762020
00010 439258506
00010 439495674
00010 443530282
00010 443692334
00010 447153874
00010 449125624
00010 451913748
00010 453738388
00010 455889618
00010 456008254
00010 458606538
00010 463848694
00010 464313072
00010 464990810
00010 466877852
00010 468395976
00010 469682680
00010 472093660
00010 472850480
00010 474259274
00010 474936566
00010 476336204
00010 481536486
00010 487097252
00010 487969788
00010 490718482
00010 495916534
00010 496327480
00010 496731326
00010 496831808
00010 497313384
00010 497341982
00010 498710214
00010 507522014
00010 509128000
00010 517017062
00010 518380960
00010 520393252
00010 527330672
00010 529150752
00010 529856722
00010 529985372
00010 532799348
00010 533414828
00010 534754464
00010 537142742
00010 539184118
00010 541340142
00010 544958624
00010 546869470
00010 547377120
00010 547432846
00010 556145718
00010 558511214
00010 561652522
00010 563635938
00010 564666018
00010 567223108
00010 571152408
00010 571957808
00010 577743598
00010 578035084
00010 580641598
00010 581475478
00010 581720070
00010 583981422
00010 585631006
00010 590143526
00010 590672784
00010 592254756
00010 593164846
00010 597790204
00010 601810948
00010 603021336
00010 608200818
00010 608791134
00010 610469918
00010 610616150
00010 611146666
00010 613813030
00010 614258866
00010 617029322
00010 618320884
00010 618837374
00010 621333542
00010 622752118
00010 622976090
00010 626013902
00010 628211506
00010 630608702
00010 636324272
00010 636354420
00010 637163868
00010 641664310
00010 645075494
00010 646484468
00010 648850464
00010 654285568
00010 654699538
00010 660766980
00010 661292310
00010 662623066
00010 662935930
00010 664937108
00010 666726496
00010 667264276
00010 667653340
00010 668772592
00010 669306984
00010 669758386
00010 671500660
00010 674314176
00010 674470306
00010 674719868
00010 674904116
00010 674958228
00010 680248280
00010 684871454
00010 686213122
00010 686228786
00010 686229942
00010 686732356
00010 686985036
00010 689556236
00010 689799936
00010 691156090
00010 691878824
00010 693573940
00010 698963466
00010 699371950
00010 700087786
00010 702520174
00010 703532300
00010 703626084
00010 705843494
00010 711880074
00010 713040426
00010 713453220
00010 717001660
00010 717170328
00010 718512742
00010 721130674
00010 723201096
00010 726078216
00010 727450782
00010 727619022
00010 727866314
00010 729615846
00010 730133966
00010 730775706
00010 736681642
00010 736728016
00010 737596630
00010 738131678
00010 739167202
00010 742681926
00010 742930744
00010 743256360
00010 744378378
00010 745139258
00010 745209872
00010 746924744
00010 749169046
00010 751264794
00010 751593570
00010 756285738
00010 756374610
00010 756849436
00010 758242358
00010 760913466
00010 761109970
00010 761511942
00010 761871168
00010 765854284
00010 765893972
00010 769171536
00010 771875596
00010 772369726
00010 773841992
00010 773928910
00010 778106092
00010 779011636
00010 780597168
00010 781079336
00010 781566274
00010 789031966
00010 793024314
00010 793436334
00010 795443772
00010 795574094
00010 799831806
00010 800554912
00010 801087240
00010 803712814
00010 805886644
00010 808764068
00010 809030998
00010 809553750
00010 809589570
00010 809657624
00010 812936658
00010 815297260
00010 816243400
00010 819317216
00010 823688300
00010 823797614
00010 826330618
00010 826752252
00010 826991524
00010 827404892
00010 828495092
00010 841363210
00010 844017492
00010 844669880
00010 845279476
00010 846929908
00010 847451500
00010 852788802
00010 852816658
00010 856125720
00010 857294080
00010 860081738
00010 860972786
00010 864798446
00010 866525244
00010 873142838
00010 874777264
00010 875059038
00010 875426254
00010 876182282
00010 876876188
00010 879574534
00010 882696206
00010 883131880
00010 883329444
00010 883553668
00010 885057434
00010 885460794
00010 886280372
00010 888316278
00010 889697996
00010 890079578
00010 892138970
00010 894038726
00010 894405338
00010 894879144
00010 897891136
00010 898334806
00010 898510618
00010 900676198
00010 900907596
00010 901293186
00010 906398152
00010 908024874
00010 916030508
00010 916034080
00010 920554544
00010 923648288
00010 924262268
00010 925676284
00010 926958662
00010 929835222
00010 933590450
00010 936868188
00010 937902296
00010 944199030
00010 946624170
00010 950228570
00010 951117388
00010 951120536
00010 951901342
00010 952486470
00010 954736352
00010 959920200
00010 960385796
00010 962278604
00010 962393270
00010 967067992
00010 969768282
00010 976528866
00010 978014784
00010 978715316
00010 979352764
00010 981041196
00010 990275862
00010 995127034
00010 995221444
00010 995274470
00010 997918364
00010 998956534
00010 1939506
00010 2005000
00010 2328966
00010 3275524
00010 4682674
00010 6515720
00010 10580116
00010 13590630
00010 13983180
00010 27585774
00010 42517140
00010 45072250
00010 46234986
00010 46974948
00010 47224780
00010 48661218
00010 52786458
00010 53203136
00010 54558784
00010 55154308
00010 57061594
00010 57567774
00010 58717760
00010 58746838
00010 60933306
00010 61289262
00010 65025042
00010 66392832
00010 71245436
00010 72234548
00010 75483810
00010 75917550
00010 78298158
00010 82484130
00010 83623332
00010 85444506
00010 85777522
00010 86552438
00010 88126796
00010 91549082
00010 93540124
00010 94519776
00010 99415150
00010 99784878
00010 100506142
00010 101714412
00010 104047836
00010 105159518
00010 106528908
00010 107447764
00010 112914038
00010 118005376
00010 118233666
00010 121810982
00010 123361574
00010 124014618
00010 128921260
00010 131193276
00010 132655004
00010 134352972
00010 135367974
00010 139296090
00010 140539840
00010 140557962
00010 141344036
00010 144406404
00010 146206820
00010 146428794
00010 149471038
00010 149914636
00010 150868780
00010 152325006
00010 152874740
00010 152933676
00010 152936726
00010 165760472
00010 168053490
00010 168062884
00010 171044880
00010 171761610
00010 176234830
00010 178448908
00010 178856222
00010 179125510
00010 181437500
00010 181499440
00010 181789762
00010 182091270
00010 184355326
00010 186931212
00010 190907086
00010 192248682
00010 201973212
00010 203911462
00010 210685224
00010 211280146
00010 213515596
00010 216665454
00010 219481614
00010 221562590
00010 223573702
00010 226117106
00010 226726720
00010 226824254
00010 228131502
00010 232400972
00010 234242240
00010 234258476
00010 235178442
00010 242130000
00010 248136090
00010 248552330
00010 250062306
00010 250785244
00010 254097520
00010 254194780
00010 259360816
00010 262593234
00010 268039382
00010 268545514
00010 269707256
00010 271839716
00010 285630684
00010 286648880
00010 287803022
00010 290359244
00010 291369396
00010 291544592
00010 293675758
00010 293848252
00010 295697528
00010 296147460
00010 299303476
00010 299876092
00010 302306058
00010 302409380
00010 302694748
00010 306036718
00010 308354118
00010 308431774
00010 314684744
00010 319851662
00010 320944354
00010 323005356
00010 323635322
00010 326989612
00010 328091670
00010 332402420
00010 333179610
00010 334157478
00010 337538522
00010 337677460
00010 338204080
00010 339160898
00010 340569552
00010 340851958
00010 341568546
00010 345885350
00010 346044128
00010 346583150
00010 350134394
00010 350397248
00010 351149100
00010 353272378
00010 355348098
00010 355604712
00010 357507564
00010 358306546
00010 362225382
00010 362526008
00010 362889136
00010 363531876
00010 367969862
00010 368195266
00010 369402002
00010 370199334
00010 371150180
00010 372164604
00010 376873676
00010 379525604
00010 379710898
00010 381693570
00010 384028110
00010 385258820
00010 385612252
00010 386261792
00010 387630490
00010 388307912
00010 388329748
00010 391194026
00010 391990620
00010 394051168
00010 395288320
00010 395602754
00010 395735486
00010 396696228
00010 396726838
00010 397566498
00010 402186078
00010 402188052
00010 402193558
00010 403673430
00010 405534924
00010 405970070
00010 406461178
00010 407028488
00010 411134306
00010 411570814
00010 415385260
00010 415871816
00010 418119806
00010 420630892
00010 421850746
00010 424776434
00010 427624682
00010 430546746
00010 434217266
00010 439220312
00010 440046724
00010 442899100
00010 444410992
00010 445517288
00010 449692762
00010 453287766
00010 454705896
00010 455675560
00010 457479308
00010 463781760
00010 467602330
00010 468718698
00010 477278924
00010 480210828
00010 481390436
00010 485550508
00010 485698800
00010 486126092
00010 487228452
00010 489210304
00010 489225764
00010 490759698
00010 492093584
00010 494343746
00010 494776816
00010 496973198
00010 496975642
00010 497595756
00010 498182312
00010 500579068
00010 504757934
00010 509418964
00010 511344732
00010 511972230
00010 512046256
00010 512258774
00010 515923142
00010 516055900
00010 519893232
00010 519895134
00010 523082554
00010 525595704
00010 525666914
00010 528802712
00010 528957702
00010 534945536
00010 538757228
00010 539635256
00010 541862586
00010 547485406
00010 550874652
00010 552165990
00010 557912228
00010 560070654
00010 563784240
00010 566889682
00010 567668130
00010 567712002
00010 572149342
00010 572571344
00010 572848242
00010 573164292
00010 573847494
00010 576589774
00010 577622778
00010 579915944
00010 589623516
00010 590334620
00010 590699944
00010 592492590
00010 594331980
00010 595248440
00010 597658474
00010 597779228
00010 599704932
00010 600292332
00010 600474116
00010 600991472
00010 601837618
00010 603247262
00010 603443284
00010 603928042
00010 605801528
00010 605980516
00010 606009342
00010 606318730
00010 606428538
00010 607040072
00010 608029794
00010 614473108
00010 615179282
00010 620546994
00010 623772536
00010 627308296
00010 627573354
00010 629911808
00010 631275970
00010 636139890
00010 639857568
00010 640108266
00010 642416902
00010 646809004
00010 647249370
00010 649307756
00010 649315878
00010 650532626
00010 652816642
00010 657613344
00010 658048386
00010 658226074
00010 658731614
00010 659166556
00010 661372480
00010 662428656
00010 662676888
00010 664093498
00010 664878954
00010 669026248
00010 670940288
00010 672927012
00010 673015522
00010 675408422
00010 677596852
00010 678232828
00010 683216622
00010 689338774
00010 690070974
00010 695053454
00010 695089156
00010 697578442
00010 699555342
00010 700507566
00010 701810938
00010 701864990
00010 703291340
00010 703507580
00010 704007656
00010 706257724
00010 706755430
00010 707517330
00010 707751838
00010 710972588
00010 712439156
00010 715941554
00010 716285346
00010 717102232
00010 719211240
00010 720839946
00010 722413942
00010 727028328
00010 729617122
00010 731478980
00010 741253348
00010 741269464
00010 744772534
00010 744852788
00010 746857964
00010 746993550
00010 750984048
00010 751018924
00010 752368270
00010 753087568
00010 754821838
00010 755832438
00010 761292520
00010 761727928
00010 762401850
00010 762633528
00010 767267726
00010 767826816
00010 768379230
00010 775042062
00010 775060268
00010 775804914
00010 777820594
00010 781208950
00010 781514324
00010 783604562
00010 783760508
00010 783990812
00010 784427156
00010 785724944
00010 787780336
00010 789706044
00010 793462986
00010 794284032
00010 797743782
00010 798126882
00010 798715644
00010 800647616
00010 803022794
00010 808603658
00010 809192842
00010 813963512
00010 815352996
00010 815358702
00010 821981198
00010 823656074
00010 824001266
00010 824447676
00010 825677630
00010 826436596
00010 826600712
00010 829375720
00010 831860818
00010 834315704
00010 836821294
00010 838813646
00010 843631712
00010 844966160
00010 845190990
00010 845242202
00010 845298460
00010 847445688
00010 848181480
00010 854866122
00010 854964410
00010 865131022
00010 866462806
00010 868585438
00010 874950102
00010 875189562
00010 875328040
00010 875390398
00010 877184290
00010 881395996
00010 881412490
00010 882829238
00010 883974070
00010 884438156
00010 885041070
00010 885262142
00010 887200644
00010 887232772
00010 887840048
00010 898485928
00010 899403664
00010 899424228
00010 900119592
00010 902065742
00010 907404886
00010 908876302
00010 911044648
00010 914973270
00010 917071178
00010 920071346
00010 920188938
00010 922197438
00010 925609380
00010 926669032
00010 927151474
00010 927156728
00010 927952026
00010 928689982
00010 933128218
00010 933334240
00010 933825686
00010 933934936
00010 935445576
00010 935880710
00010 938745434
00010 941076210
00010 947502442
00010 947819280
00010 958899166
00010 962246170
00010 965829352
00010 966716994
00010 966846134
00010 968334842
00010 968965462
00010 969866672
00010 973509338
00010 974597650
00010 981185298
00010 981939568
00010 983531618
00010 988594036
00010 990348706
00010 994260242
00010 995709740
00010 998081492
00010 934602
00010 2746504
00010 4116930
00010 11327726
00010 15913678
00010 18125184
00010 19627960
00010 19963384
00010 20123986
00010 23034138
00010 28041900
00010 32793424
00010 34807426
00010 35360662
00010 36149794
00010 36252266
00010 37378680
00010 37851018
00010 40912518
00010 40991454
00010 43110508
00010 45031116
00010 45607418
00010 47305890
00010 48608890
00010 49021388
00010 54054980
00010 54289248
00010 57171808
00010 57807206
00010 62244926
00010 63102482
00010 76140946
00010 77131740
00010 77942836
00010 78484464
00010 84543028
00010 86534912
00010 86536512
00010 87267718
00010 90245732
00010 91321362
00010 94725450
00010 95354970
00010 97341286
00010 98938520
00010 102834082
00010 108469142
00010 108823922
00010 112109002
00010 114367594
00010 114722686
00010 116789858
00010 119924440
00010 120530756
00010 123648444
00010 126131304
00010 127460758
00010 127471040
00010 128587518
00010 132860674
00010 135403752
00010 136993358
00010 137759566
00010 140210446
00010 140212498
00010 141330466
00010 141743922
00010 142971846
00010 144169398
00010 151359380
00010 151692884
00010 153197086
00010 153683780
00010 154533156
00010 158027994
00010 160032610
00010 162150070
00010 163566806
00010 163651416
00010 164469874
00010 166793310
00010 167144662
00010 168125436
00010 168245522
00010 169395726
00010 170523164
00010 173486218
00010 174796868
00010 175828024
00010 178114342
00010 179449258
00010 181729000
00010 183171384
00010 183614416
00010 183959468
00010 188053364
00010 188141232
00010 192793128
00010 193804896
00010 193807942
00010 194999798
00010 195735854
00010 198892010
00010 199651850
00010 201130650
00010 204910278
00010 209813936
00010 210240424
00010 211673460
00010 212038340
00010 212153334
00010 212980404
00010 213939460
00010 213980220
00010 214823840
00010 216910106
00010 220197018
00010 220709426
00010 222976252
00010 223365778
00010 225809778
00010 226631972
00010 226848184
00010 227903540
00010 228132902
00010 229123018
00010 230350196
00010 230462460
00010 230466420
00010 233905964
00010 233922900
00010 237312520
00010 237448584
00010 237466178
00010 244041440
00010 247140578
00010 247557868
00010 249534262
00010 253472130
00010 255091936
00010 255983064
00010 256718866
00010 261301648
00010 266646624
00010 270371218
00010 270426728
00010 271286164
00010 271373722
00010 276456910
00010 276843108
00010 278048946
00010 279063388
00010 283337706
00010 286864432
00010 287048602
00010 288130630
00010 288204728
00010 291393050
00010 293646692
00010 302457800
00010 302588820
00010 304072494
00010 305329728
00010 305337214
00010 306585134
00010 308639580
00010 311833152
00010 313035004
00010 314947292
00010 317815766
00010 319099812
00010 323511854
00010 327592624
00010 331600182
00010 331887318
00010 332868948
00010 334843886
00010 337125104
00010 337225336
00010 342021454
00010 344171292
00010 348128218
00010 348572302
00010 353419884
00010 354677048
00010 355573758
00010 358418620
00010 362332958
00010 367015880
00010 368381156
00010 369546906
00010 369961624
00010 372385864
00010 374943488
00010 376415114
00010 377805056
00010 377841756
00010 381015690
00010 381156578
00010 381345922
00010 381478230
00010 381731014
00010 381780078
00010 381909496
00010 384707396
00010 386158814
00010 386790498
00010 388042572
00010 389937842
00010 390116596
00010 391219666
00010 394381604
00010 396230266
00010 396451606
00010 397579150
00010 398548878
00010 398605622
00010 399144076
00010 400335966
00010 406261646
00010 408618980
00010 411296730
00010 412057690
00010 415026226
00010 418090316
00010 418133922
00010 418443550
00010 419941716
00010 420193200
00010 423017422
00010 426103212
00010 427518334
00010 429003592
00010 429176386
00010 436798454
00010 437504670
00010 441166358
00010 442346636
00010 445235020
00010 445563126
00010 449685392
00010 450905338
00010 453159198
00010 453900398
00010 456823838
00010 457603334
00010 458280296
00010 461687940
00010 462482734
00010 463426604
00010 466413996
00010 468803316
00010 468829316
00010 469685686
00010 472898888
00010 473033144
00010 476505150
00010 476866738
00010 477733938
00010 483765686
00010 484859604
00010 484971930
00010 488676640
00010 489249354
00010 490742298
00010 494097428
00010 494301142
00010 495972234
00010 497755900
00010 503878570
00010 504421406
00010 505223610
00010 505274978
00010 506933358
00010 515544620
00010 517162496
00010 517630418
00010 523430118
00010 524428108
00010 525370412
00010 530399176
00010 531471672
00010 531474476
00010 532664428
00010 533280782
00010 538613204
00010 538928684
00010 539912096
00010 553909038
00010 557148982
00010 557227782
00010 561945850
00010 562134456
00010 562858588
00010 564598778
00010 565791122
00010 566062658
00010 572297976
00010 572445864
00010 572572394
00010 573539404
00010 580125848
00010 582357620
00010 582707670
00010 583523210
00010 583810252
00010 584890914
00010 587169492
00010 588479830
00010 589194446
00010 591291176
00010 596646066
00010 597351270
00010 605552508
00010 609088900
00010 610630340
00010 611151112
00010 613455034
00010 614747128
00010 614924678
00010 618139568
00010 622946524
00010 625768458
00010 626228676
00010 627859108
00010 630142084
00010 630698448
00010 635318512
00010 640254192
00010 640577178
00010 641184914
00010 641363004
00010 645464138
00010 645884084
00010 645971198
00010 653065620
00010 654882012
00010 655324360
00010 657373670
00010 662843630
00010 665069794
00010 667888046
00010 674511516
00010 675158300
00010 675672634
00010 679649646
00010 680652210
00010 684726700
00010 686117160
00010 690629504
00010 691794528
00010 695236304
00010 695710356
00010 696414834
00010 700907262
00010 701284080
00010 703952426
00010 704612364
00010 707134802
00010 707924270
00010 709980386
00010 711023034
00010 711034274
00010 711707140
00010 712053728
00010 713336390
00010 715613084
00010 715696262
00010 718826352
00010 721391482
00010 721818352
00010 723841456
00010 724746566
00010 727693140
00010 728971082
00010 732360946
00010 732514326
00010 741111878
00010 745404954
00010 752779706
00010 754156626
00010 754206818
00010 759565338
00010 759568254
00010 759588572
00010 759614596
00010 764795508
00010 768816090
00010 769288076
00010 772065108
00010 775726454
00010 776629720
00010 782022946
00010 783371398
00010 783476128
00010 784845124
00010 785554712
00010 786298318
00010 791916460
00010 792931928
00010 795991624
00010 797020834
00010 798833772
00010 798837032
00010 800487522
00010 802374602
00010 802756728
00010 803426014
00010 804780274
00010 806341568
00010 808587316
00010 809926322
00010 811426046
00010 814110310
00010 815539048
00010 817281692
00010 817991858
00010 817994938
00010 819576062
00010 829837968
00010 832475682
00010 833789802
00010 836496518
00010 836877620
00010 837174232
00010 840115850
00010 841181036
00010 844303108
00010 844315198
00010 845236998
00010 848077738
00010 853811478
00010 857868728
00010 859361046
00010 860183836
00010 860525184
00010 861131836
00010 863730758
00010 864203190
00010 868098518
00010 868187026
00010 868787442
00010 872013732
00010 872647060
00010 873201368
00010 874834342
00010 875025592
00010 875991284
00010 876521214
00010 876953840
00010 878294150
00010 880353504
00010 881561340
00010 882115900
00010 886413736
00010 890460978
00010 891305068
00010 891374476
00010 895274250
00010 897651766
00010 899587864
00010 899641988
00010 902940496
00010 904397964
00010 907255208
00010 907833872
00010 909487316
00010 910858138
00010 912076102
00010 915983308
00010 919719900
00010 921688954
00010 924375234
00010 925742370
00010 928417772
00010 929091224
00010 931445214
00010 932405168
00010 934096750
00010 936469758
00010 936956630
00010 937122344
00010 937411680
00010 941792588
00010 942957092
00010 951199144
00010 951291762
00010 956708116
00010 957039922
00010 960053028
00010 961517776
00010 963166824
00010 963465296
00010 968447268
00010 971122340
00010 972377460
00010 972404806
00010 972447992
00010 975161624
00010 975722496
00010 976227282
00010 976817734
00010 977129006
00010 978274930
00010 978563958
00010 978950670
00010 979880002
00010 982870358
00010 983559072
00010 984503770
00010 984896064
00010 985198494
00010 985266634
00010 986033010
00010 988159770
00010 988256142
00010 989027632
00010 990955452
00010 994229858
00010 996147452
00010 997547438
00010 998704438
00010 999751902
00010 999982496
00010 2308294
00010 5160846
00010 5528464
00010 5594048
00010 6937746
00010 14499450
00010 15281414
00010 15398848
00010 16458884
00010 20020872
00010 22688436
00010 23920154
00010 24640166
00010 32066372
00010 37007134
00010 38573580
00010 43815692
00010 45458778
00010 46386502
00010 50688354
00010 51041556
00010 55059010
00010 56605140
00010 59172122
00010 60765048
00010 61424942
00010 64997416
00010 65320296
00010 65378594
00010 70635754
00010 73534630
00010 73786884
00010 75013944
00010 81460166
00010 81714878
00010 84192194
00010 88800268
00010 89861992
00010 90846550
00010 91153600
00010 91650764
00010 94483634
00010 96682462
00010 98821208
00010 100554332
00010 102619162
00010 104548864
00010 105796326
00010 106486882
00010 110505752
00010 113367268
00010 114023720
00010 114479452
00010 116193404
00010 116225334
00010 116387954
00010 117056388
00010 118186372
00010 118758376
00010 120205662
00010 123473792
00010 123627162
00010 123909776
00010 123980254
00010 124140302
00010 128792688
00010 129825632
00010 130570428
00010 131269538
00010 131380842
00010 133770162
00010 136739246
00010 142481202
00010 143282770
00010 144385714
00010 147225522
00010 150393476
00010 157323502
00010 159016784
00010 159640174
00010 160003774
00010 160321324
00010 164413934
00010 164587074
00010 164626922
00010 168853772
00010 171922698
00010 175943924
00010 184409104
00010 184413200
00010 186118988
00010 186712644
00010 188246786
00010 188361154
00010 190890746
00010 197802398
00010 200130572
00010 200500474
00010 200636304
00010 204822832
00010 205152042
00010 210094018
00010 211484790
00010 212584686
00010 216607428
00010 219431834
00010 220057408
00010 220407856
00010 220720342
00010 224601438
00010 224688884
00010 232910032
00010 233996326
00010 236387206
00010 236906962
00010 237234480
00010 237285700
00010 237833276
00010 239373174
00010 240017234
00010 243391718
00010 245156802
00010 245723410
00010 245972538
00010 246669028
00010 249528656
00010 250913320
00010 251336924
00010 253783550
00010 255549820
00010 258455120
00010 258512146
00010 258842722
00010 264615066
00010 275731558
00010 280174006
00010 280199368
00010 280481366
00010 280733556
00010 280841452
00010 286299006
00010 287928230
00010 290542160
00010 292882432
00010 293460636
00010 294170582
00010 296179106
00010 301210304
00010 301865004
00010 307742284
00010 308048184
00010 314876524
00010 315818448
00010 318459380
00010 325620392
00010 327917508
00010 330720934
00010 332343012
00010 333595670
00010 334822358
00010 335345316
00010 335530128
00010 337283800
00010 338861348
00010 338963508
00010 341852046
00010 348767966
00010 349214042
00010 350057286
00010 351589894
00010 352396074
00010 352785176
00010 352935670
00010 357287760
00010 359983266
00010 361874898
00010 362646442
00010 363469748
00010 367459072
00010 377151918
00010 377153418
00010 377478096
00010 378018604
00010 380598666
00010 386027262
00010 387198036
00010 388435376
00010 393287420
00010 393301128
00010 394411402
00010 395881846
00010 395908544
00010 396529694
00010 397849476
00010 399657510
00010 401026532
00010 401091862
00010 401128080
00010 402652462
00010 405949114
00010 406167484
00010 414584172
00010 416603428
00010 416952046
00010 425470878
00010 434385386
00010 435953236
00010 437126160
00010 437514774
00010 442133240
00010 443291762
00010 445664688
00010 451099066
00010 452897666
00010 453196894
00010 454714794
00010 456194436
00010 457203112
00010 460463422
00010 460772652
00010 461873588
00010 462122782
00010 468837490
00010 469687048
00010 474093750
00010 476160088
00010 481634306
00010 481647524
00010 482144452
00010 482907974
00010 483004980
00010 483563238
00010 483816556
00010 487844448
00010 488425046
00010 489864898
00010 493248718
00010 493343850
00010 504507682
00010 506236040
00010 506465356
00010 508097882
00010 510091836
00010 510584802
00010 512979330
00010 514360820
00010 516633374
00010 517714440
00010 518380396
00010 518795174
00010 523884096
00010 527064608
00010 527228232
00010 528036262
00010 529006458
00010 529555574
00010 530629568
00010 534125492
00010 535292234
00010 535877110
00010 536745178
00010 536778340
00010 537684050
00010 538385842
00010 540555662
00010 541667542
00010 544853452
00010 545354998
00010 546472330
00010 548622884
00010 553411962
00010 559189830
00010 561579086
00010 564342388
00010 567002748
00010 569873524
00010 572738524
00010 572742870
00010 578014356
00010 578420858
00010 582606226
00010 582884594
00010 583393248
00010 590920392
00010 591956984
00010 596698504
00010 597239804
00010 598517636
00010 608031240
00010 612272282
00010 613295040
00010 614510366
00010 615844890
00010 617097326
00010 617121718
00010 618289966
00010 618865902
00010 620193820
00010 623845710
00010 624328142
00010 625192072
00010 625487356
00010 626823352
00010 627257004
00010 627854910
00010 635638244
00010 640035722
00010 640343110
00010 644931922
00010 647442018
00010 652613768
00010 653217558
00010 654379454
00010 656333270
00010 660094938
00010 663948422
00010 667154718
00010 667931784
00010 668581532
00010 670130590
00010 674581990
00010 674644782
00010 675326276
00010 676044282
00010 677214878
00010 677266038
00010 679222376
00010 680140256
00010 684662130
00010 688338432
00010 691875890
00010 693605866
00010 693648086
00010 693686674
00010 695341968
00010 695387474
00010 696660014
00010 699478288
00010 701294086
00010 704098442
00010 705400914
00010 707521234
00010 709452412
00010 712148950
00010 712698888
00010 713189850
00010 715168548
00010 717030286
00010 718242190
00010 720356088
00010 721868356
00010 723233392
00010 725547588
00010 726760618
00010 735349880
00010 738015306
00010 751651718
00010 752427890
00010 754626440
00010 755296778
00010 755745770
00010 756711052
00010 758831538
00010 759915150
00010 768606240
00010 771555436
00010 773005660
00010 773993302
00010 775100752
00010 776737048
00010 776777140
00010 780026048
00010 780360250
00010 786308516
00010 787493152
00010 789430376
00010 791505182
00010 792503068
00010 794987542
00010 795002098
00010 795399218
00010 795913218
00010 796136500
00010 799250326
00010 800692262
00010 803162416
00010 805783016
00010 806771582
00010 808405714
00010 809712266
00010 816097676
00010 816851092
00010 818817402
00010 823228992
00010 825501318
00010 825991834
00010 826204058
00010 831217478
00010 831441250
00010 834231278
00010 834234566
00010 835959196
00010 838735106
00010 841875526
00010 842312000
00010 842771356
00010 844421960
00010 844825742
00010 849259576
00010 849262860
00010 851509390
00010 857866776
00010 863929662
00010 869251876
00010 871828520
00010 872545960
00010 875571436
00010 876583464
00010 876741490
00010 878168312
00010 878756252
00010 883035370
00010 883690688
00010 885350042
00010 886263862
00010 891871172
00010 896366952
00010 896850206
00010 899600952
00010 900388552
00010 901500742
00010 903346276
00010 904158292
00010 915281918
00010 916882726
00010 917472904
00010 919383790
00010 919587138
00010 921985228
00010 922661408
00010 924722784
00010 927922032
00010 929653200
00010 929834718
00010 930585204
00010 930902228
00010 934817710
00010 935272440
00010 937083386
00010 939968882
00010 942265312
00010 943074466
00010 946763772
00010 946934468
00010 949694808
00010 953840770
00010 957387470
00010 964284796
00010 965338472
00010 965435036
00010 965822614
00010 966345242
00010 966911290
00010 967119686
00010 969465332
00010 971330968
00010 974432302
00010 979558090
00010 988356282
00010 991135710
00010 993908176
00010 999080908
00010 853510
00010 2637056
00010 4286850
00010 4541366
00010 7615858
00010 8224494
00010 9591212
00010 11068390
00010 15890800
00010 15968738
00010 18466652
00010 18713080
00010 23316096
00010 26040756
00010 26088902
00010 31597176
00010 32859260
00010 34498556
00010 34677112
00010 35087684
00010 36123192
00010 37434242
00010 43117508
00010 43190832
00010 45572818
00010 46175864
00010 49770812
00010 50175030
00010 51423594
00010 53447582
00010 55218192
00010 55537798
00010 60796184
00010 60896710
00010 63580218
00010 63583656
00010 64995838
00010 65247666
00010 68804284
00010 69979326
00010 71851010
00010 74158282
00010 79657112
00010 80697288
00010 81938410
00010 82228638
00010 83809128
00010 84912992
00010 90797312
00010 92279518
00010 95044768
00010 97789112
00010 99370642
00010 99999776
00010 102103876
00010 102393384
00010 108293616
00010 108899400
00010 109158368
00010 113118832
00010 113729988
00010 114373350
00010 115811756
00010 117387300
00010 121100398
00010 123534168
00010 124607270
00010 125565550
00010 127800088
00010 129960364
00010 130703100
00010 130715916
00010 134102028
00010 134674862
00010 135737298
00010 136125010
00010 139083266
00010 139505122
00010 139915796
00010 141722522
00010 141729268
00010 141954612
00010 142562248
00010 143071420
00010 143436674
00010 143559842
00010 144886360
00010 145387260
00010 149146722
00010 150412672
00010 151498776
00010 152013968
00010 153552040
00010 154112560
00010 156090514
00010 158412540
00010 160321770
00010 162445694
00010 162622310
00010 162858618
00010 164874872
00010 165230880
00010 169556428
00010 171577298
00010 176298500
00010 177919394
00010 183385020
00010 186483524
00010 188224024
00010 191052762
00010 191175318
00010 195510138
00010 196397378
00010 196657844
00010 196802934
00010 199886294
00010 200444432
00010 202125442
00010 204954730
00010 206571180
00010 207597732
00010 210176148
00010 210844786
00010 211655836
00010 215671376
00010 217749242
00010 218192084
00010 219804290
00010 221328896
00010 221544742
00010 224151266
00010 233902464
00010 234279550
00010 236354976
00010 237113272
00010 238269932
00010 241521138
00010 241679218
00010 244527144
00010 247162086
00010 249330408
00010 251185062
00010 253180452
00010 254648252
00010 256580416
00010 261481950
00010 262758858
00010 267026768
00010 268092580
00010 270616218
00010 276274994
00010 276752860
00010 279285922
00010 279519544
00010 280109106
00010 280362898
00010 281096768
00010 286223772
00010 286543224
00010 286763706
00010 289681686
00010 291887620
00010 292408386
00010 293480492
00010 294710380
00010 295433472
00010 296957972
00010 299821648
00010 302182120
00010 302654148
00010 303837016
00010 303886750
00010 310821102
00010 313226648
00010 314089246
00010 319735200
00010 322200390
00010 326576826
00010 330354436
00010 330669654
00010 331956392
00010 335181952
00010 336416962
00010 336612722
00010 340960010
00010 347214432
00010 347831944
00010 349046554
00010 351007486
00010 353057570
00010 353201910
00010 356462252
00010 358173618
00010 359794000
00010 362596828
00010 362813046
00010 365767794
00010 365807282
00010 370035446
00010 373407638
00010 373853504
00010 379501914
00010 381966678
00010 382263982
00010 383278598
00010 386806552
00010 387282292
00010 388303654
00010 389273132
00010 389632368
00010 391113306
00010 398036594
00010 398328324
00010 400234104
00010 400567316
00010 401068874
00010 402380850
00010 404418386
00010 405901126
00010 408200420
00010 411924860
00010 413463342
00010 414911814
00010 415739340
00010 417825002
00010 421671866
00010 422809674
00010 425634310
00010 426854378
00010 429349986
00010 432165896
00010 438467328
00010 444519830
00010 448370546
00010 448836824
00010 453376662
00010 460296218
00010 460417146
00010 461960866
00010 463034800
00010 467689490
00010 468534744
00010 469617742
00010 470683702
00010 471735526
00010 472336692
00010 480413340
00010 483004302
00010 484000940
00010 485075998
00010 489456262
00010 490011160
00010 490807416
00010 492354518
00010 492552346
00010 493354040
00010 493637882
00010 494286910
00010 502925530
00010 506786954
00010 510209526
00010 511493218
00010 513119230
00010 513232098
00010 515913642
00010 517131582
00010 518465506
00010 518494560
00010 519741962
00010 523361002
00010 525710648
00010 526266474
00010 526690924
00010 528487420
00010 532775166
00010 534619362
00010 535890302
00010 536879168
00010 536993748
00010 537016276
00010 537403854
00010 537538294
00010 538359550
00010 541358166
00010 543448658
00010 544649902
00010 545140724
00010 548984798
00010 549621880
00010 555064624
00010 555344080
00010 567338558
00010 572522336
00010 572805906
00010 576384226
00010 576832896
00010 577040068
00010 579533930
00010 581000708
00010 581153874
00010 581425770
00010 582009242
00010 587017000
00010 588602728
00010 592082658
00010 595284452
00010 597678354
00010 598666098
00010 600045804
00010 602063746
00010 605206452
00010 605640790
00010 607180064
00010 609526018
00010 611685594
00010 613212394
00010 615686732
00010 616838592
00010 620326388
00010 623052640
00010 625140786
00010 625887838
00010 630984700
00010 631515272
00010 633174882
00010 640624190
00010 641720444
00010 645169076
00010 646068276
00010 646384146
00010 648826940
00010 650026506
00010 651027960
00010 651295028
00010 652753196
00010 652924592
00010 653857054
00010 662307356
00010 668275566
00010 668593454
00010 669884540
00010 675788768
00010 676586720
00010 678649256
00010 686827912
00010 686917682
00010 687278050
00010 688289696
00010 690668782
00010 693122266
00010 696485760
00010 697011290
00010 697095654
00010 697662058
00010 698984234
00010 699144748
00010 699611016
00010 700418580
00010 702633060
00010 702634348
00010 704235266
00010 707833584
00010 709252732
00010 710092096
00010 711999382
00010 712059828
00010 713748426
00010 715552758
00010 716064770
00010 716970982
00010 717205766
00010 723349214
00010 724800450
00010 726248584
00010 730914510
00010 733439834
00010 734952000
00010 735484276
00010 738157898
00010 738547110
00010 742175790
00010 742895028
00010 742983904
00010 743130064
00010 744257348
00010 745780630
00010 756020556
00010 756701598
00010 767547868
00010 767783394
00010 768694006
00010 770206092
00010 770457652
00010 771665742
00010 774950458
00010 776964250
00010 777870280
00010 781012748
00010 787377924
00010 787842070
00010 788031350
00010 789635784
00010 794019824
00010 796247108
00010 797785980
00010 798544166
00010 798930434
00010 799288016
00010 808193868
00010 810961810
00010 812839770
00010 813448712
00010 816746402
00010 817960638
00010 818594964
00010 818821806
00010 821668464
00010 821752494
00010 824044764
00010 825358694
00010 826191904
00010 827188038
00010 831182804
00010 831517656
00010 832061264
00010 839318322
00010 839356940
00010 839920844
00010 840942488
00010 841835096
00010 842165370
00010 842874874
00010 842921488
00010 843890890
00010 844180912
00010 845269952
00010 845826030
00010 849051928
00010 850019596
00010 851263314
00010 854038336
00010 855907464
00010 858331330
00010 860596474
00010 861035602
00010 862954904
00010 864418494
00010 867038120
00010 867837940
00010 869539584
00010 870848376
00010 876202536
00010 878345864
00010 881852748
00010 884525540
00010 886072000
00010 894279514
00010 894404110
00010 894405412
00010 896458162
00010 896697830
00010 897834000
00010 898059432
00010 902677824
00010 903547540
00010 905152086
00010 906171200
00010 906324630
00010 907778590
00010 908531718
00010 911737038
00010 912753012
00010 913390550
00010 916474340
00010 918309054
00010 918858540
00010 926901972
00010 927154662
00010 927208578
00010 927914194
00010 928758694
00010 931376226
00010 938583898
00010 939882694
00010 942807416
00010 946330776
00010 948342970
00010 953591070
00010 953721402
00010 953839648
00010 957076550
00010 957117368
00010 961385750
00010 962032096
00010 962281992
00010 970343274
00010 971791532
00010 973961930
00010 974705654
00010 974837316
00010 982821626
00010 986024680
00010 987441888
00010 989324308
00010 991415024
00010 996170714
00010 998153286
00010 5536676
00010 5990980
00010 12108330
00010 12790294
00010 14174452
00010 15795454
00010 18739578
00010 22864174
00010 26382496
00010 26427080
00010 27501318
00010 29202532
00010 29259724
00010 32211734
00010 35024764
00010 38129498
00010 40224052
00010 40820020
00010 44139280
00010 47065528
00010 47990160
00010 49838984
00010 50066368
00010 50793558
00010 51557884
00010 53659554
00010 55943132
00010 58863456
00010 62392674
00010 70860586
00010 71095140
00010 71137294
00010 71471078
00010 73043750
00010 76138802
00010 77669916
00010 77845176
00010 79904782
00010 84448968
00010 86850470
00010 87496642
00010 88302388
00010 99249704
00010 99519824
00010 101335834
00010 104009252
00010 104650052
00010 105427524
00010 107229116
00010 108281734
00010 110271826
00010 115605228
00010 116918048
00010 120551218
00010 120623148
00010 120934582
00010 125263108
00010 125488020
00010 127445724
00010 127526878
00010 128609304
00010 129385234
00010 133594516
00010 134068238
00010 134331472
00010 135849722
00010 137798940
00010 139835284
00010 140020434
00010 140569430
00010 141092776
00010 142082012
00010 142634408
00010 143436266
00010 143675746
00010 146226826
00010 149153698
00010 150596562
00010 152621284
00010 154730098
00010 155679806
00010 159077562
00010 159370274
00010 159921800
00010 161530294
00010 163324198
00010 163643272
00010 168684230
00010 169108196
00010 169608882
00010 174764640
00010 176528644
00010 176849862
00010 177552130
00010 180353072
00010 180904478
00010 181589686
00010 183840974
00010 184156240
00010 194822100
00010 196689464
00010 205086588
00010 207554714
00010 211834470
00010 213446160
00010 214294236
00010 215610730
00010 216967474
00010 220342432
00010 221016706
00010 223013426
00010 227582220
00010 227944234
00010 229930688
00010 231410564
00010 232029166
00010 232442570
00010 233102388
00010 235388110
00010 236033462
00010 236615460
00010 239647516
00010 242483358
00010 243841702
00010 244370962
00010 247803008
00010 248079278
00010 248704560
00010 252156056
00010 252823076
00010 253224106
00010 255352016
00010 256278182
00010 258177836
00010 260523366
00010 265496356
00010 266780174
00010 267198600
00010 268080042
00010 269417172
00010 269602246
00010 270704664
00010 271015130
00010 272452812
00010 274189404
00010 275592086
00010 279781268
00010 282169474
00010 283591206
00010 287890272
00010 298341466
00010 301145974
00010 301499252
00010 306792972
00010 313600988
00010 315902688
00010 316033440
00010 316505132
00010 318157654
00010 318294630
00010 318597240
00010 320248142
00010 321200402
00010 325706510
00010 328251970
00010 331192938
00010 336557478
00010 337058096
00010 338762772
00010 339537996
00010 340614164
00010 349607804
00010 349793114
00010 352088460
00010 354498098
00010 357866398
00010 358101328
00010 358638566
00010 365335570
00010 365358658
00010 370552478
00010 371143232
00010 373089430
00010 374855224
00010 376900096
00010 377557378
00010 377648464
00010 381001818
00010 381110550
00010 382672218
00010 383589740
00010 385443230
00010 386006998
00010 386319454
00010 387153588
00010 387526212
00010 388145798
00010 388151214
00010 388472576
00010 389440718
00010 389870662
00010 391917424
00010 392670832
00010 394304676
00010 396321342
00010 413395880
00010 413727150
00010 419740456
00010 428562618
00010 430908066
00010 432247536
00010 433747616
00010 439408844
00010 439568286
00010 441604940
00010 445013080
00010 451013590
00010 452480898
00010 454682304
00010 456032330
00010 458888422
00010 460363228
00010 461495518
00010 465534286
00010 472361450
00010 475452140
00010 483078832
00010 483306000
00010 483647616
00010 486106788
00010 486138078
00010 486608340
00010 487108112
00010 490218164
00010 490393784
00010 490769664
00010 493091204
00010 495527780
00010 498340958
00010 500754060
00010 501058658
00010 502295822
00010 507287138
00010 512032804
00010 515992888
00010 516049976
00010 516122864
00010 516131732
00010 517146094
00010 517429648
00010 517850808
00010 523318480
00010 524020076
00010 526059188
00010 532579794
00010 533737666
00010 535481260
00010 535587150
00010 535700288
00010 535971388
00010 537408906
00010 541701560
00010 546104560
00010 549828508
00010 552223156
00010 553712084
00010 557837980
00010 557967912
00010 560290454
00010 561956052
00010 565896626
00010 566256452
00010 566506040
00010 568197776
00010 570536702
00010 573080992
00010 579208268
00010 580266438
00010 581675802
00010 585050718
00010 585293792
00010 590104948
00010 591734180
00010 592249438
00010 593988838
00010 594203142
00010 596564588
00010 598452002
00010 600762694
00010 600838090
00010 600903290
00010 601456198
00010 605065628
00010 608318766
00010 610944610
00010 611858138
00010 613214774
00010 615418368
00010 620269244
00010 622059176
00010 622900082
00010 625314868
00010 632027662
00010 633077492
00010 633212632
00010 637348776
00010 638121616
00010 638366278
00010 639684144
00010 640716488
00010 641121768
00010 644551988
00010 652570626
00010 655949176
00010 660931636
00010 662140840
00010 662729844
00010 666377474
00010 670036354
00010 676205812
00010 679822742
00010 681327188
00010 681844356
00010 684857630
00010 689316106
00010 695460318
00010 696438614
00010 698563722
00010 699857016
00010 699861910
00010 700044698
00010 702551780
00010 704479988
00010 707036542
00010 707134552
00010 709899246
00010 711795234
00010 712013210
00010 712935576
00010 714228874
00010 715888144
00010 716953326
00010 720439974
00010 721246574
00010 721696594
00010 723008844
00010 725041500
00010 726228068
00010 727156630
00010 728149722
00010 736365164
00010 737549728
00010 737641030
00010 737725170
00010 741700486
00010 744343896
00010 744690398
00010 746639278
00010 751610268
00010 752239024
00010 752836900
00010 755448734
00010 764220240
00010 764248122
00010 764792186
00010 766962692
00010 767831030
00010 771237216
00010 774192210
00010 776291108
00010 778166712
00010 779324738
00010 780127422
00010 780743162
00010 784889300
00010 786200392
00010 787189696
00010 788742356
00010 789450582
00010 791356714
00010 792598368
00010 793073166
00010 793397898
00010 795815350
00010 798445344
00010 802102016
00010 802909750
00010 803722402
00010 805280190
00010 806279148
00010 806617814
00010 809476550
00010 814744816
00010 816088922
00010 816751912
00010 820333006
00010 820455580
00010 821092608
00010 823352968
00010 833522494
00010 839049292
00010 841597784
00010 842751886
00010 844586666
00010 848618578
00010 851034314
00010 851958530
00010 857231202
00010 858047440
00010 858232566
00010 859119692
00010 859674244
00010 863788452
00010 865702358
00010 870558888
00010 873779176
00010 874989088
00010 875414330
00010 875963264
00010 878449286
00010 882934674
00010 888521480
00010 889833994
00010 889971012
00010 890006810
00010 890256454
00010 891083070
00010 894023298
00010 895637792
00010 898066764
00010 898642652
00010 901028120
00010 901093114
00010 903946796
00010 905342808
00010 905925650
00010 906247140
00010 907927936
00010 909478548
00010 916886014
00010 917144014
00010 920963764
00010 923483608
00010 929139498
00010 930923746
00010 933079904
00010 942788138
00010 944495062
00010 946476248
00010 950435078
00010 952944676
00010 953783542
00010 959225382
00010 961278088
00010 962279718
00010 962709138
00010 968100260
00010 971098742
00010 974285774
00010 980677218
00010 982451752
00010 983184954
00010 985828040
00010 987252042
00010 992791036
00010 993669816
00010 994984760
00010 995224948
00010 996274198
00010 998267806
00010 999483448
00010 999852504
00010 1316802
00010 4100814
00010 7226696
00010 8039348
00010 9320690
00010 9529390
00010 11849808
00010 12099424
00010 12105064
00010 13053300
00010 14545272
00010 21486084
00010 21583776
00010 22457928
00010 24035322
00010 25538788
00010 36170636
00010 39514610
00010 41762142
00010 44459878
00010 45872690
00010 46071326
00010 49121756
00010 50485452
00010 50813362
00010 52572552
00010 53462212
00010 53556370
00010 53949180
00010 55478134
00010 60823356
00010 63285774
00010 67478984
00010 67572108
00010 68133640
00010 68283358
00010 69640638
00010 75400414
00010 75451444
00010 77339252
00010 79473470
00010 80138492
00010 84081926
00010 84576394
00010 85035776
00010 87716858
00010 87953982
00010 91167072
00010 91362496
00010 92665426
00010 92767398
00010 94270020
00010 95822486
00010 100661532
00010 106451710
00010 107183490
00010 111890758
00010 112067760
00010 113192802
00010 113757146
00010 118430128
00010 119754568
00010 120310950
00010 120472346
00010 123930086
00010 125835762
00010 126608936
00010 127291968
00010 133789682
00010 138610982
00010 138761226
00010 139966716
00010 139968562
00010 143065550
00010 143617272
00010 146058642
00010 147595868
00010 149268784
00010 150070348
00010 150816642
00010 151618006
00010 152068624
00010 156527614
00010 159789842
00010 161120816
00010 163356644
00010 164518414
00010 167271832
00010 167756978
00010 169694990
00010 171330832
00010 177720086
00010 177729140
00010 179832126
00010 182049686
00010 182457770
00010 182950138
00010 183633168
00010 186125540
00010 187346796
00010 188580206
00010 190563622
00010 193818856
00010 195701382
00010 197783740
00010 200099392
00010 202267778
00010 204774960
00010 204887844
00010 208159150
00010 209048126
00010 210699238
00010 211696466
00010 211850646
00010 213271702
00010 213502036
00010 214549118
00010 218685618
00010 219890968
00010 226131598
00010 229465948
00010 233058662
00010 235872490
00010 238570520
00010 256377252
00010 259173426
00010 259988352
00010 260160370
00010 261560800
00010 263949348
00010 265565960
00010 267865772
00010 270131280
00010 271690562
00010 274443542
00010 275858944
00010 277397750
00010 279218308
00010 279492984
00010 281317714
00010 282025642
00010 282057114
00010 282093016
00010 284291958
00010 284564272
00010 286328946
00010 287550348
00010 289771900
00010 291313560
00010 297437272
00010 301390778
00010 305231652
00010 305292014
00010 306875082
00010 309107600
00010 310128368
00010 318865290
00010 318927552
00010 320022266
00010 322884434
00010 324286084
00010 326616440
00010 327432362
00010 331399696
00010 335063996
00010 340810616
00010 341049702
00010 341577524
00010 347063580
00010 347281656
00010 353375206
00010 354022950
00010 354078906
00010 355420566
00010 357618734
00010 360464044
00010 361178642
00010 361377652
00010 362513078
00010 372280658
00010 372290682
00010 374729638
00010 375991392
00010 384851522
00010 387994898
00010 389902966
00010 390108472
00010 391900744
00010 395295800
00010 395369190
00010 395873048
00010 398063148
00010 401754458
00010 401839102
00010 404249572
00010 404963460
00010 407119550
00010 408305268
00010 410638988
00010 411040404
00010 412322844
00010 413143072
00010 415686464
00010 416601676
00010 420088300
00010 422259974
00010 423799852
00010 427164458
00010 428326278
00010 429262628
00010 430596154
00010 434313708
00010 435872236
00010 435895262
00010 436052184
00010 438539584
00010 450796464
00010 451860438
00010 452517572
00010 452879006
00010 453559032
00010 459012978
00010 463805642
00010 469992386
00010 472278018
00010 476133358
00010 478589080
00010 483074292
00010 484138288
00010 485010746
00010 487092780
00010 489613408
00010 494237600
00010 500858712
00010 500919324
00010 501634378
00010 509871076
00010 510493810
00010 511647530
00010 511838208
00010 513916296
00010 513930102
00010 520213436
00010 520255930
00010 522737780
00010 522895118
00010 523747730
00010 524851992
00010 526035584
00010 526185998
00010 532963020
00010 534196754
00010 538965152
00010 539400294
00010 539989762
00010 545064434
00010 548976738
00010 549963632
00010 554796494
00010 558289024
00010 561187544
00010 565525872
00010 567460388
00010 568687216
00010 570757544
00010 573392392
00010 575366930
00010 575833278
00010 575877298
00010 578060524
00010 580599448
00010 581308612
00010 582174340
00010 582795252
00010 584204670
00010 587505012
00010 588226380
00010 589198014
00010 592501572
00010 594609470
00010 595126540
00010 595584210
00010 596401290
00010 596554548
00010 597816486
00010 600303588
00010 603938456
00010 604389962
00010 604474098
00010 607301072
00010 607660648
00010 613069344
00010 616706760
00010 618587836
00010 621606066
00010 622581876
00010 623025340
00010 626677206
00010 627872284
00010 627938008
00010 632214512
00010 633548746
00010 634702594
00010 634891786
00010 640004664
00010 642845970
00010 644961408
00010 645614830
00010 653011872
00010 654532272
00010 655155742
00010 657192282
00010 658630460
00010 661783604
00010 665494556
00010 665827862
00010 667086248
00010 667334656
00010 667388238
00010 667393912
00010 670731102
00010 670882182
00010 674774302
00010 675819730
00010 676200110
00010 676643150
00010 678612528
00010 680384588
00010 681228222
00010 683068740
00010 683822292
00010 686937634
00010 687606124
00010 687951134
00010 688404016
00010 695644334
00010 702457684
00010 703994640
00010 704276740
00010 707349200
00010 708920714
00010 712563872
00010 712620646
00010 712761760
00010 714906096
00010 720696334
00010 722625056
00010 723444076
00010 724283134
00010 724856452
00010 726789628
00010 729327086
00010 730426630
00010 732816072
00010 735478888
00010 735585286
00010 737525670
00010 737611826
00010 739078678
00010 740397676
00010 741551204
00010 742331130
00010 745027086
00010 745510990
00010 746397670
00010 746561948
00010 746596748
00010 749000742
00010 754518038
00010 754574570
00010 754994076
00010 755011234
00010 756179574
00010 756196064
00010 758826516
00010 758896850
00010 764840822
00010 765433448
00010 767220676
00010 768494476
00010 769465716
00010 769923172
00010 780803510
00010 781127622
00010 786334034
00010 786936478
00010 791473332
00010 793690850
00010 794376672
00010 794883714
00010 797214488
00010 800517468
00010 801729894
00010 805776332
00010 807665468
00010 808549480
00010 811944094
00010 813393104
00010 815239524
00010 816974916
00010 817631866
00010 819689556
00010 820669358
00010 820909574
00010 821034192
00010 822889708
00010 830406118
00010 836329652
00010 837994166
00010 839465916
00010 839948482
00010 840475490
00010 842222688
00010 842705132
00010 843111658
00010 846233854
00010 846585870
00010 846753854
00010 850895894
00010 856002256
00010 856151936
00010 863738310
00010 867140710
00010 868143544
00010 871005278
00010 872189826
00010 873494136
00010 874281080
00010 874805896
00010 879652658
00010 883054824
00010 884184446
00010 887661404
00010 889280844
00010 889868680
00010 893377016
00010 894387696
00010 895200000
00010 895772142
00010 901645752
00010 901669956
00010 902898692
00010 908279554
00010 910665544
00010 918332674
00010 919325412
00010 919361022
00010 922475676
00010 922731998
00010 923062928
00010 923105778
00010 925034650
00010 926031382
00010 926191508
00010 929834362
00010 929843782
00010 930879778
00010 930982608
00010 935251060
00010 935447056
00010 935619974
00010 936344506
00010 939229574
00010 944839126
00010 945176738
00010 950501750
00010 954130522
00010 955200908
00010 958338480
00010 959954646
00010 966777704
00010 970827042
00010 971627166
00010 972357054
00010 972567738
00010 975195338
00010 981577472
00010 986780802
00010 987917412
00010 995677566
00010 995738532
00010 996491654
00010 999095134
00010 999845056
