00010 4142032
00010 8537132
00010 9519836
00010 9573528
00010 17104520
00010 19619040
00010 25857956
00010 28459860
00010 28476266
00010 30470632
00010 31668750
00010 32848896
00010 32946000
00010 33892514
00010 36440802
00010 41417670
00010 41429258
00010 42877532
00010 46925852
00010 47319170
00010 48891040
00010 51580780
00010 52266400
00010 52623394
00010 54377500
00010 54382916
00010 56153756
00010 56666018
00010 59229754
00010 59351030
00010 59650680
00010 60591936
00010 61446200
00010 63197854
00010 66235802
00010 68498090
00010 70393522
00010 71595016
00010 72149828
00010 72434852
00010 74694934
00010 75574544
00010 77191608
00010 78650130
00010 78959048
00010 80061974
00010 81274110
00010 83865778
00010 84428968
00010 86957806
00010 90079708
00010 91459996
00010 97438348
00010 99893540
00010 99919942
00010 99970232
00010 100048934
00010 101976046
00010 102235778
00010 103214076
00010 103822966
00010 108317812
00010 111451448
00010 111456478
00010 112399952
00010 116155612
00010 116458648
00010 117342798
00010 126420660
00010 128803444
00010 130341386
00010 130473166
00010 131506590
00010 131612448
00010 133120472
00010 133843962
00010 134222666
00010 141298884
00010 141441004
00010 148982822
00010 152297554
00010 153716866
00010 156193800
00010 158500506
00010 158622592
00010 159158090
00010 159227170
00010 159752018
00010 161637036
00010 165270062
00010 165604980
00010 169744836
00010 173826142
00010 174324742
00010 176727526
00010 179586336
00010 181985566
00010 182812770
00010 187844978
00010 190527918
00010 191133312
00010 196120238
00010 198475812
00010 199929210
00010 200654546
00010 205198416
00010 207243076
00010 209008116
00010 210468066
00010 212735172
00010 214673552
00010 215037316
00010 215670796
00010 217130678
00010 218275634
00010 219008306
00010 221334178
00010 224819254
00010 225242210
00010 237141270
00010 237743754
00010 239439790
00010 239771662
00010 241699992
00010 243326224
00010 245177540
00010 246804788
00010 248066830
00010 249474298
00010 249791064
00010 251695128
00010 253325840
00010 256579384
00010 259021582
00010 262207070
00010 263984490
00010 265514280
00010 267827122
00010 268300622
00010 269310990
00010 269683556
00010 272483874
00010 273744048
00010 273959144
00010 276292782
00010 287139200
00010 290063872
00010 291122844
00010 295406286
00010 296314002
00010 297369590
00010 297737966
00010 299045806
00010 300939892
00010 301025386
00010 301486318
00010 303554284
00010 303892312
00010 304734696
00010 312990350
00010 315667368
00010 317094422
00010 320011792
00010 320360464
00010 322995398
00010 323206718
00010 323320874
00010 329361316
00010 333028150
00010 334424850
00010 335054268
00010 336414958
00010 340594046
00010 340713494
00010 347745770
00010 348825022
00010 350106940
00010 357493244
00010 357898144
00010 360632620
00010 361543996
00010 361985978
00010 366180694
00010 366485050
00010 367240334
00010 367306262
00010 370366504
00010 375377638
00010 379665250
00010 380824482
00010 380837404
00010 381402470
00010 381920704
00010 383658344
00010 384112500
00010 384261002
00010 384823786
00010 386756018
00010 388201458
00010 388399230
00010 389658716
00010 389939896
00010 390397198
00010 392454426
00010 393881516
00010 393979382
00010 394522124
00010 395536032
00010 404955422
00010 407305180
00010 413345216
00010 415127154
00010 416110960
00010 419039942
00010 423059388
00010 426998006
00010 429382936
00010 430005702
00010 432976224
00010 437700504
00010 438509736
00010 438673526
00010 439536794
00010 440017840
00010 441392496
00010 442129678
00010 443281930
00010 444508534
00010 445253516
00010 446088924
00010 446665632
00010 448236790
00010 454224094
00010 454396400
00010 455471292
00010 456169970
00010 457062704
00010 458167268
00010 458256250
00010 459180604
00010 459689786
00010 460403528
00010 460578918
00010 462661872
00010 465005756
00010 465729634
00010 466237192
00010 467337216
00010 467809122
00010 467847380
00010 468395460
00010 468997090
00010 472739422
00010 480011272
00010 483200240
00010 483951654
00010 489366904
00010 491871478
00010 494207494
00010 497142348
00010 503830086
00010 504133850
00010 504529204
00010 505399980
00010 505443950
00010 511743598
00010 513759722
00010 516992060
00010 527560356
00010 528151880
00010 531770440
00010 538045946
00010 539975022
00010 543357662
00010 544031780
00010 545841286
00010 546767462
00010 547413008
00010 548868530
00010 551338500
00010 551961820
00010 557259762
00010 559446864
00010 559457536
00010 560481520
00010 560906012
00010 561303278
00010 564188488
00010 564441318
00010 568322564
00010 568958064
00010 569382038
00010 579461996
00010 579836410
00010 580248546
00010 581647154
00010 581761456
00010 585194264
00010 586155886
00010 587717818
00010 588072568
00010 590002034
00010 591434162
00010 597833886
00010 600371672
00010 600473914
00010 601378766
00010 602957366
00010 603202590
00010 604865842
00010 607308660
00010 611893876
00010 615236864
00010 616563750
00010 616911532
00010 619152302
00010 619185788
00010 621374968
00010 625112840
00010 626446050
00010 628332980
00010 630599952
00010 630614780
00010 631339796
00010 631472610
00010 632915052
00010 635275458
00010 635372436
00010 635793472
00010 642567596
00010 644164606
00010 646047916
00010 646164702
00010 648989084
00010 652728122
00010 653435628
00010 654335362
00010 655408042
00010 658082720
00010 659385240
00010 661480604
00010 663842958
00010 665059544
00010 667021062
00010 667989408
00010 668299120
00010 669026994
00010 669028870
00010 669982874
00010 673104972
00010 673197336
00010 675372250
00010 677424128
00010 678061934
00010 679111802
00010 683127174
00010 686230614
00010 687227492
00010 688899776
00010 688976834
00010 691840942
00010 692722618
00010 696206632
00010 698469352
00010 703784906
00010 704393558
00010 705726034
00010 707085370
00010 708353512
00010 709373164
00010 711091256
00010 711781594
00010 714018416
00010 714194910
00010 720471904
00010 723217976
00010 723656890
00010 727728254
00010 728558622
00010 730358334
00010 732106494
00010 735041148
00010 738379856
00010 741169620
00010 742693014
00010 743298092
00010 749889134
00010 750393336
00010 755545518
00010 761810368
00010 766385156
00010 769638808
00010 770896002
00010 772668298
00010 774788416
00010 775570944
00010 780942728
00010 782471396
00010 786175470
00010 786739864
00010 788667550
00010 789285606
00010 792127730
00010 793852460
00010 794323746
00010 794356262
00010 794788844
00010 799007806
00010 800972922
00010 803849258
00010 803940302
00010 804615794
00010 806941872
00010 807190546
00010 808186126
00010 809870640
00010 811662880
00010 814484226
00010 814858162
00010 817233754
00010 817292400
00010 817657192
00010 820291890
00010 820686210
00010 823839424
00010 825851874
00010 827148880
00010 831638090
00010 838288240
00010 840981868
00010 841547198
00010 841822322
00010 842441022
00010 851119876
00010 851467134
00010 856564996
00010 856887492
00010 856890374
00010 857557308
00010 859228348
00010 859873084
00010 861246324
00010 862559716
00010 866809530
00010 869222624
00010 870909036
00010 871842640
00010 873972562
00010 875176556
00010 875742170
00010 876551110
00010 876557942
00010 878815028
00010 880803432
00010 881084468
00010 883637112
00010 884664520
00010 885120488
00010 888992332
00010 890701186
00010 890818138
00010 896617104
00010 896975636
00010 901717582
00010 902918516
00010 905142896
00010 907994004
00010 908990764
00010 913036188
00010 913463622
00010 915549202
00010 915709044
00010 916769548
00010 917198360
00010 917512810
00010 920044964
00010 920994966
00010 923368234
00010 925762580
00010 925990150
00010 926234834
00010 926363448
00010 927332296
00010 927701980
00010 928464850
00010 933788612
00010 938328990
00010 938385906
00010 942448382
00010 945883354
00010 951357996
00010 954606068
00010 956450934
00010 957295802
00010 959988830
00010 960292092
00010 962683594
00010 964918042
00010 967630778
00010 968820518
00010 975482006
00010 976618416
00010 976809014
00010 980050588
00010 980920032
00010 984275024
00010 993950996
00010 994615378
00010 995263626
00010 998391974
00010 1000666208
00010 4343576
00010 8716946
00010 10143048
00010 11234270
00010 12567152
00010 13185684
00010 16108148
00010 18710934
00010 22572468
00010 22884456
00010 23009174
00010 25043478
00010 26276892
00010 27349116
00010 29501464
00010 29827276
00010 31129608
00010 31182328
00010 32165200
00010 33925772
00010 34061010
00010 34198540
00010 35431524
00010 40005028
00010 40305352
00010 43716418
00010 44996294
00010 46382514
00010 46854508
00010 47269278
00010 47439704
00010 48184388
00010 49893274
00010 52019418
00010 52738172
00010 54664328
00010 57321452
00010 57352892
00010 58248212
00010 58536100
00010 59052212
00010 59947500
00010 61895690
00010 63290078
00010 63558870
00010 64973710
00010 66708882
00010 67042560
00010 69139726
00010 69308800
00010 71417272
00010 74959302
00010 76762186
00010 77626948
00010 80614556
00010 82737068
00010 83139130
00010 85270254
00010 86916606
00010 87372344
00010 87531054
00010 95986268
00010 98845668
00010 98980828
00010 102745738
00010 111176130
00010 115673098
00010 116740410
00010 117705320
00010 120594820
00010 124126764
00010 124180142
00010 130347482
00010 131259170
00010 131392864
00010 132981848
00010 134705464
00010 135744754
00010 136197748
00010 137930496
00010 137934074
00010 140322846
00010 142227284
00010 150207920
00010 151668108
00010 153675752
00010 158004334
00010 165648982
00010 168204676
00010 170836934
00010 171320844
00010 174179964
00010 177200126
00010 178289872
00010 179651434
00010 182996090
00010 184616030
00010 186546368
00010 187067278
00010 187413200
00010 190889752
00010 192197398
00010 192409646
00010 192896926
00010 195181940
00010 195183774
00010 195855802
00010 197040814
00010 197549446
00010 199567154
00010 199885190
00010 200775996
00010 200872436
00010 202603720
00010 207020960
00010 207766256
00010 211046298
00010 212446842
00010 213420088
00010 213742792
00010 214830130
00010 215465826
00010 218668192
00010 219239650
00010 219850114
00010 223478908
00010 224890498
00010 225180196
00010 225658446
00010 226820708
00010 227847392
00010 227978894
00010 228173510
00010 228203096
00010 234154028
00010 234537304
00010 234723078
00010 236681592
00010 237850950
00010 240390242
00010 244064026
00010 244184984
00010 245309016
00010 247222278
00010 248219866
00010 255272572
00010 258215988
00010 262718142
00010 263541428
00010 264497370
00010 267200950
00010 268759326
00010 274591086
00010 275064892
00010 276808914
00010 278066586
00010 286516218
00010 291537176
00010 292696532
00010 298149654
00010 298254524
00010 304171468
00010 304173336
00010 306185958
00010 312416292
00010 313988464
00010 317084672
00010 318365416
00010 319075798
00010 322256012
00010 322364490
00010 323273780
00010 326186120
00010 328197848
00010 328584674
00010 330417298
00010 332964744
00010 335660702
00010 337947432
00010 339188716
00010 340739690
00010 345126724
00010 348397478
00010 348779264
00010 353270474
00010 353701304
00010 359091280
00010 359591220
00010 360506912
00010 361421814
00010 362529336
00010 363366536
00010 366387752
00010 367085970
00010 368285770
00010 368602848
00010 369584060
00010 370722732
00010 371210042
00010 374291926
00010 374553434
00010 375211858
00010 379106816
00010 381682552
00010 381821890
00010 382295018
00010 383346252
00010 384715972
00010 386676250
00010 388439208
00010 389393572
00010 389500502
00010 389502190
00010 393402198
00010 393584472
00010 394358610
00010 400117812
00010 400171638
00010 400277924
00010 402810912
00010 407284558
00010 408558678
00010 413475496
00010 416254576
00010 417027118
00010 421433634
00010 423604706
00010 423951898
00010 425961418
00010 431086034
00010 431512026
00010 431614396
00010 437374568
00010 438958208
00010 445595672
00010 448379548
00010 449940732
00010 451985584
00010 452849150
00010 455656580
00010 459033156
00010 461138154
00010 463107912
00010 467095312
00010 467250822
00010 468552962
00010 475818482
00010 478231344
00010 479818712
00010 480756176
00010 481763412
00010 482985766
00010 483910394
00010 484203276
00010 484618838
00010 485965820
00010 489649612
00010 489783790
00010 490680924
00010 492146002
00010 492188676
00010 493534902
00010 495298270
00010 495872694
00010 496101684
00010 496418130
00010 497109832
00010 497563662
00010 497803680
00010 497896624
00010 498721606
00010 499882496
00010 500281284
00010 500653274
00010 506318576
00010 509323024
00010 511644834
00010 512968210
00010 513549462
00010 519274776
00010 521267438
00010 527684282
00010 528451170
00010 529339312
00010 529676928
00010 533985968
00010 536369984
00010 537919868
00010 542785136
00010 547621890
00010 553453136
00010 554104588
00010 555357450
00010 559291248
00010 561476232
00010 562832122
00010 564757422
00010 568158882
00010 573786630
00010 573989004
00010 576104336
00010 576884088
00010 577067956
00010 577253730
00010 578249928
00010 578630512
00010 581485198
00010 581714238
00010 582392664
00010 583212352
00010 587717950
00010 588377626
00010 590511396
00010 592995994
00010 594787274
00010 596983176
00010 597625448
00010 603249150
00010 603250408
00010 610460502
00010 615630848
00010 615981676
00010 619084394
00010 624587022
00010 624940736
00010 629443062
00010 635241496
00010 638928316
00010 640578874
00010 642199680
00010 643868934
00010 646867116
00010 650641668
00010 650699614
00010 655276934
00010 655971612
00010 657783340
00010 658083558
00010 658742162
00010 659569686
00010 659658382
00010 663557434
00010 664203312
00010 664398070
00010 664733794
00010 668184226
00010 672533998
00010 682010714
00010 682340260
00010 682564766
00010 683654108
00010 684676804
00010 701542894
00010 702676806
00010 702813712
00010 708483704
00010 710718216
00010 712008076
00010 712674080
00010 715914142
00010 718565608
00010 720632586
00010 722093768
00010 722113060
00010 723938702
00010 724326304
00010 724348258
00010 727654626
00010 727866238
00010 730263850
00010 732974604
00010 734322802
00010 735546132
00010 739162342
00010 746228128
00010 746518888
00010 748894870
00010 749058938
00010 751902230
00010 753847924
00010 754302070
00010 755123890
00010 755143984
00010 756341420
00010 762776474
00010 764644030
00010 767231796
00010 767235298
00010 767923248
00010 769496698
00010 770510240
00010 773908006
00010 777046920
00010 779341076
00010 781054768
00010 787045028
00010 787991874
00010 792516496
00010 793401174
00010 796546268
00010 799412782
00010 801000964
00010 801683988
00010 802674964
00010 813165280
00010 814528084
00010 814540900
00010 815423176
00010 815792966
00010 817740802
00010 821152024
00010 822477970
00010 822919010
00010 822987396
00010 824021012
00010 828763084
00010 829569952
00010 831423122
00010 835308554
00010 837116610
00010 837477628
00010 837538816
00010 838827536
00010 849732696
00010 850396100
00010 850615670
00010 852863296
00010 853072416
00010 854218422
00010 860017702
00010 860700682
00010 862351382
00010 862567596
00010 863943878
00010 863976914
00010 864086958
00010 877490538
00010 883374144
00010 888030208
00010 888839780
00010 889261278
00010 891332168
00010 891413086
00010 892565158
00010 898668534
00010 904394536
00010 908699130
00010 909225656
00010 909932106
00010 911418900
00010 912825018
00010 914145416
00010 915563628
00010 918216066
00010 925200434
00010 927037220
00010 932195194
00010 936907512
00010 938370094
00010 942705046
00010 943929804
00010 945087064
00010 945787392
00010 946483796
00010 950095458
00010 951683230
00010 951701708
00010 951773350
00010 951799078
00010 953443002
00010 955499442
00010 956379260
00010 956670600
00010 957587326
00010 957721356
00010 960409516
00010 961389020
00010 961977714
00010 962047652
00010 969780088
00010 974605178
00010 976408576
00010 977439816
00010 977662732
00010 979081110
00010 980653364
00010 983142832
00010 985098492
00010 991846480
00010 1000703342
00010 3684328
00010 4662148
00010 6223988
00010 6230880
00010 6441098
00010 11275508
00010 20537058
00010 21909090
00010 22411626
00010 24522216
00010 35232512
00010 36744104
00010 38948130
00010 43214940
00010 45838456
00010 46603110
00010 46861608
00010 47206414
00010 48762150
00010 52765182
00010 53173514
00010 57121290
00010 59385098
00010 60245386
00010 63271270
00010 64390476
00010 69384380
00010 71087266
00010 78887780
00010 82142534
00010 85183014
00010 86948874
00010 88443432
00010 89025286
00010 95090454
00010 96787256
00010 99316288
00010 101439276
00010 101852110
00010 107860666
00010 107910214
00010 112085432
00010 115641496
00010 122327322
00010 124464164
00010 126202592
00010 128324872
00010 131194742
00010 131754862
00010 136249434
00010 138683894
00010 142173480
00010 142546136
00010 144302068
00010 145598596
00010 149094130
00010 149825742
00010 153419916
00010 155637786
00010 157046878
00010 157998014
00010 162782594
00010 164156300
00010 164394788
00010 167237974
00010 169042476
00010 169823248
00010 173200830
00010 174961332
00010 179812438
00010 180775244
00010 186239624
00010 187286602
00010 189391750
00010 189604702
00010 192105916
00010 195574344
00010 200296700
00010 201900256
00010 204586464
00010 205276364
00010 206264842
00010 207449442
00010 207571470
00010 212329058
00010 212869576
00010 214291054
00010 215574914
00010 215872522
00010 220231388
00010 221203336
00010 222015740
00010 222338526
00010 225126626
00010 230674652
00010 237680784
00010 239257656
00010 239321032
00010 239578702
00010 242733066
00010 244027758
00010 247677804
00010 251066850
00010 254380026
00010 255326984
00010 256120156
00010 259676082
00010 261941058
00010 262021238
00010 262608980
00010 264218262
00010 264681862
00010 267964166
00010 269014376
00010 269226944
00010 275780756
00010 279111880
00010 280045662
00010 282263554
00010 285236166
00010 285980640
00010 286278958
00010 286865250
00010 287241694
00010 290225746
00010 292213548
00010 293638870
00010 295525876
00010 302200788
00010 303822584
00010 306153292
00010 306179190
00010 307866452
00010 308608168
00010 312187774
00010 313389942
00010 320562244
00010 320967762
00010 321466204
00010 322079646
00010 325523870
00010 325588250
00010 326581836
00010 328959894
00010 329486742
00010 331064222
00010 332038628
00010 342676542
00010 345562490
00010 346661068
00010 348140346
00010 348351450
00010 350329994
00010 353828974
00010 354148504
00010 356352006
00010 357069934
00010 360794090
00010 362443670
00010 363511356
00010 363827698
00010 364551310
00010 364621790
00010 364955178
00010 365423654
00010 366514146
00010 367925900
00010 371599800
00010 374841658
00010 375789246
00010 376088690
00010 390138972
00010 392660862
00010 393934404
00010 395263146
00010 397442260
00010 397499112
00010 399640830
00010 403356292
00010 406206314
00010 410091810
00010 411042496
00010 411264668
00010 414486386
00010 414945956
00010 415871414
00010 417327020
00010 422385170
00010 422976254
00010 427691214
00010 427723600
00010 428240726
00010 428653958
00010 431752700
00010 433680458
00010 437946660
00010 437950306
00010 442260210
00010 442964246
00010 445213454
00010 445796056
00010 445985766
00010 446494542
00010 451909908
00010 455218522
00010 458592338
00010 458759104
00010 464096906
00010 468220662
00010 468610004
00010 470647184
00010 473800072
00010 474476362
00010 474749416
00010 475282838
00010 483833096
00010 487111638
00010 492821198
00010 493856162
00010 496118480
00010 496218754
00010 501306938
00010 502026156
00010 502522378
00010 503065742
00010 505508226
00010 505510600
00010 507463234
00010 509969140
00010 510686390
00010 511124976
00010 513718798
00010 522572194
00010 528500844
00010 531086546
00010 532440930
00010 535108772
00010 535677372
00010 536102450
00010 545619078
00010 546938422
00010 547614172
00010 550215038
00010 551295344
00010 552375652
00010 552632930
00010 554231576
00010 555095950
00010 556137976
00010 560288282
00010 564361146
00010 565100440
00010 565314946
00010 567895290
00010 568245112
00010 569283158
00010 571340100
00010 572594414
00010 573217448
00010 580243432
00010 581572028
00010 582230540
00010 582536292
00010 584063768
00010 588878758
00010 590630276
00010 593614366
00010 595237282
00010 595282482
00010 596386880
00010 596974466
00010 600719596
00010 601452356
00010 603116878
00010 605632792
00010 608219118
00010 608867132
00010 611065310
00010 612015220
00010 613314578
00010 617060596
00010 619194076
00010 620771456
00010 624776944
00010 625259414
00010 632912054
00010 634873368
00010 635794654
00010 642271924
00010 644985142
00010 645670392
00010 648547390
00010 653791632
00010 656539868
00010 657750694
00010 660558190
00010 667089466
00010 668018810
00010 670548264
00010 673036200
00010 673097502
00010 677286620
00010 677438132
00010 683158300
00010 683202956
00010 683726694
00010 689928370
00010 691448810
00010 693636128
00010 698541934
00010 700434608
00010 704815460
00010 705422316
00010 705960602
00010 708051872
00010 711571396
00010 712746984
00010 713661450
00010 716212366
00010 716316372
00010 716611310
00010 716805876
00010 717414606
00010 722875578
00010 723049398
00010 723140988
00010 723734794
00010 726967554
00010 727364530
00010 727371978
00010 727448008
00010 729099542
00010 730669286
00010 734106150
00010 738790436
00010 740146080
00010 740621970
00010 741910326
00010 743653040
00010 745520430
00010 746565010
00010 746922592
00010 753228434
00010 757011060
00010 757148978
00010 758271938
00010 758274314
00010 759244156
00010 763123520
00010 765326210
00010 765621854
00010 769212090
00010 774180832
00010 775396926
00010 777104634
00010 782677768
00010 782707596
00010 783151240
00010 783390266
00010 783499792
00010 786737688
00010 798282472
00010 801967470
00010 802769508
00010 803005636
00010 805237808
00010 805890272
00010 808931182
00010 810388864
00010 813154396
00010 815864816
00010 816190952
00010 817515188
00010 819567116
00010 824278808
00010 827436510
00010 830184466
00010 832505576
00010 832621794
00010 834305264
00010 838292258
00010 840097602
00010 841630478
00010 844209734
00010 845257440
00010 845687858
00010 846070952
00010 846589242
00010 848294820
00010 852620900
00010 854658832
00010 858108962
00010 859176348
00010 860495562
00010 860859884
00010 862591606
00010 863941232
00010 868795938
00010 869620978
00010 875994310
00010 881383542
00010 883106098
00010 887894092
00010 892929404
00010 894504178
00010 894995976
00010 895235358
00010 896974396
00010 897733684
00010 900337432
00010 900718888
00010 909213950
00010 912330046
00010 913096852
00010 914180828
00010 915650462
00010 917446654
00010 918616844
00010 918636306
00010 918733740
00010 920858544
00010 923063802
00010 923270594
00010 927502720
00010 928586788
00010 929487438
00010 935571358
00010 941791744
00010 942169280
00010 943102784
00010 943758200
00010 943779686
00010 946457388
00010 950924844
00010 951990820
00010 952637574
00010 954666814
00010 956131058
00010 956978108
00010 958070886
00010 959611806
00010 961238144
00010 961606630
00010 963722742
00010 969275056
00010 975798748
00010 975866530
00010 977463202
00010 979074948
00010 979984432
00010 984121906
00010 984188012
00010 984930518
00010 988886858
00010 993293556
00010 993993440
00010 994072536
00010 997378488
00010 2537734
00010 3344958
00010 10710632
00010 18360140
00010 19807770
00010 20423610
00010 26274706
00010 26893344
00010 32966098
00010 36918776
00010 38306996
00010 45308400
00010 47736900
00010 53720716
00010 58500186
00010 60341384
00010 62430266
00010 69470632
00010 70014990
00010 71761942
00010 72285080
00010 74488034
00010 84512166
00010 84778050
00010 95249136
00010 98029464
00010 98435364
00010 102968252
00010 106883972
00010 107809184
00010 108791538
00010 109508858
00010 112845850
00010 114149274
00010 114674986
00010 115089456
00010 118880596
00010 119913370
00010 120056730
00010 122542986
00010 123528312
00010 125662118
00010 127250158
00010 127820756
00010 132416002
00010 133857664
00010 136502636
00010 137775852
00010 138292194
00010 145418504
00010 146354712
00010 147362756
00010 150449842
00010 150865400
00010 151513894
00010 154014016
00010 157963792
00010 160296692
00010 161539122
00010 162940758
00010 166147836
00010 167047110
00010 169139576
00010 171722746
00010 173759122
00010 176031104
00010 176334200
00010 179942848
00010 184518800
00010 185783044
00010 186276566
00010 186292250
00010 186475544
00010 187067422
00010 190870078
00010 200087860
00010 201930074
00010 202682652
00010 203072732
00010 212296214
00010 212338416
00010 213891608
00010 222024950
00010 223148532
00010 224102584
00010 229314740
00010 233322608
00010 234179642
00010 235155578
00010 237307888
00010 239147422
00010 241195902
00010 241260930
00010 243630686
00010 245327854
00010 245401506
00010 246390208
00010 246699840
00010 251456694
00010 251861136
00010 254356816
00010 259236400
00010 264054574
00010 269009198
00010 273751808
00010 275064362
00010 276084596
00010 277226712
00010 277458070
00010 277560580
00010 278299318
00010 279056472
00010 280287604
00010 282101698
00010 282919082
00010 285287538
00010 287773838
00010 291988878
00010 292381160
00010 293463672
00010 296478368
00010 296598206
00010 298196204
00010 300239332
00010 303290456
00010 304312896
00010 306220946
00010 307975980
00010 308636106
00010 309420598
00010 317275970
00010 317471790
00010 319677782
00010 321121204
00010 321653266
00010 322768810
00010 325265848
00010 326779034
00010 327630830
00010 328393506
00010 329036278
00010 330630854
00010 333239960
00010 336274124
00010 337506934
00010 342387728
00010 343161126
00010 343269896
00010 343379024
00010 344451078
00010 345065338
00010 346676430
00010 346771254
00010 349927022
00010 351744046
00010 352163982
00010 355222810
00010 361286948
00010 364785050
00010 372983158
00010 373783666
00010 373862372
00010 373938596
00010 373951208
00010 375476314
00010 377099426
00010 378918348
00010 380917988
00010 382100684
00010 386777654
00010 391855188
00010 395229000
00010 398500874
00010 401893690
00010 406247154
00010 408500134
00010 409342548
00010 412024622
00010 413395980
00010 413469208
00010 416391958
00010 417446684
00010 419156256
00010 422993432
00010 423176332
00010 424754390
00010 427138650
00010 428017370
00010 428994856
00010 430411942
00010 430715180
00010 437034950
00010 438713622
00010 442025994
00010 448027290
00010 448694138
00010 449493334
00010 449626060
00010 450920112
00010 451113704
00010 455375242
00010 458787678
00010 460937058
00010 461748910
00010 463184436
00010 463832448
00010 468612788
00010 474865886
00010 479714274
00010 483036128
00010 487174656
00010 487738564
00010 487826696
00010 491891072
00010 495459960
00010 495731258
00010 496867670
00010 503566054
00010 506477222
00010 506925644
00010 507121858
00010 509162244
00010 510160106
00010 511190568
00010 513222802
00010 515021222
00010 520437326
00010 522519796
00010 526653162
00010 527379712
00010 528846934
00010 529545716
00010 531213736
00010 533940992
00010 535047554
00010 536948830
00010 542218914
00010 545791600
00010 546218230
00010 547300514
00010 550657310
00010 551311440
00010 551677426
00010 556365000
00010 559810934
00010 566507100
00010 568131632
00010 570879824
00010 571878906
00010 572115756
00010 573001168
00010 573927994
00010 574647800
00010 575391054
00010 579971056
00010 582746230
00010 584127252
00010 584724656
00010 588392590
00010 588804214
00010 589756304
00010 591721336
00010 594461678
00010 594637656
00010 597875092
00010 599480806
00010 599692256
00010 601100440
00010 601969020
00010 603681518
00010 604304694
00010 608250508
00010 610462510
00010 610549054
00010 610872904
00010 610923956
00010 612944456
00010 613137634
00010 614991280
00010 615725896
00010 616319560
00010 618533956
00010 619270926
00010 619551738
00010 625187752
00010 625834128
00010 628317366
00010 630337044
00010 630488856
00010 630729146
00010 632411304
00010 634417486
00010 638122496
00010 638893386
00010 643326626
00010 643646404
00010 649463434
00010 650572584
00010 650819820
00010 652714380
00010 655484384
00010 661553502
00010 662317138
00010 663655582
00010 664846250
00010 667821002
00010 668532924
00010 669925960
00010 671117894
00010 673244716
00010 675792672
00010 682608778
00010 684474346
00010 684649712
00010 684970908
00010 687728266
00010 688930396
00010 694035000
00010 694173016
00010 696234680
00010 698119718
00010 698767920
00010 701255978
00010 703693288
00010 704269636
00010 704998810
00010 708049382
00010 709965802
00010 712378056
00010 713031974
00010 718450166
00010 722460858
00010 723152964
00010 724810020
00010 726636422
00010 729082738
00010 729188996
00010 730842892
00010 734382620
00010 735180252
00010 736606622
00010 737428664
00010 738591340
00010 741129544
00010 747292010
00010 748823326
00010 750028996
00010 751004676
00010 752033688
00010 753572254
00010 754154092
00010 754946116
00010 755471680
00010 756236892
00010 756459210
00010 756693636
00010 761399334
00010 763256824
00010 765525526
00010 767233498
00010 769439872
00010 770756854
00010 774652856
00010 777567254
00010 780721320
00010 781773566
00010 786907988
00010 786968706
00010 787906172
00010 788686906
00010 789917564
00010 791149970
00010 792030568
00010 795157454
00010 795953398
00010 801688222
00010 801740916
00010 802020224
00010 802478194
00010 804707054
00010 805591344
00010 817808182
00010 820753220
00010 823190284
00010 826172118
00010 826534116
00010 827850126
00010 829222350
00010 829678126
00010 830386222
00010 830873966
00010 830875686
00010 831027112
00010 834976692
00010 836882388
00010 837652546
00010 838050404
00010 840148690
00010 841136210
00010 841540542
00010 844200722
00010 844608318
00010 845038134
00010 851062558
00010 854832024
00010 855116186
00010 856939890
00010 863777106
00010 864203546
00010 864506272
00010 865470494
00010 866498012
00010 867912080
00010 870280660
00010 870726102
00010 871974324
00010 872419710
00010 872860328
00010 874358974
00010 883375272
00010 886686186
00010 887239876
00010 897515346
00010 905800186
00010 908916114
00010 908964374
00010 909648214
00010 910754044
00010 928885226
00010 929173400
00010 935706530
00010 937519460
00010 939447386
00010 939640960
00010 940929262
00010 947534452
00010 949119076
00010 956365504
00010 958072372
00010 960951236
00010 960979512
00010 962885300
00010 963716630
00010 964485690
00010 967097906
00010 968836612
00010 974848676
00010 977975552
00010 979334976
00010 981902410
00010 984067558
00010 984372694
00010 984633836
00010 989160884
00010 989182624
00010 989305546
00010 992144292
00010 992510992
00010 994487944
00010 995448854
00010 999755826
00010 999976332
00010 2320344
00010 2858838
00010 3786962
00010 4619254
00010 7232284
00010 7233512
00010 7235428
00010 8507242
00010 10502984
00010 10587790
00010 13358536
00010 14680126
00010 16520802
00010 20673716
00010 22087994
00010 22130956
00010 22382094
00010 23850168
00010 28625906
00010 29823092
00010 30152426
00010 36245862
00010 45732042
00010 48102284
00010 50036052
00010 52763720
00010 55387146
00010 57102566
00010 57203856
00010 57618566
00010 57896498
00010 57920966
00010 59167178
00010 60799216
00010 62200594
00010 63405150
00010 64116980
00010 64953962
00010 70359240
00010 71847948
00010 72857226
00010 75747898
00010 78056312
00010 79782240
00010 81383278
00010 81893090
00010 84875964
00010 89221164
00010 91287250
00010 92775534
00010 94124146
00010 94486450
00010 100827006
00010 100912316
00010 102966128
00010 104520170
00010 109377298
00010 109473428
00010 113423262
00010 114159488
00010 116848822
00010 120297906
00010 125390654
00010 125618260
00010 126482128
00010 127100100
00010 127820506
00010 128932358
00010 131936916
00010 133628930
00010 134657622
00010 136666578
00010 136722420
00010 136740658
00010 136852464
00010 141213640
00010 142291536
00010 142701580
00010 145984238
00010 146090530
00010 146381954
00010 152228678
00010 163101346
00010 164900196
00010 166428822
00010 176021482
00010 177665110
00010 180314240
00010 184525528
00010 194072676
00010 198848818
00010 202350302
00010 202751800
00010 204751242
00010 207850736
00010 213293388
00010 214572986
00010 217562682
00010 222410846
00010 224264190
00010 230884624
00010 233323070
00010 233462092
00010 235430664
00010 236187286
00010 238013522
00010 238015368
00010 239435630
00010 241196090
00010 241653190
00010 242943948
00010 243404738
00010 243551006
00010 245092680
00010 247693674
00010 247925252
00010 252124726
00010 253151000
00010 259367162
00010 261190082
00010 261395082
00010 261848850
00010 262838772
00010 264257008
00010 264310902
00010 266201854
00010 267848784
00010 274006196
00010 275912662
00010 278080152
00010 279882854
00010 282341114
00010 286115826
00010 288305078
00010 291483202
00010 295587300
00010 296119212
00010 298096352
00010 298102284
00010 298479724
00010 299311450
00010 301312638
00010 302330662
00010 307315020
00010 307489086
00010 307833802
00010 310708032
00010 316308700
00010 316875224
00010 317447936
00010 319001540
00010 320885510
00010 323916094
00010 327487846
00010 328721216
00010 330680254
00010 331724850
00010 332125286
00010 332126436
00010 334622752
00010 337174742
00010 338029692
00010 338310818
00010 344713000
00010 346182342
00010 346290476
00010 347607200
00010 348848122
00010 349736592
00010 359972054
00010 360263276
00010 361253696
00010 363419716
00010 365398952
00010 365702078
00010 366245194
00010 367746530
00010 368650412
00010 369882050
00010 376044172
00010 376752746
00010 383818642
00010 385532568
00010 386441490
00010 386550404
00010 387491590
00010 389442644
00010 393364108
00010 393431470
00010 393629566
00010 394301990
00010 398523710
00010 400172114
00010 402372180
00010 403275676
00010 408289160
00010 408393608
00010 412620758
00010 413895086
00010 413941546
00010 415135718
00010 417650916
00010 418032316
00010 418035012
00010 424602980
00010 425818872
00010 428481374
00010 431500422
00010 432483986
00010 435288964
00010 436817308
00010 440644966
00010 443833246
00010 444090338
00010 451114500
00010 451768728
00010 452830454
00010 453818168
00010 454093682
00010 455179186
00010 455861602
00010 458486336
00010 460041426
00010 463217720
00010 470552032
00010 471515818
00010 471855400
00010 472505838
00010 472672366
00010 473745306
00010 476736112
00010 478497528
00010 482701646
00010 491807586
00010 500238098
00010 500470658
00010 502595794
00010 503704370
00010 504936372
00010 505245338
00010 512346354
00010 514085974
00010 514089456
00010 514463760
00010 515490862
00010 518126520
00010 518340368
00010 518888036
00010 520875312
00010 521710156
00010 523736124
00010 524702906
00010 524929434
00010 525231628
00010 525958530
00010 531291114
00010 535524648
00010 535638810
00010 536621922
00010 539965992
00010 541454118
00010 541627668
00010 546226088
00010 548551838
00010 550357148
00010 553254620
00010 556018520
00010 557184262
00010 560631782
00010 560974822
00010 561410062
00010 567680172
00010 568013664
00010 568176956
00010 573167454
00010 576467648
00010 577613992
00010 578167948
00010 580197914
00010 583579562
00010 584444292
00010 585734868
00010 586481940
00010 587892132
00010 588580050
00010 589925924
00010 591812572
00010 597109684
00010 599772018
00010 601537466
00010 603342920
00010 605525326
00010 605655398
00010 609504916
00010 613439682
00010 614801394
00010 619050112
00010 624726750
00010 627276286
00010 628027376
00010 629361246
00010 630960360
00010 634652216
00010 637583426
00010 655303680
00010 658178966
00010 660349384
00010 661772482
00010 666219944
00010 667669824
00010 668745630
00010 669018056
00010 669153114
00010 671473790
00010 673888036
00010 675963614
00010 681271798
00010 681803618
00010 685060598
00010 685062628
00010 685752412
00010 690826858
00010 692907874
00010 699165138
00010 700389326
00010 700860668
00010 701123318
00010 701785036
00010 703760630
00010 712806922
00010 712927598
00010 718131038
00010 718821524
00010 722528580
00010 728488632
00010 731069822
00010 732488648
00010 733239826
00010 738414092
00010 742450682
00010 742650750
00010 742711846
00010 743042390
00010 746384420
00010 750404978
00010 751833512
00010 754892858
00010 755104390
00010 760906940
00010 761932474
00010 764982280
00010 765865260
00010 767566570
00010 770448094
00010 770751406
00010 771430436
00010 771493320
00010 773430322
00010 773590104
00010 774344224
00010 777378952
00010 779986338
00010 786183816
00010 788442398
00010 789979254
00010 796234064
00010 796302706
00010 797445814
00010 798216862
00010 798431918
00010 800758298
00010 803703950
00010 804572974
00010 805112176
00010 806052482
00010 806274654
00010 811316058
00010 815449818
00010 815505918
00010 815936430
00010 817015454
00010 823138328
00010 824496080
00010 824498056
00010 825473374
00010 826003352
00010 826015808
00010 826019024
00010 826976614
00010 827830294
00010 828991810
00010 831060158
00010 833781958
00010 835240858
00010 838143942
00010 840877324
00010 840938852
00010 844154918
00010 845484414
00010 854691530
00010 854762376
00010 857377344
00010 860754562
00010 861061762
00010 861385954
00010 865107582
00010 866032422
00010 872956750
00010 874306160
00010 877219936
00010 883048060
00010 883644110
00010 885473436
00010 886493212
00010 888182094
00010 888392604
00010 890864092
00010 894917694
00010 895853892
00010 896291566
00010 897703994
00010 899323146
00010 902271682
00010 904140692
00010 904529672
00010 907597072
00010 923404614
00010 923847640
00010 924544998
00010 926277648
00010 933285396
00010 934813414
00010 937162516
00010 939288530
00010 939448064
00010 943006960
00010 943915196
00010 945517488
00010 948536408
00010 953160130
00010 953617966
00010 954022390
00010 954480498
00010 954506568
00010 966410810
00010 968225002
00010 970373838
00010 971281082
00010 971484608
00010 972400810
00010 974590484
00010 975036418
00010 975496900
00010 978467944
00010 980669058
00010 982663582
00010 983234194
00010 985145898
00010 988734672
00010 989568484
00010 990805470
00010 991961890
00010 992187678
00010 995090022
00010 996011710
00010 997418402
00010 998533786
00010 4112804
00010 6544894
00010 8992266
00010 11390156
00010 14677132
00010 15635980
00010 15712466
00010 19516572
00010 19616020
00010 20234502
00010 20508366
00010 25283954
00010 25684334
00010 25738692
00010 25834750
00010 27366436
00010 28035602
00010 29924292
00010 30874548
00010 33061114
00010 34615524
00010 36471542
00010 37106014
00010 37990398
00010 38176138
00010 40542430
00010 41398468
00010 42233634
00010 45700302
00010 47049662
00010 52467296
00010 53798486
00010 54541470
00010 62344830
00010 62922666
00010 63915290
00010 64258678
00010 64766144
00010 66725388
00010 68487002
00010 69485256
00010 71551108
00010 76030252
00010 76032432
00010 76882498
00010 79417526
00010 81286902
00010 87306520
00010 88387462
00010 88929114
00010 89833108
00010 91411570
00010 91867314
00010 98234386
00010 100293894
00010 100912122
00010 109031990
00010 110837208
00010 115811208
00010 118166344
00010 120111324
00010 124258368
00010 125447970
00010 125970318
00010 126075994
00010 126121210
00010 127156350
00010 132155740
00010 134804460
00010 135794234
00010 136687322
00010 141237860
00010 141931280
00010 143398240
00010 144285122
00010 149078674
00010 152674302
00010 153536850
00010 154549446
00010 155429170
00010 157021662
00010 159283688
00010 159292186
00010 162455854
00010 164410278
00010 164536214
00010 165003900
00010 165554304
00010 169437608
00010 170249932
00010 174070442
00010 176033662
00010 176243948
00010 180853720
00010 181501314
00010 183294306
00010 185778096
00010 186380182
00010 186953506
00010 187468544
00010 190673678
00010 195838040
00010 198581336
00010 199241188
00010 200882814
00010 204231130
00010 208915274
00010 209658708
00010 212309382
00010 212317760
00010 214225908
00010 218840844
00010 218893278
00010 220233378
00010 220254536
00010 222651170
00010 223660306
00010 223694618
00010 224961076
00010 230506772
00010 234714160
00010 235248612
00010 236334832
00010 237557676
00010 239457638
00010 240186988
00010 240578890
00010 241540422
00010 245037402
00010 245214296
00010 245845514
00010 252471670
00010 252624980
00010 255590960
00010 257557630
00010 257602360
00010 258647622
00010 260479650
00010 260882874
00010 262396666
00010 263256246
00010 265107058
00010 268320270
00010 273103414
00010 273478756
00010 274173026
00010 274911918
00010 279538548
00010 289598904
00010 290060804
00010 291733098
00010 295012038
00010 295426422
00010 297238086
00010 301047422
00010 302493334
00010 302644194
00010 314106182
00010 314691020
00010 314775228
00010 317948844
00010 320560508
00010 322461080
00010 324821394
00010 326656362
00010 331686772
00010 339319572
00010 340002932
00010 340640330
00010 342533366
00010 343469860
00010 345985810
00010 349822144
00010 350285942
00010 352090790
00010 354100506
00010 355694112
00010 356395358
00010 358827784
00010 361001426
00010 362388218
00010 367234158
00010 368382050
00010 369275160
00010 369433064
00010 372046258
00010 372638462
00010 373755874
00010 374014998
00010 376453322
00010 377272610
00010 377968614
00010 387293580
00010 391885922
00010 401753418
00010 403856956
00010 404371122
00010 406049496
00010 406164878
00010 408714658
00010 413350956
00010 416038504
00010 418997392
00010 419585748
00010 421635750
00010 426035728
00010 433929892
00010 435511586
00010 437459780
00010 448469076
00010 448815584
00010 448867142
00010 448964074
00010 449265262
00010 450022656
00010 451948348
00010 455435428
00010 455743042
00010 455886160
00010 456676698
00010 461319818
00010 463854986
00010 466001956
00010 466432680
00010 471488048
00010 472303560
00010 473536434
00010 474274600
00010 475962994
00010 476614436
00010 479464882
00010 482049236
00010 482066414
00010 482882702
00010 487952348
00010 489194928
00010 489981070
00010 490488040
00010 491358108
00010 492874468
00010 495180970
00010 497583536
00010 498400508
00010 502338608
00010 507136360
00010 508154152
00010 508795900
00010 511600690
00010 514528536
00010 522112416
00010 522916494
00010 524758938
00010 531154836
00010 532811286
00010 537416338
00010 538421424
00010 544874406
00010 547135702
00010 547260886
00010 550313850
00010 550860404
00010 553324276
00010 558193828
00010 562077370
00010 564716802
00010 567389386
00010 567404050
00010 568598926
00010 568601060
00010 568625904
00010 568932954
00010 570172948
00010 572602748
00010 573357248
00010 573445854
00010 574045490
00010 576423488
00010 582224346
00010 582988200
00010 585384892
00010 589754016
00010 592214138
00010 593362132
00010 593470080
00010 593471586
00010 593861482
00010 597952648
00010 598230798
00010 598368122
00010 599521542
00010 600470180
00010 606410986
00010 616567068
00010 616648246
00010 617581764
00010 619882656
00010 620262734
00010 621023408
00010 621329652
00010 624334482
00010 629875674
00010 629991330
00010 632052314
00010 632654108
00010 633745114
00010 634085154
00010 637778022
00010 638170962
00010 639206236
00010 641899578
00010 643972848
00010 644119344
00010 647272388
00010 653377244
00010 657140250
00010 663757426
00010 669825274
00010 671471390
00010 672611202
00010 673442486
00010 675458714
00010 678157690
00010 679293388
00010 679725374
00010 680333686
00010 682736024
00010 685411350
00010 685767326
00010 685992068
00010 690184522
00010 693221738
00010 693909192
00010 695171980
00010 695878248
00010 696689854
00010 697149466
00010 701829846
00010 703876010
00010 704274620
00010 704549882
00010 706645778
00010 707389056
00010 707625022
00010 710228476
00010 710442242
00010 710577154
00010 710935054
00010 712567950
00010 713429980
00010 714674154
00010 716045190
00010 719106382
00010 722843224
00010 723484144
00010 723717766
00010 725123244
00010 730392172
00010 730693630
00010 731571224
00010 732159114
00010 732823884
00010 735733300
00010 736753362
00010 737467792
00010 740692374
00010 742669752
00010 743471594
00010 745694210
00010 748290668
00010 748958234
00010 748970760
00010 749842868
00010 749850078
00010 750797990
00010 754950908
00010 755804732
00010 760295062
00010 760417986
00010 761508568
00010 762369538
00010 763464140
00010 769393782
00010 772793456
00010 776199892
00010 776485728
00010 778974232
00010 779141640
00010 780219246
00010 784030560
00010 785419218
00010 785586226
00010 785655902
00010 788965884
00010 789737956
00010 790247514
00010 792717766
00010 793607764
00010 793750068
00010 797327176
00010 801333752
00010 803034058
00010 806694242
00010 806900576
00010 807467614
00010 814420532
00010 815002852
00010 816789550
00010 817585062
00010 817682702
00010 818259632
00010 818815392
00010 823044636
00010 823508538
00010 824870636
00010 825042806
00010 825742200
00010 826973752
00010 827753768
00010 830093882
00010 831877348
00010 833033576
00010 838630054
00010 839905738
00010 840762074
00010 848476022
00010 857938468
00010 857970402
00010 858194710
00010 858502620
00010 859990930
00010 862338366
00010 862709290
00010 863025934
00010 865873434
00010 866423230
00010 866957050
00010 867043140
00010 867552180
00010 869178028
00010 870939754
00010 872620760
00010 876517766
00010 877052886
00010 878059330
00010 879182466
00010 880378532
00010 888505692
00010 899407816
00010 902826538
00010 904878202
00010 905995626
00010 908035996
00010 908291180
00010 912413106
00010 912531382
00010 913603082
00010 920405840
00010 920982032
00010 921376380
00010 922407046
00010 925233690
00010 925433208
00010 926885286
00010 928167884
00010 930045500
00010 930993100
00010 931892856
00010 938059952
00010 938063992
00010 939899550
00010 940010196
00010 940333794
00010 941365572
00010 943657114
00010 945831332
00010 947302806
00010 947820944
00010 948969738
00010 949939398
00010 953349062
00010 955712688
00010 958192472
00010 959497240
00010 962525228
00010 963379002
00010 963431542
00010 965422536
00010 968467294
00010 968928512
00010 971810342
00010 973589406
00010 976287780
00010 980073772
00010 980276834
00010 990557618
00010 990806482
00010 1327520
00010 3065242
00010 3400400
00010 4939926
00010 6734098
00010 10212648
00010 14584690
00010 14892092
00010 18103562
00010 23055396
00010 32827552
00010 35246324
00010 37276430
00010 38251054
00010 44799230
00010 45386652
00010 46009580
00010 46313698
00010 49203620
00010 49294608
00010 52441574
00010 53196860
00010 57297842
00010 58039440
00010 58197012
00010 58380594
00010 62594018
00010 64765528
00010 72349106
00010 73180526
00010 76320170
00010 76425664
00010 77389448
00010 77431080
00010 81666914
00010 83018742
00010 87147640
00010 95138818
00010 98004714
00010 99811110
00010 102712716
00010 103768290
00010 104867662
00010 105117566
00010 107024446
00010 108484178
00010 112040204
00010 112688680
00010 115196560
00010 115208448
00010 117470134
00010 118311044
00010 118549404
00010 120092304
00010 124755712
00010 129549034
00010 130111286
00010 132544676
00010 132713402
00010 133496082
00010 134236794
00010 135880836
00010 136025198
00010 136335812
00010 141791678
00010 144991420
00010 149395996
00010 150020254
00010 151638654
00010 152748744
00010 152906994
00010 158292068
00010 159678182
00010 160011488
00010 163021520
00010 164671604
00010 165503436
00010 168159050
00010 168899730
00010 169705406
00010 170232924
00010 171382048
00010 171510420
00010 173856712
00010 177073634
00010 182200424
00010 182657656
00010 183649322
00010 185292676
00010 191354450
00010 193707696
00010 201363900
00010 202712502
00010 204751188
00010 205439184
00010 206823912
00010 206968130
00010 207962748
00010 211855876
00010 212419100
00010 213140188
00010 216398286
00010 220133410
00010 222193774
00010 224489094
00010 227349762
00010 227694412
00010 229016656
00010 230980142
00010 232180706
00010 233795958
00010 244173060
00010 247484840
00010 248642888
00010 254464596
00010 256268412
00010 260263160
00010 260997686
00010 263747204
00010 268720152
00010 274223980
00010 274948918
00010 276150696
00010 279125982
00010 281575314
00010 283265294
00010 285267700
00010 285287878
00010 286273572
00010 287921744
00010 288087108
00010 290037752
00010 294535328
00010 294658270
00010 296744836
00010 296907746
00010 305918204
00010 309881108
00010 311182252
00010 311245894
00010 311397610
00010 315398238
00010 318214444
00010 326560194
00010 327084084
00010 328505002
00010 329612804
00010 330184570
00010 330812932
00010 332162714
00010 334917100
00010 336836066
00010 338896392
00010 341001006
00010 341502526
00010 342772594
00010 343991804
00010 345604296
00010 345859784
00010 349075428
00010 351038282
00010 352244606
00010 353095778
00010 356274972
00010 358301856
00010 358944230
00010 364343086
00010 366540536
00010 372001598
00010 373346338
00010 373647180
00010 374716584
00010 381928134
00010 384168958
00010 385250652
00010 387360998
00010 391186162
00010 392302002
00010 394880962
00010 396202306
00010 397235746
00010 399438702
00010 401397974
00010 403667692
00010 404404232
00010 410198484
00010 411502790
00010 412960516
00010 413274674
00010 420944702
00010 422821236
00010 423913318
00010 428717048
00010 432654414
00010 434661572
00010 435877542
00010 439222378
00010 440924064
00010 442137924
00010 449909276
00010 450652446
00010 451504706
00010 455223610
00010 455568152
00010 455792264
00010 460099196
00010 460223080
00010 460956112
00010 463777412
00010 465458180
00010 465583672
00010 465941876
00010 467375124
00010 470974602
00010 473393594
00010 476371324
00010 479210306
00010 481239740
00010 481713886
00010 481960714
00010 486712414
00010 487522368
00010 490733828
00010 491226360
00010 491231774
00010 492172610
00010 494348238
00010 497729932
00010 498119016
00010 499988058
00010 501060566
00010 504906210
00010 506686478
00010 510557750
00010 510887060
00010 513765766
00010 515274418
00010 516227454
00010 517697924
00010 518469606
00010 519433226
00010 520244640
00010 520515304
00010 521470664
00010 521567696
00010 522569368
00010 526013486
00010 526159878
00010 526334306
00010 527801630
00010 529030496
00010 529157258
00010 530283456
00010 535420232
00010 535422186
00010 542339238
00010 544824426
00010 547648800
00010 552758154
00010 553421774
00010 559724050
00010 561558664
00010 566334406
00010 566662554
00010 573559902
00010 575611902
00010 577481542
00010 578518810
00010 580565112
00010 581539362
00010 582552728
00010 585187882
00010 585725184
00010 587611058
00010 592360242
00010 593043406
00010 596032094
00010 598821058
00010 599492310
00010 604917552
00010 611366798
00010 616292022
00010 618629004
00010 623119780
00010 627949630
00010 629092228
00010 630732700
00010 632270608
00010 635081362
00010 635749610
00010 640628886
00010 643012290
00010 644864296
00010 647804390
00010 650651218
00010 651717018
00010 652249484
00010 655220366
00010 656601666
00010 657744126
00010 660247320
00010 669206868
00010 671828338
00010 672419076
00010 672854906
00010 678132904
00010 680809692
00010 682348580
00010 683333092
00010 683963640
00010 684440994
00010 685723138
00010 686023542
00010 686805494
00010 692256324
00010 693864230
00010 697175990
00010 700701842
00010 701786724
00010 702821982
00010 707811754
00010 708035732
00010 710816244
00010 717993154
00010 723690212
00010 723902064
00010 725821392
00010 727610274
00010 727795170
00010 729236330
00010 734455046
00010 734680524
00010 735938718
00010 741101874
00010 742600514
00010 743645768
00010 748879590
00010 749192270
00010 753257964
00010 754072042
00010 758201284
00010 759583362
00010 763146594
00010 763668488
00010 764222572
00010 768845980
00010 768868240
00010 770216882
00010 772790562
00010 772803720
00010 774733900
00010 775181984
00010 775274074
00010 775295878
00010 775865738
00010 776302858
00010 776991092
00010 777305252
00010 779041234
00010 779207366
00010 783295222
00010 783323030
00010 785591496
00010 788694824
00010 789191750
00010 794136808
00010 794582450
00010 795007878
00010 801123312
00010 804775166
00010 809182918
00010 815698092
00010 819556786
00010 821095762
00010 821131402
00010 821317072
00010 822770614
00010 823071454
00010 824026080
00010 826091580
00010 827947568
00010 829513776
00010 832345264
00010 836128280
00010 836586854
00010 836901716
00010 837344424
00010 837936604
00010 839612946
00010 842881614
00010 847611546
00010 848594084
00010 851374174
00010 852499060
00010 854687414
00010 855908830
00010 856306880
00010 857434600
00010 857885506
00010 863855208
00010 865520112
00010 869677672
00010 870626630
00010 872309666
00010 872598212
00010 872774958
00010 873437718
00010 876430214
00010 880375226
00010 882464110
00010 883756206
00010 888780844
00010 889066910
00010 891771874
00010 894210464
00010 895593212
00010 895921890
00010 898190028
00010 898221158
00010 904282660
00010 904317836
00010 907193612
00010 908058424
00010 909178848
00010 910468874
00010 914264156
00010 922544968
00010 923390652
00010 923811672
00010 924340910
00010 925227624
00010 926573816
00010 927323256
00010 927488464
00010 928689556
00010 930784294
00010 931283264
00010 931904632
00010 932773212
00010 940794714
00010 942667884
00010 942716290
00010 945396978
00010 946763404
00010 947723194
00010 952365876
00010 954131232
00010 957615146
00010 959963808
00010 963334166
00010 963636764
00010 964681538
00010 965636468
00010 965662180
00010 965684424
00010 970976356
00010 971273994
00010 971634096
00010 971646284
00010 972769488
00010 973289444
00010 973744618
00010 974315524
00010 976052228
00010 976356266
00010 976435156
00010 976838510
00010 977127934
00010 978320324
00010 983139626
00010 983441236
00010 987155580
00010 987989152
00010 988847612
00010 990281538
00010 991403908
00010 992438058
00010 995195564
00010 995461830
00010 996144056
00010 996969386
