00010 2161670
00010 4486680
00010 5698198
00010 11179636
00010 11785838
00010 11909058
00010 15849132
00010 19563236
00010 21638140
00010 27452590
00010 28128070
00010 28426914
00010 30905042
00010 32923666
00010 33893802
00010 35419758
00010 35605264
00010 39626852
00010 45041738
00010 45502340
00010 46979380
00010 50019380
00010 51786442
00010 53527896
00010 54620718
00010 57115406
00010 58264942
00010 64001186
00010 67193912
00010 70088834
00010 70755234
00010 77514100
00010 78006270
00010 78582020
00010 83030998
00010 86835692
00010 92595752
00010 93143652
00010 96988272
00010 97812024
00010 98671190
00010 99263494
00010 101464972
00010 102278596
00010 103689342
00010 104180428
00010 117959568
00010 118889060
00010 119606746
00010 119959220
00010 120272198
00010 120594206
00010 121946826
00010 125735592
00010 131871036
00010 132092372
00010 133884210
00010 134897140
00010 139397804
00010 146000342
00010 149532966
00010 154405836
00010 155147354
00010 158032880
00010 162070236
00010 163411864
00010 166304210
00010 174875672
00010 176737296
00010 176978284
00010 178484894
00010 181977366
00010 183852454
00010 185000136
00010 188202016
00010 188367578
00010 188551352
00010 188901426
00010 191454736
00010 192347900
00010 193720480
00010 197110546
00010 198409058
00010 199876456
00010 200056620
00010 201913338
00010 201975374
00010 203417646
00010 203669412
00010 206012434
00010 206115902
00010 206206312
00010 207101746
00010 207265214
00010 208358274
00010 212108212
00010 214171754
00010 220048520
00010 221378024
00010 225433618
00010 225629054
00010 228903554
00010 229866298
00010 230177962
00010 230997304
00010 235055660
00010 242274868
00010 244193338
00010 247478516
00010 253994196
00010 256404902
00010 266658156
00010 272570556
00010 273767870
00010 275164446
00010 277311846
00010 281676274
00010 282231474
00010 283925376
00010 286913780
00010 287430556
00010 288207538
00010 289245832
00010 293254964
00010 294029954
00010 294710266
00010 295380524
00010 296539056
00010 298156920
00010 304400826
00010 304456284
00010 305139600
00010 307520006
00010 316928204
00010 319334618
00010 321536324
00010 323740502
00010 328020888
00010 339720982
00010 341643446
00010 341959970
00010 342343670
00010 346738130
00010 347494632
00010 349054674
00010 349156044
00010 349736246
00010 354031410
00010 357104088
00010 361571896
00010 367451372
00010 369405010
00010 374115628
00010 378375844
00010 378457366
00010 378830240
00010 380372682
00010 382391580
00010 382515878
00010 392150868
00010 393521042
00010 394265968
00010 394431294
00010 395476488
00010 395826764
00010 396231410
00010 397322088
00010 398777536
00010 400698460
00010 403640940
00010 404443986
00010 406814288
00010 410151440
00010 411606778
00010 413042688
00010 413342130
00010 417355218
00010 423182762
00010 427158754
00010 436171796
00010 437562292
00010 437723592
00010 444345270
00010 448895754
00010 450390926
00010 457949118
00010 459364938
00010 460688494
00010 463840964
00010 467759890
00010 472744238
00010 473275226
00010 473324986
00010 474480938
00010 476342064
00010 478441172
00010 479410252
00010 479464690
00010 481214662
00010 482115478
00010 483587658
00010 487110858
00010 490761890
00010 492051864
00010 498087544
00010 498723098
00010 499520546
00010 500523366
00010 502813960
00010 504109608
00010 505591730
00010 507581842
00010 508606072
00010 509402510
00010 510296364
00010 510791354
00010 510977230
00010 512112422
00010 514949130
00010 516157514
00010 520337304
00010 521171828
00010 523038048
00010 526779310
00010 527760778
00010 528119730
00010 530227634
00010 531469596
00010 532379934
00010 536632290
00010 536912922
00010 537831758
00010 541060048
00010 541260280
00010 541539850
00010 542958250
00010 544471972
00010 546640078
00010 548618458
00010 549035676
00010 551201816
00010 554422882
00010 557219076
00010 558905946
00010 559435572
00010 561017498
00010 565005202
00010 566671256
00010 567624574
00010 568279148
00010 571456780
00010 571509070
00010 573280586
00010 573283140
00010 573440660
00010 576698654
00010 579408016
00010 586637032
00010 588574748
00010 588678646
00010 589442862
00010 592226304
00010 593224196
00010 594615002
00010 596531028
00010 600313074
00010 601662688
00010 602833966
00010 608630516
00010 611215952
00010 613248386
00010 614891366
00010 616113080
00010 616259620
00010 617517962
00010 618032982
00010 619518594
00010 620170470
00010 624950424
00010 626214912
00010 628236302
00010 630434802
00010 635709346
00010 636442460
00010 640563180
00010 640791826
00010 643553430
00010 647045050
00010 648447672
00010 653270958
00010 654246274
00010 655204882
00010 656865024
00010 660152286
00010 661195774
00010 665225158
00010 670136532
00010 670790436
00010 671555158
00010 671976038
00010 674930652
00010 675085806
00010 675395546
00010 675858006
00010 677248446
00010 677716438
00010 681183040
00010 681837488
00010 683872328
00010 687049984
00010 688819570
00010 689968950
00010 690381988
00010 702771362
00010 703533794
00010 705314360
00010 705480502
00010 708985240
00010 710554906
00010 714432410
00010 715023472
00010 715184326
00010 717962610
00010 721199600
00010 724755028
00010 725873756
00010 733723806
00010 734288286
00010 734964882
00010 738542256
00010 751518632
00010 753489152
00010 753933196
00010 755683244
00010 759743650
00010 759943004
00010 760628870
00010 765268674
00010 769836940
00010 780263650
00010 781282686
00010 781863132
00010 786056882
00010 789054080
00010 789862892
00010 792644308
00010 794685448
00010 796950472
00010 797008544
00010 797415234
00010 800148936
00010 801778574
00010 805113320
00010 805516312
00010 809698732
00010 814485962
00010 818531598
00010 819220264
00010 819806526
00010 820839490
00010 823405056
00010 826950842
00010 827053066
00010 831065110
00010 840356766
00010 841687798
00010 842966426
00010 845376214
00010 846577874
00010 847105406
00010 848426444
00010 851274426
00010 852003418
00010 852170188
00010 856913668
00010 857365504
00010 860014344
00010 860351466
00010 864600598
00010 867735548
00010 869368138
00010 871174606
00010 872615758
00010 873111420
00010 876776862
00010 879906650
00010 881988868
00010 882935150
00010 884822032
00010 894754066
00010 895369744
00010 897122206
00010 900584072
00010 902578696
00010 902765488
00010 903943260
00010 906252200
00010 906420462
00010 906941906
00010 911297710
00010 911401820
00010 915111160
00010 916921038
00010 917156526
00010 917279814
00010 917485598
00010 918842034
00010 919114096
00010 922747666
00010 924445568
00010 930215082
00010 930569912
00010 936934968
00010 937534564
00010 941114852
00010 943534482
00010 946983182
00010 947077924
00010 947352044
00010 950601618
00010 956841908
00010 956951740
00010 958029588
00010 960642610
00010 960881754
00010 961177960
00010 962135878
00010 965203850
00010 965758624
00010 966927754
00010 969630540
00010 980759884
00010 985301016
00010 987127748
00010 994702588
00010 996914514
00010 1295764
00010 5193648
00010 5449608
00010 12007704
00010 13897022
00010 16806396
00010 21016774
00010 24059784
00010 24377224
00010 24845380
00010 27514370
00010 31654956
00010 33382250
00010 36362274
00010 37123194
00010 37243698
00010 39890028
00010 40509750
00010 45941626
00010 47477830
00010 48391320
00010 49346754
00010 49598558
00010 51292202
00010 53180692
00010 53941090
00010 55795050
00010 56564058
00010 57378748
00010 60013014
00010 61034574
00010 64594762
00010 64777794
00010 67995158
00010 68539344
00010 70023142
00010 73296224
00010 73565022
00010 75960642
00010 76625688
00010 79072264
00010 84065930
00010 88364644
00010 89328094
00010 92742564
00010 95914146
00010 98760704
00010 99793048
00010 101081320
00010 104201020
00010 105450870
00010 105514934
00010 106290354
00010 106375784
00010 110161322
00010 111256746
00010 113775280
00010 121345160
00010 131243174
00010 133620442
00010 136577952
00010 137133442
00010 137544182
00010 139679440
00010 140058154
00010 140379190
00010 141042138
00010 141928662
00010 142021060
00010 146885640
00010 151767820
00010 153249176
00010 153387236
00010 156382700
00010 156929486
00010 157079110
00010 158474182
00010 160669812
00010 161065958
00010 164866204
00010 165866984
00010 167663864
00010 171124770
00010 171853760
00010 172391732
00010 174085596
00010 175275298
00010 178928178
00010 182906502
00010 183646074
00010 186757494
00010 191341484
00010 194790860
00010 196262334
00010 199738720
00010 200402748
00010 200657658
00010 200819524
00010 203151338
00010 203836536
00010 210903868
00010 215571992
00010 216270906
00010 216680804
00010 216974144
00010 216990428
00010 219742828
00010 221290548
00010 222488652
00010 224454514
00010 224911710
00010 228527506
00010 229600800
00010 232041630
00010 232799294
00010 233425986
00010 233873158
00010 236380000
00010 239414738
00010 239418036
00010 240425200
00010 241415586
00010 242260538
00010 242938366
00010 243460896
00010 244557802
00010 244711468
00010 246750322
00010 248008866
00010 248017734
00010 250544964
00010 251375924
00010 252225438
00010 254000052
00010 258894816
00010 259557902
00010 259640676
00010 263275336
00010 265811780
00010 266047492
00010 266634488
00010 266662924
00010 267144152
00010 268849752
00010 269811608
00010 270083918
00010 270442120
00010 274798404
00010 275983920
00010 279406868
00010 282366730
00010 282573104
00010 283192670
00010 287019854
00010 287039104
00010 287625832
00010 287818258
00010 289186852
00010 291201448
00010 292042276
00010 294637472
00010 299804076
00010 302522156
00010 304028652
00010 304525662
00010 310659708
00010 317371116
00010 319841708
00010 320180640
00010 320680426
00010 321273844
00010 326605718
00010 329719386
00010 330320788
00010 330337628
00010 331184986
00010 333967234
00010 335015688
00010 335914404
00010 338304392
00010 338521962
00010 339397158
00010 346282616
00010 350907844
00010 351067600
00010 351527732
00010 354011258
00010 354953602
00010 356263270
00010 356506988
00010 359500390
00010 362464086
00010 365523782
00010 367234516
00010 369838710
00010 374672608
00010 375006110
00010 375055486
00010 381988576
00010 384302666
00010 390898580
00010 395956734
00010 397426326
00010 398483536
00010 401171152
00010 405105336
00010 408597620
00010 409820788
00010 411832440
00010 420244534
00010 429288984
00010 429600016
00010 431661404
00010 442041302
00010 445288036
00010 447099160
00010 447914904
00010 450053170
00010 450872456
00010 454463608
00010 456320864
00010 462398074
00010 464593660
00010 466567662
00010 466830074
00010 474290526
00010 475481960
00010 477156154
00010 481707858
00010 481795834
00010 482831476
00010 485327924
00010 486294122
00010 486298884
00010 499022480
00010 499625604
00010 499888706
00010 501169442
00010 503296778
00010 506066918
00010 506151564
00010 510378298
00010 510715374
00010 512300074
00010 516722046
00010 519645596
00010 521435184
00010 521534888
00010 524828648
00010 526836822
00010 527923590
00010 528364838
00010 531408572
00010 538686492
00010 542424172
00010 542516454
00010 542758994
00010 545074002
00010 546234796
00010 546681852
00010 550752946
00010 553514160
00010 556868356
00010 557101314
00010 557789516
00010 558132840
00010 560223100
00010 561361560
00010 562275490
00010 564060102
00010 570459426
00010 571100086
00010 574410094
00010 580254798
00010 580657772
00010 584248586
00010 584788936
00010 586546936
00010 589678970
00010 589849434
00010 590032250
00010 590613180
00010 605055278
00010 611202298
00010 611534190
00010 611785374
00010 615040792
00010 615798968
00010 615803290
00010 616999028
00010 618154454
00010 621970422
00010 633410064
00010 636218678
00010 641398756
00010 641464640
00010 641471182
00010 641729982
00010 643439316
00010 644191600
00010 645358830
00010 646689634
00010 647273200
00010 648818660
00010 649472906
00010 651599858
00010 653035572
00010 661043662
00010 661371382
00010 662067544
00010 663198510
00010 665061380
00010 668623504
00010 669625404
00010 672617058
00010 678653562
00010 678997776
00010 681016386
00010 683418314
00010 683781218
00010 689835356
00010 690233312
00010 690942184
00010 694525840
00010 703154982
00010 703486036
00010 704416738
00010 705168022
00010 705290126
00010 705517546
00010 709978082
00010 711660496
00010 711825924
00010 714258396
00010 720543216
00010 723976890
00010 725467818
00010 731000556
00010 732912118
00010 733313064
00010 736249684
00010 743388696
00010 746553692
00010 752830466
00010 753070368
00010 754083138
00010 760209350
00010 763176700
00010 765242400
00010 765960112
00010 769011480
00010 769681038
00010 770853700
00010 770914110
00010 771287696
00010 778546544
00010 780345950
00010 782805666
00010 784369394
00010 784471732
00010 791095572
00010 791533872
00010 793833482
00010 796495506
00010 796812092
00010 798375050
00010 798649948
00010 799492374
00010 802598300
00010 806423610
00010 819501306
00010 821130124
00010 821561422
00010 822938970
00010 824527496
00010 825000616
00010 826317408
00010 826940060
00010 827526022
00010 828175254
00010 828451294
00010 833549250
00010 833606436
00010 833948118
00010 835120438
00010 841824464
00010 851036914
00010 852619850
00010 853261346
00010 853343432
00010 854500902
00010 859469814
00010 859581788
00010 860482208
00010 861497710
00010 862399796
00010 864744032
00010 865133558
00010 866608000
00010 872293194
00010 873140410
00010 874532326
00010 877372370
00010 879813708
00010 882508510
00010 883236060
00010 886100130
00010 887804012
00010 887974702
00010 889342612
00010 890146200
00010 891302282
00010 895528198
00010 895914160
00010 897305002
00010 897420944
00010 897635670
00010 901287150
00010 901411578
00010 902550322
00010 911605146
00010 912168328
00010 913099438
00010 913789612
00010 919142604
00010 926283082
00010 926934510
00010 933405880
00010 934442032
00010 934785498
00010 947167656
00010 949085986
00010 951490082
00010 953509900
00010 956359290
00010 957434072
00010 957803696
00010 957974242
00010 959710946
00010 961255000
00010 964149316
00010 966361948
00010 967010872
00010 968415668
00010 969565226
00010 972555272
00010 974645538
00010 975619562
00010 976235394
00010 976852220
00010 977629652
00010 979435730
00010 984658928
00010 984978492
00010 994178218
00010 994522958
00010 994586126
00010 995059196
00010 996485738
00010 998191572
00010 664288
00010 1574596
00010 6106934
00010 6188816
00010 7947100
00010 9398448
00010 10391602
00010 15667318
00010 26219388
00010 29980030
00010 30822294
00010 31091066
00010 38053238
00010 38865300
00010 42023958
00010 44959990
00010 45001668
00010 45954574
00010 46487412
00010 50275108
00010 52118216
00010 54007230
00010 54644430
00010 54754012
00010 54838136
00010 55626604
00010 59102502
00010 59398290
00010 61998228
00010 66293790
00010 68399976
00010 69157212
00010 70610190
00010 75148152
00010 76139144
00010 80497122
00010 82611882
00010 85316782
00010 88434626
00010 88442252
00010 89144478
00010 89188730
00010 91030782
00010 92639412
00010 93271930
00010 93795212
00010 94917764
00010 94962080
00010 96738128
00010 97499884
00010 101866026
00010 102148034
00010 103748960
00010 103843428
00010 108415576
00010 112389444
00010 116562148
00010 117068124
00010 118107802
00010 123103346
00010 123736622
00010 124963534
00010 127068708
00010 127118160
00010 127129694
00010 130996514
00010 134902426
00010 135978420
00010 136501380
00010 137165726
00010 139053190
00010 140302492
00010 141927448
00010 145495192
00010 145949364
00010 145960250
00010 148950686
00010 148976598
00010 149687680
00010 150318268
00010 152244732
00010 155353382
00010 157416196
00010 159922598
00010 161454174
00010 162549186
00010 164283426
00010 165206876
00010 166867188
00010 168341824
00010 171297150
00010 171467228
00010 172382838
00010 172927774
00010 174246486
00010 174744148
00010 177976280
00010 179009222
00010 180801974
00010 184921432
00010 188364600
00010 190290524
00010 193000084
00010 194151594
00010 194442032
00010 194465310
00010 194541118
00010 196010018
00010 197907124
00010 200534892
00010 200759078
00010 204782664
00010 207237582
00010 213764392
00010 214063596
00010 214506910
00010 215928806
00010 216024012
00010 222121238
00010 222134438
00010 224403426
00010 224449044
00010 225580136
00010 226807716
00010 230597490
00010 232004180
00010 232199440
00010 234010774
00010 234245070
00010 238353952
00010 239117280
00010 242547586
00010 242844754
00010 242852112
00010 250448282
00010 252151874
00010 256156200
00010 259944910
00010 260529338
00010 260693652
00010 261596934
00010 265670396
00010 268411442
00010 270912220
00010 271048414
00010 272404794
00010 273513264
00010 276814788
00010 276897308
00010 277259366
00010 278228580
00010 283866256
00010 285129742
00010 290254180
00010 292653044
00010 294634406
00010 296178466
00010 308729942
00010 309513184
00010 311775438
00010 315342352
00010 317072212
00010 322169172
00010 324243056
00010 329430316
00010 332256978
00010 338205258
00010 347799886
00010 348130096
00010 352907304
00010 354773692
00010 355643340
00010 357924486
00010 359171018
00010 360761638
00010 364119504
00010 364273108
00010 367701902
00010 368309302
00010 368936188
00010 369052046
00010 372174066
00010 373323400
00010 374504952
00010 375109670
00010 375725420
00010 378660412
00010 380790768
00010 385982636
00010 390117130
00010 394559524
00010 394697010
00010 397269982
00010 398816732
00010 401885740
00010 402831222
00010 404562406
00010 407332630
00010 408374078
00010 408524602
00010 410211674
00010 410506946
00010 411974652
00010 414394632
00010 414589196
00010 415115610
00010 418653882
00010 419177736
00010 422501036
00010 422908750
00010 423650168
00010 426021646
00010 429399990
00010 429456788
00010 434044074
00010 440881832
00010 443363806
00010 446084802
00010 449192780
00010 450314012
00010 451321348
00010 453733458
00010 454951422
00010 457263316
00010 457542444
00010 460403166
00010 462228822
00010 462337490
00010 464469946
00010 466572338
00010 470222744
00010 475009576
00010 478068234
00010 479091844
00010 482864690
00010 485024780
00010 487103316
00010 487170434
00010 488040842
00010 489462108
00010 490450910
00010 490543138
00010 490676412
00010 492388486
00010 492873028
00010 493253290
00010 494128132
00010 499421344
00010 500751084
00010 502177512
00010 502417200
00010 509565696
00010 515379876
00010 515579416
00010 515872672
00010 517994206
00010 520957174
00010 521901554
00010 522967784
00010 527239478
00010 530355850
00010 532287548
00010 535786192
00010 540742264
00010 541658786
00010 542129554
00010 549196706
00010 550208416
00010 550385788
00010 551222672
00010 552876944
00010 557564032
00010 559256032
00010 560178326
00010 560920858
00010 561538214
00010 566296462
00010 569462462
00010 579074930
00010 581980328
00010 584731788
00010 585750992
00010 585864666
00010 585871310
00010 587585336
00010 589185036
00010 590313314
00010 591789338
00010 592626556
00010 595723776
00010 597162924
00010 599737084
00010 601049268
00010 601414884
00010 603837372
00010 603948308
00010 607606346
00010 607761082
00010 608849600
00010 610157624
00010 610795078
00010 611947054
00010 615894054
00010 620188306
00010 620301122
00010 620964684
00010 625575344
00010 629136360
00010 639193264
00010 639372076
00010 642481692
00010 643008638
00010 646432230
00010 649667086
00010 650133632
00010 651239242
00010 651614124
00010 651932136
00010 652820772
00010 655694782
00010 655904830
00010 656678502
00010 660370790
00010 660716000
00010 662236048
00010 664034802
00010 664598570
00010 664604258
00010 664655224
00010 665389828
00010 668092908
00010 668846658
00010 674796888
00010 678117562
00010 680106690
00010 683642150
00010 684024528
00010 688931824
00010 692421862
00010 693806768
00010 693991122
00010 694729288
00010 697929268
00010 700373146
00010 700991504
00010 703612502
00010 704481750
00010 708841172
00010 713196996
00010 714722492
00010 716414294
00010 717316020
00010 719700130
00010 719866114
00010 721085422
00010 721728376
00010 724203740
00010 727281328
00010 730247012
00010 741680676
00010 742688730
00010 744173152
00010 746469096
00010 746472462
00010 746732670
00010 746818730
00010 747950062
00010 749742192
00010 761064626
00010 764324372
00010 768736860
00010 769580108
00010 770995870
00010 771115230
00010 771443722
00010 776002320
00010 777047254
00010 781758590
00010 782138868
00010 782941624
00010 782954208
00010 785672568
00010 789344794
00010 791585800
00010 792163318
00010 795056604
00010 797794502
00010 798667498
00010 799147528
00010 799481376
00010 799482554
00010 800190456
00010 801258382
00010 801669114
00010 807221626
00010 809734930
00010 812180566
00010 814851130
00010 815530508
00010 817384454
00010 819359768
00010 820644768
00010 821061920
00010 823058556
00010 826742076
00010 827202650
00010 828330502
00010 833164368
00010 835479990
00010 835977918
00010 838875980
00010 841026634
00010 842371718
00010 844312940
00010 845888302
00010 846828796
00010 848388814
00010 851306090
00010 851431598
00010 851477534
00010 854396676
00010 856213926
00010 857633446
00010 859726182
00010 859929504
00010 860482802
00010 861984490
00010 862893766
00010 863019082
00010 864043296
00010 868813260
00010 878030762
00010 878758374
00010 879478890
00010 879485152
00010 879532582
00010 880142570
00010 880976464
00010 883593380
00010 887592806
00010 888363518
00010 889166858
00010 892473154
00010 894294192
00010 899626792
00010 900792978
00010 903500162
00010 903779658
00010 909512722
00010 913574522
00010 913899036
00010 916500802
00010 917475314
00010 918721348
00010 921191176
00010 925102274
00010 925673586
00010 929841734
00010 931669530
00010 943448408
00010 944301056
00010 945453152
00010 947550174
00010 948903578
00010 950335386
00010 953128592
00010 953758916
00010 955493732
00010 956163148
00010 956570044
00010 963841480
00010 965629018
00010 965949338
00010 969259438
00010 970727226
00010 974125880
00010 974264728
00010 974939684
00010 975797486
00010 977852264
00010 982614676
00010 983463106
00010 987336790
00010 988551632
00010 988793304
00010 991322724
00010 992197182
00010 994335016
00010 994498784
00010 997648810
00010 999592718
00010 999708592
00010 1000181166
00010 3478064
00010 9484406
00010 10098940
00010 13089646
00010 15149008
00010 15693104
00010 18646878
00010 23343206
00010 25658926
00010 26706522
00010 26845650
00010 28008236
00010 28015824
00010 33241364
00010 34900372
00010 37219434
00010 37580138
00010 38155576
00010 38909282
00010 41005592
00010 43104566
00010 43913546
00010 44063088
00010 45891100
00010 49458618
00010 52926704
00010 58325468
00010 59302398
00010 62549328
00010 62795834
00010 66444488
00010 67787492
00010 69424312
00010 74256456
00010 80271894
00010 86865800
00010 87603622
00010 91248652
00010 92600238
00010 92794006
00010 92840586
00010 93359018
00010 93382850
00010 95771808
00010 96829488
00010 103942624
00010 104029666
00010 105021160
00010 109336354
00010 110028048
00010 110434890
00010 111330944
00010 113452360
00010 116826570
00010 117924738
00010 120705268
00010 123623876
00010 125361498
00010 125528632
00010 128301248
00010 129775046
00010 129957830
00010 132119774
00010 133158236
00010 133408948
00010 133937634
00010 136422362
00010 140431550
00010 141924732
00010 143474908
00010 146090128
00010 154517656
00010 155456262
00010 155536450
00010 155548226
00010 157360854
00010 161681078
00010 163060116
00010 163237488
00010 163796112
00010 164740910
00010 168695148
00010 169614766
00010 172799236
00010 172977092
00010 173286858
00010 174178206
00010 174943732
00010 176651446
00010 180080390
00010 182796316
00010 184125068
00010 185212076
00010 186303210
00010 204175750
00010 205442420
00010 208631758
00010 217063548
00010 217349272
00010 218050252
00010 220564010
00010 224920408
00010 224986368
00010 225211628
00010 227742862
00010 233614572
00010 238878038
00010 242401868
00010 242471654
00010 243944266
00010 257456214
00010 259060752
00010 268999840
00010 270234692
00010 271116436
00010 273770160
00010 275219832
00010 276151510
00010 278801408
00010 283089004
00010 286202492
00010 286362262
00010 286967494
00010 288516504
00010 290640050
00010 292356716
00010 292457102
00010 297565522
00010 298125102
00010 300619322
00010 301664074
00010 302439070
00010 305164320
00010 305421142
00010 306515908
00010 306573424
00010 307888274
00010 318391168
00010 319191520
00010 319903786
00010 322974828
00010 324439654
00010 327547804
00010 328013568
00010 330327382
00010 333969754
00010 335910932
00010 338113552
00010 338394224
00010 346231630
00010 349952730
00010 350773696
00010 350789494
00010 355746286
00010 357787014
00010 357962156
00010 358119000
00010 359030398
00010 359815352
00010 360862458
00010 366865004
00010 369042086
00010 372031970
00010 373805608
00010 374610294
00010 383219256
00010 384670710
00010 386505698
00010 389386468
00010 390808900
00010 390811166
00010 398664380
00010 398693320
00010 399499508
00010 400052672
00010 402282620
00010 402769738
00010 403017506
00010 405032186
00010 406029714
00010 406151996
00010 422680252
00010 427141446
00010 427559702
00010 429004382
00010 429403774
00010 431896582
00010 435131130
00010 436719376
00010 436827836
00010 438576436
00010 440252798
00010 440304362
00010 441959866
00010 444457516
00010 445420212
00010 446798486
00010 450354342
00010 451507544
00010 455132042
00010 458275394
00010 461478784
00010 462939004
00010 465229978
00010 467660600
00010 472751910
00010 476182870
00010 477811402
00010 479242856
00010 485221640
00010 488617432
00010 490206714
00010 490353112
00010 493856704
00010 494392062
00010 495306832
00010 497040480
00010 497775242
00010 501749854
00010 503912636
00010 508681978
00010 515333180
00010 515403074
00010 516667474
00010 522194038
00010 524778716
00010 524781540
00010 525170790
00010 527489808
00010 528761886
00010 528780340
00010 531578078
00010 532143938
00010 534614400
00010 535177332
00010 537063406
00010 538534774
00010 538711298
00010 542065808
00010 543708622
00010 544208056
00010 548200590
00010 550244104
00010 555329764
00010 558716274
00010 560060756
00010 561517418
00010 561888260
00010 562184698
00010 563221180
00010 566494734
00010 568155204
00010 569888546
00010 571019870
00010 577569444
00010 582466824
00010 584410896
00010 585941244
00010 589408636
00010 591433142
00010 591591620
00010 594467946
00010 596554578
00010 596648464
00010 602952332
00010 603480484
00010 605209420
00010 605885366
00010 606373904
00010 609486096
00010 610472206
00010 613949404
00010 617727134
00010 617881322
00010 618439610
00010 619662338
00010 620721252
00010 621489830
00010 624836428
00010 625479280
00010 626114528
00010 627335006
00010 628723358
00010 631681542
00010 632571040
00010 632777522
00010 636942910
00010 637580382
00010 638848930
00010 638861196
00010 639714202
00010 648487360
00010 652662426
00010 652774804
00010 653935734
00010 661153422
00010 665078980
00010 666661190
00010 667752010
00010 669351278
00010 670478328
00010 677996596
00010 679218960
00010 680338588
00010 680559604
00010 682023864
00010 686293176
00010 686767064
00010 688298840
00010 693111364
00010 696010706
00010 699100040
00010 699129628
00010 700440710
00010 700477004
00010 704790430
00010 710526540
00010 711232018
00010 711286754
00010 713760788
00010 714085078
00010 715819034
00010 716255070
00010 717454074
00010 718379672
00010 720780406
00010 723703152
00010 730193194
00010 732722256
00010 733827540
00010 733857198
00010 737466774
00010 737729212
00010 738001546
00010 738958776
00010 747574124
00010 749727942
00010 749958014
00010 752030780
00010 752372240
00010 754994322
00010 755068914
00010 755626638
00010 756750738
00010 761724096
00010 763152810
00010 766459244
00010 766701222
00010 768681024
00010 768899914
00010 769951952
00010 769959702
00010 770378954
00010 774294730
00010 774465506
00010 774751616
00010 777125582
00010 783211586
00010 784876662
00010 788099136
00010 790190818
00010 790974304
00010 793424510
00010 796550722
00010 798774340
00010 804755398
00010 805756142
00010 806457614
00010 806475010
00010 807139690
00010 808475452
00010 809102860
00010 816534428
00010 822130360
00010 822951598
00010 825056908
00010 825912598
00010 827045232
00010 827396702
00010 830238768
00010 830825048
00010 831646736
00010 833026724
00010 834570948
00010 836513744
00010 837008210
00010 837689438
00010 838821922
00010 840259514
00010 840680966
00010 841596700
00010 842120124
00010 846708710
00010 848398224
00010 852384496
00010 855009316
00010 860843918
00010 863876184
00010 864043450
00010 865941114
00010 875905560
00010 878259100
00010 879591078
00010 881192536
00010 883083722
00010 885225706
00010 887520504
00010 888847312
00010 888919414
00010 891753730
00010 892132548
00010 894756898
00010 895363930
00010 898224182
00010 898405074
00010 898832744
00010 902237918
00010 910548906
00010 917808876
00010 921308568
00010 926932614
00010 927400242
00010 932194584
00010 932756532
00010 934806432
00010 937551702
00010 938952844
00010 939019936
00010 941629218
00010 941858122
00010 946163312
00010 951085666
00010 959933362
00010 960524426
00010 962124172
00010 963911120
00010 964914408
00010 968383950
00010 969344998
00010 971382914
00010 973476470
00010 974336180
00010 975532738
00010 980923344
00010 982174352
00010 983781382
00010 985477070
00010 990037240
00010 991765548
00010 994534444
00010 994940210
00010 997707128
00010 1000355894
00010 6571642
00010 8264658
00010 8628576
00010 9067972
00010 10050614
00010 10886220
00010 18227582
00010 23705170
00010 23714588
00010 24296070
00010 26154240
00010 26194598
00010 29179584
00010 34834536
00010 37184210
00010 43007346
00010 44684980
00010 46524792
00010 47889314
00010 59876230
00010 60683294
00010 61571470
00010 62371386
00010 64448444
00010 64566348
00010 66536946
00010 67697288
00010 68835686
00010 69472880
00010 73214026
00010 74924994
00010 75231764
00010 79295822
00010 82241204
00010 87108592
00010 87323808
00010 88211394
00010 94721766
00010 95853114
00010 97845472
00010 100632094
00010 103719708
00010 110466462
00010 112129762
00010 112179870
00010 114195422
00010 117329110
00010 123351106
00010 123355614
00010 124477990
00010 127101726
00010 127777922
00010 129138512
00010 129650574
00010 130696894
00010 132679968
00010 136752364
00010 137334756
00010 139117486
00010 139372718
00010 141828848
00010 145451402
00010 147618458
00010 149307220
00010 149589080
00010 155475258
00010 158324074
00010 162494852
00010 164784458
00010 166656250
00010 167973008
00010 169468078
00010 170327058
00010 171418550
00010 173899390
00010 174514346
00010 176422242
00010 176952314
00010 179846766
00010 183190622
00010 186529398
00010 194495494
00010 195985728
00010 202255580
00010 208806576
00010 209905182
00010 210395422
00010 211164812
00010 211785054
00010 212705678
00010 213295700
00010 215670174
00010 215934172
00010 215971748
00010 216904846
00010 217303596
00010 233957760
00010 235799882
00010 236990068
00010 240360292
00010 242360908
00010 242420042
00010 250442234
00010 255780782
00010 256595844
00010 259872832
00010 260037624
00010 262223678
00010 264051014
00010 265893920
00010 268360708
00010 271130012
00010 276347824
00010 279782368
00010 284508832
00010 286268124
00010 288190044
00010 290070528
00010 292165684
00010 293156812
00010 294529802
00010 295520864
00010 295531408
00010 296864716
00010 300029406
00010 301557946
00010 304537058
00010 304752712
00010 305583014
00010 307474394
00010 310928566
00010 311428482
00010 313802834
00010 315711144
00010 316786988
00010 319295058
00010 322122320
00010 323199898
00010 326383756
00010 328424138
00010 329420806
00010 330958664
00010 332724300
00010 334367284
00010 342568352
00010 344218914
00010 345154082
00010 347642076
00010 347701588
00010 348108320
00010 348158472
00010 348587284
00010 350582328
00010 352023768
00010 355885960
00010 356159318
00010 358238814
00010 358312180
00010 361413238
00010 362096556
00010 362408636
00010 362677608
00010 362992204
00010 363159938
00010 364111284
00010 364508952
00010 364634072
00010 365209388
00010 370295684
00010 374307862
00010 374719540
00010 376405238
00010 376594570
00010 377495182
00010 378236350
00010 381316460
00010 381855498
00010 388704848
00010 390007214
00010 394776442
00010 395293756
00010 396188380
00010 396412830
00010 404554862
00010 405600950
00010 407186114
00010 416599406
00010 421593322
00010 425232276
00010 426401694
00010 427051740
00010 428436012
00010 429299572
00010 432160110
00010 436586276
00010 437638868
00010 440022378
00010 442590400
00010 442673344
00010 445340588
00010 447156614
00010 447168932
00010 448373158
00010 449535722
00010 455377138
00010 456067972
00010 463456484
00010 463896328
00010 466487030
00010 470175166
00010 470227700
00010 470712616
00010 473979316
00010 475105140
00010 475900072
00010 477467724
00010 478689142
00010 481707800
00010 482003916
00010 483299664
00010 486297602
00010 486705004
00010 486721080
00010 488308886
00010 494203432
00010 495169076
00010 497298514
00010 500384780
00010 501180912
00010 501396998
00010 505024924
00010 509437536
00010 511076264
00010 520705556
00010 527113098
00010 527526606
00010 531308426
00010 534984954
00010 536133986
00010 536939440
00010 538021964
00010 538156066
00010 538457668
00010 546051700
00010 546950130
00010 548040346
00010 555375310
00010 556685258
00010 558160764
00010 566054566
00010 566064022
00010 567574838
00010 567756748
00010 568330934
00010 569352244
00010 570258394
00010 575126344
00010 579270436
00010 581649596
00010 586311526
00010 586431760
00010 593119886
00010 593126662
00010 593568094
00010 593738746
00010 595590290
00010 595706990
00010 595841306
00010 596377560
00010 596964928
00010 598374048
00010 602260718
00010 607280172
00010 613144728
00010 621394348
00010 622973950
00010 625066890
00010 625984764
00010 629829976
00010 631710138
00010 634886380
00010 637680644
00010 638776760
00010 640001120
00010 647111192
00010 647185492
00010 652385954
00010 653187868
00010 653342386
00010 653348824
00010 654238910
00010 657292786
00010 658586370
00010 659816232
00010 662435636
00010 663626162
00010 665860252
00010 668491046
00010 673639840
00010 673905536
00010 674135392
00010 675904116
00010 678736030
00010 681679630
00010 684093950
00010 684193098
00010 684633512
00010 687594758
00010 688187744
00010 689527088
00010 693067022
00010 693291168
00010 695011942
00010 699705782
00010 699751764
00010 699784140
00010 700884632
00010 704823562
00010 704953160
00010 705472356
00010 709485320
00010 709573534
00010 709576778
00010 717144122
00010 717300694
00010 722722588
00010 723504664
00010 724045764
00010 724403086
00010 728652038
00010 733613592
00010 738380936
00010 739239708
00010 739928088
00010 740820136
00010 742822346
00010 746572026
00010 746733026
00010 748325938
00010 750284092
00010 757777574
00010 758462506
00010 762447466
00010 767673346
00010 768427908
00010 768965776
00010 769121612
00010 773190134
00010 774945740
00010 777801162
00010 780480914
00010 783661206
00010 784745848
00010 785715552
00010 786747850
00010 791344022
00010 796196420
00010 797318858
00010 801336390
00010 801694644
00010 806049750
00010 807750698
00010 808815934
00010 808829412
00010 808997474
00010 810803780
00010 812311472
00010 813297012
00010 815844968
00010 816871258
00010 820881950
00010 821749640
00010 823877024
00010 825375772
00010 826391684
00010 828070756
00010 830674446
00010 831404218
00010 831671792
00010 833171154
00010 833539488
00010 834672954
00010 836992732
00010 837026952
00010 840195546
00010 842328986
00010 843786956
00010 844745048
00010 847432126
00010 852793890
00010 853565680
00010 853871250
00010 859560294
00010 859629142
00010 863358448
00010 865749510
00010 875354302
00010 880495096
00010 880551232
00010 882298542
00010 883215026
00010 887119426
00010 889314350
00010 891926560
00010 894135330
00010 894804410
00010 895882506
00010 896579952
00010 897517176
00010 898008568
00010 900584640
00010 901075300
00010 903040494
00010 904551382
00010 906544968
00010 906717884
00010 907880096
00010 910402708
00010 913050896
00010 913182222
00010 914675124
00010 915073222
00010 917025978
00010 917100264
00010 920704630
00010 923249278
00010 929615446
00010 930080060
00010 931999902
00010 932026024
00010 933829272
00010 936392694
00010 938205276
00010 939656510
00010 940159020
00010 940586554
00010 941968114
00010 948629662
00010 950278876
00010 954995002
00010 958783724
00010 959894604
00010 961580230
00010 964574212
00010 973823344
00010 976819520
00010 976903814
00010 977279986
00010 979386866
00010 981327420
00010 982962362
00010 984885130
00010 988440686
00010 992598486
00010 998261882
00010 1000701934
