00010 886588
00010 5375164
00010 7572808
00010 12894250
00010 17539438
00010 20767976
00010 20953026
00010 21339570
00010 21956790
00010 26067876
00010 26165166
00010 26323494
00010 27914142
00010 31625092
00010 31736550
00010 32725904
00010 35882532
00010 46151418
00010 46975234
00010 51699124
00010 54371540
00010 55063118
00010 57897960
00010 58479258
00010 67387164
00010 68513284
00010 69611220
00010 69643896
00010 70338198
00010 71747222
00010 72140048
00010 73534364
00010 76577234
00010 82866638
00010 82980400
00010 83379204
00010 85460526
00010 85948006
00010 86246600
00010 90401084
00010 91950028
00010 92213246
00010 92214882
00010 95511630
00010 96375220
00010 100628298
00010 102428328
00010 105650136
00010 106568778
00010 110313866
00010 110962124
00010 112528134
00010 112812730
00010 113358840
00010 117716716
00010 119629122
00010 122698948
00010 125264756
00010 125652200
00010 125682048
00010 126348062
00010 127649504
00010 127886638
00010 127974898
00010 128668892
00010 133641648
00010 134406886
00010 139325372
00010 140258802
00010 140522370
00010 140584544
00010 144959548
00010 145372580
00010 146112098
00010 149326802
00010 151007074
00010 152772324
00010 153973864
00010 157397054
00010 162788438
00010 163794528
00010 169009286
00010 173304932
00010 173359892
00010 173518440
00010 174081472
00010 179183022
00010 185598610
00010 187236370
00010 187785180
00010 192456952
00010 192635386
00010 193402312
00010 202107046
00010 202803056
00010 204574496
00010 206184830
00010 206882848
00010 209351268
00010 213199114
00010 213379528
00010 215362728
00010 218837342
00010 223542004
00010 226017770
00010 227800716
00010 229385112
00010 229593084
00010 233893992
00010 236081694
00010 236097440
00010 238143982
00010 241305422
00010 243322400
00010 243486442
00010 244958994
00010 247244372
00010 248025440
00010 248864514
00010 250720838
00010 253999868
00010 255391096
00010 259263828
00010 260103172
00010 262437994
00010 264434320
00010 266909890
00010 268575402
00010 273491500
00010 277503148
00010 279216998
00010 281771668
00010 282814520
00010 287023470
00010 291452616
00010 293688768
00010 294672124
00010 296400914
00010 298228074
00010 299813750
00010 301382680
00010 303016500
00010 304688350
00010 305066300
00010 305267798
00010 309853556
00010 310006568
00010 312316382
00010 313239414
00010 313458484
00010 316245838
00010 316311940
00010 316620830
00010 323066914
00010 323909132
00010 329764862
00010 329808330
00010 329895934
00010 330272096
00010 332270970
00010 333600346
00010 333803456
00010 338636292
00010 339067420
00010 339386478
00010 339975256
00010 341392830
00010 341500230
00010 344573968
00010 350434902
00010 352089492
00010 353091704
00010 353804762
00010 355459198
00010 361425920
00010 362084786
00010 365052544
00010 367350440
00010 367890782
00010 368776804
00010 369269178
00010 371184574
00010 371432516
00010 377699476
00010 378047472
00010 378897854
00010 379649682
00010 380175488
00010 385062896
00010 389135240
00010 389979756
00010 390621288
00010 392367976
00010 393102080
00010 398268584
00010 399712390
00010 400775114
00010 404205600
00010 406857598
00010 407272022
00010 407329938
00010 410455196
00010 410714948
00010 411360386
00010 421835788
00010 426526110
00010 427995546
00010 430451454
00010 431081560
00010 432383710
00010 434801096
00010 437048276
00010 438150576
00010 438560304
00010 439412850
00010 443809378
00010 444720460
00010 444756402
00010 445198644
00010 446243938
00010 449110634
00010 449253780
00010 449661712
00010 449859616
00010 455602364
00010 455960840
00010 458516882
00010 458520712
00010 458986554
00010 461835688
00010 462841210
00010 463617498
00010 465269706
00010 465720902
00010 466466988
00010 466636710
00010 468351100
00010 472517946
00010 476146048
00010 478288418
00010 479626112
00010 480238734
00010 481151608
00010 481963450
00010 488656766
00010 489481416
00010 491276358
00010 491339420
00010 491725046
00010 493833560
00010 494344622
00010 495983126
00010 497199430
00010 504880144
00010 505611952
00010 509236168
00010 510673464
00010 512042440
00010 514280418
00010 516090710
00010 516317310
00010 517123764
00010 517542700
00010 518444846
00010 531923606
00010 534057676
00010 538519014
00010 543665194
00010 543971394
00010 547574396
00010 548681362
00010 551097286
00010 554168458
00010 555746428
00010 562417538
00010 562539402
00010 564927222
00010 565949720
00010 566831268
00010 566996416
00010 567037788
00010 568338320
00010 569102338
00010 572891850
00010 575227964
00010 576113704
00010 577957750
00010 579922774
00010 582427210
00010 584238430
00010 584387776
00010 585611032
00010 587610930
00010 587859448
00010 589177956
00010 589435010
00010 595359088
00010 596826478
00010 596893552
00010 597913330
00010 599926014
00010 602077464
00010 602528332
00010 602962980
00010 605013688
00010 605999104
00010 606011038
00010 606088802
00010 614575076
00010 615622942
00010 617797832
00010 621518364
00010 621995978
00010 622915198
00010 633140330
00010 635848798
00010 635863940
00010 636889726
00010 639308828
00010 641993920
00010 643052196
00010 643107154
00010 649117338
00010 649655940
00010 649768510
00010 652185990
00010 653386502
00010 656558976
00010 661200958
00010 663154200
00010 665454964
00010 666506718
00010 669587658
00010 669740916
00010 671219410
00010 672395352
00010 680189548
00010 681259362
00010 682219196
00010 682738684
00010 690594034
00010 690704422
00010 691257420
00010 693734800
00010 695417494
00010 695821230
00010 696151420
00010 697800366
00010 698638550
00010 698716700
00010 700411190
00010 701096976
00010 701135586
00010 701297144
00010 703470516
00010 703848830
00010 707009122
00010 707475292
00010 708820870
00010 711023484
00010 716190558
00010 717482822
00010 718695526
00010 719235658
00010 720836466
00010 734160758
00010 735761418
00010 741666454
00010 746086734
00010 750835478
00010 751245758
00010 752744348
00010 753594056
00010 760436660
00010 761713398
00010 762397486
00010 768360958
00010 768572114
00010 769837862
00010 774968694
00010 783045674
00010 783088270
00010 786512438
00010 787455464
00010 793013928
00010 793218930
00010 793544494
00010 793609188
00010 794927740
00010 796413676
00010 797112024
00010 797533920
00010 798766244
00010 799266144
00010 799283144
00010 799815228
00010 804816766
00010 811587298
00010 814554302
00010 824662450
00010 825804522
00010 826733004
00010 826865530
00010 829535216
00010 830980458
00010 831568020
00010 835091812
00010 838576428
00010 838730620
00010 844457084
00010 847882734
00010 853078574
00010 854111544
00010 855524104
00010 855712498
00010 856000480
00010 859866414
00010 859867958
00010 860727906
00010 860771608
00010 862664868
00010 863900034
00010 864122720
00010 866953132
00010 868747140
00010 868783756
00010 868971260
00010 869868928
00010 871621272
00010 872149044
00010 873755106
00010 874410496
00010 880775718
00010 881359328
00010 883652428
00010 887795248
00010 889577588
00010 890584384
00010 894342982
00010 895710298
00010 897238226
00010 897889312
00010 899387848
00010 899480440
00010 900448238
00010 900461680
00010 900728084
00010 906072962
00010 906750362
00010 907393462
00010 907575086
00010 908103398
00010 910873408
00010 910911240
00010 915861898
00010 916327530
00010 917274512
00010 921676590
00010 924367072
00010 924370966
00010 924896318
00010 927032448
00010 931470308
00010 932229304
00010 932813632
00010 937245154
00010 939433028
00010 942588270
00010 945049362
00010 946041986
00010 947122212
00010 950429844
00010 950889778
00010 955001372
00010 955660346
00010 957255414
00010 958902016
00010 964626494
00010 966982430
00010 973446694
00010 975433590
00010 976660472
00010 977516546
00010 983829378
00010 986524596
00010 987997782
00010 988115596
00010 989045382
00010 989090142
00010 992297388
00010 996539144
00010 997794924
00010 998439516
00010 4504382
00010 5633804
00010 6299044
00010 6445740
00010 6564612
00010 10309538
00010 10888416
00010 12537854
00010 18075096
00010 24877454
00010 25779562
00010 26273286
00010 26509900
00010 29857020
00010 31028266
00010 31190846
00010 38240704
00010 41528026
00010 41622482
00010 42925146
00010 44997854
00010 47495098
00010 54604320
00010 58094686
00010 58178048
00010 60448136
00010 61348642
00010 66393232
00010 66904490
00010 68147112
00010 68184512
00010 70718100
00010 78137414
00010 79128982
00010 79677792
00010 79808626
00010 80744412
00010 82009660
00010 82071660
00010 82262288
00010 82524436
00010 83827370
00010 85586266
00010 85786660
00010 90096648
00010 90473810
00010 91390852
00010 97960940
00010 100144076
00010 106406026
00010 108903312
00010 109800230
00010 112710846
00010 112930956
00010 113103800
00010 115042134
00010 119485432
00010 127819180
00010 129148012
00010 129789100
00010 130378410
00010 130435010
00010 131692654
00010 143749422
00010 146479010
00010 149583182
00010 149755384
00010 150043784
00010 150149258
00010 152879108
00010 156871200
00010 158361018
00010 158779738
00010 159288950
00010 159337164
00010 159909446
00010 162639052
00010 163647944
00010 165647782
00010 167895492
00010 168068446
00010 171572892
00010 172568998
00010 174018638
00010 174386774
00010 178066142
00010 178717614
00010 179843398
00010 181263968
00010 182808368
00010 183008256
00010 183963970
00010 184805876
00010 185002552
00010 187891294
00010 188720742
00010 189856784
00010 194393704
00010 195175616
00010 196850784
00010 202557920
00010 202916470
00010 203129924
00010 208261426
00010 210031106
00010 211291578
00010 213642896
00010 215247002
00010 215294192
00010 216369148
00010 218426808
00010 219670094
00010 223013658
00010 223455914
00010 230332662
00010 231217354
00010 231726982
00010 233088976
00010 233903398
00010 234648218
00010 237083708
00010 238336398
00010 239226564
00010 239744932
00010 240079412
00010 242436130
00010 245704836
00010 246053658
00010 246391676
00010 246413974
00010 250791366
00010 251337994
00010 252184046
00010 254296896
00010 254617188
00010 256924748
00010 257920210
00010 261161874
00010 262286540
00010 263935908
00010 267365000
00010 267822530
00010 268745274
00010 269884794
00010 271007754
00010 280757134
00010 284079528
00010 284570336
00010 286744772
00010 288721110
00010 289055476
00010 289542460
00010 289727282
00010 289784866
00010 291039796
00010 298303096
00010 301269342
00010 304404796
00010 306543286
00010 307533670
00010 310086240
00010 311529246
00010 312461254
00010 312487298
00010 317210520
00010 321253740
00010 323376606
00010 324134934
00010 324518236
00010 324544558
00010 337478328
00010 337794820
00010 344453976
00010 344456244
00010 344597582
00010 346701182
00010 350060724
00010 351745682
00010 356665376
00010 358222422
00010 362033352
00010 366905768
00010 368724406
00010 369314208
00010 372155118
00010 373402846
00010 375143808
00010 376790978
00010 378624036
00010 381296448
00010 381426654
00010 384009790
00010 385511582
00010 392546040
00010 394617662
00010 395476824
00010 399388648
00010 404874538
00010 405665890
00010 410059210
00010 411634560
00010 414857616
00010 417502216
00010 419003682
00010 419732706
00010 420854980
00010 425360704
00010 432250722
00010 433502288
00010 435756438
00010 436383884
00010 437860060
00010 438107390
00010 438753734
00010 438809590
00010 442589930
00010 442591060
00010 443043010
00010 443559154
00010 450400550
00010 451864364
00010 452141944
00010 452827266
00010 455463786
00010 457998326
00010 463359720
00010 465049128
00010 466936342
00010 467694704
00010 468190016
00010 468733580
00010 469050658
00010 471728952
00010 475773244
00010 475789416
00010 476161902
00010 480148714
00010 480548056
00010 480841812
00010 482970504
00010 484807004
00010 485215288
00010 497219496
00010 497916378
00010 498170748
00010 500191878
00010 502519842
00010 502585070
00010 506019148
00010 506249824
00010 506396278
00010 509260110
00010 511993040
00010 512745812
00010 513573760
00010 515270814
00010 517286672
00010 517745520
00010 518758082
00010 519436406
00010 520281798
00010 521745666
00010 523446694
00010 524172800
00010 524758938
00010 529745540
00010 532073318
00010 532401888
00010 532851192
00010 533188640
00010 533998032
00010 534988942
00010 536654180
00010 537698540
00010 539778678
00010 540063110
00010 540294128
00010 542732576
00010 542838758
00010 543532988
00010 545011658
00010 549536742
00010 550169106
00010 557678334
00010 561193342
00010 564068076
00010 565088132
00010 570638602
00010 571162438
00010 571199272
00010 575994590
00010 577750508
00010 577789922
00010 579226462
00010 582938336
00010 583084604
00010 584360170
00010 584504758
00010 587622608
00010 588895778
00010 589342696
00010 589729306
00010 589956600
00010 591130734
00010 593081010
00010 595951960
00010 596724216
00010 599831838
00010 608016708
00010 609598554
00010 613194840
00010 617614212
00010 623438226
00010 623995070
00010 626148188
00010 626297976
00010 631293604
00010 635814622
00010 637053046
00010 637173832
00010 637311810
00010 640226926
00010 640538174
00010 640600774
00010 641613010
00010 645796030
00010 650521630
00010 655073336
00010 655353490
00010 657253358
00010 657930810
00010 658011220
00010 660252338
00010 662233472
00010 662375516
00010 669963986
00010 671118862
00010 671722922
00010 672247764
00010 672290342
00010 672543148
00010 672577022
00010 673301272
00010 673873648
00010 677729752
00010 678094604
00010 679625332
00010 681221008
00010 685922568
00010 685959426
00010 686187236
00010 686937520
00010 689621274
00010 689833022
00010 690884674
00010 692314710
00010 697367824
00010 698024584
00010 699129380
00010 699928704
00010 699973362
00010 701072464
00010 704483862
00010 705907462
00010 706498674
00010 706608496
00010 706928356
00010 707710252
00010 711678862
00010 713457274
00010 717805540
00010 720724554
00010 725271964
00010 736449554
00010 736699502
00010 738939142
00010 741208890
00010 741464986
00010 744295786
00010 745534598
00010 747259234
00010 747859128
00010 749193914
00010 750405914
00010 750422754
00010 752778672
00010 753861314
00010 755610858
00010 764849932
00010 766457646
00010 770609032
00010 772260838
00010 774004354
00010 774598504
00010 775295836
00010 775967190
00010 776985352
00010 778432670
00010 782881082
00010 787945206
00010 789611946
00010 792195922
00010 795316068
00010 797879468
00010 798474328
00010 801486002
00010 803456892
00010 806178920
00010 807985972
00010 809554832
00010 809656962
00010 813115926
00010 814802152
00010 815231466
00010 817345804
00010 817975098
00010 818122128
00010 820670256
00010 823637368
00010 825713300
00010 827333612
00010 829745888
00010 831246814
00010 832204776
00010 832610714
00010 835001700
00010 835188506
00010 835489676
00010 838603964
00010 839400550
00010 843384426
00010 851225332
00010 852421350
00010 853520206
00010 854233308
00010 854305300
00010 857132292
00010 858763742
00010 867070458
00010 867603922
00010 868452834
00010 870540240
00010 879687804
00010 880277070
00010 880787820
00010 885011236
00010 885234418
00010 886679694
00010 889077894
00010 890684308
00010 893839844
00010 895486410
00010 896002108
00010 899285182
00010 901547606
00010 905000552
00010 906651724
00010 906685708
00010 908642490
00010 909488152
00010 909603392
00010 911855308
00010 912018268
00010 917609608
00010 917770034
00010 919605298
00010 919883252
00010 920329670
00010 922284124
00010 922795030
00010 926926282
00010 928820778
00010 930240206
00010 931889586
00010 933347962
00010 940866204
00010 945183424
00010 948350540
00010 948865380
00010 949459054
00010 950575328
00010 952572856
00010 956022892
00010 956199160
00010 959788516
00010 965147514
00010 967267054
00010 969771838
00010 969920042
00010 974566370
00010 977463654
00010 977865946
00010 979941146
00010 985773350
00010 986777396
00010 990403940
00010 992624182
00010 994545168
00010 995718816
00010 997564128
00010 998037200
00010 998529426
00010 760620
00010 6181374
00010 16011044
00010 17382718
00010 17674630
00010 19331204
00010 19963586
00010 20404844
00010 21574586
00010 22872424
00010 24621108
00010 24842768
00010 25397216
00010 28524358
00010 34134880
00010 34372980
00010 34752966
00010 36660170
00010 38841942
00010 45782674
00010 49418132
00010 51858816
00010 54274186
00010 55449490
00010 57273208
00010 63970836
00010 65874190
00010 65973582
00010 68076920
00010 70799120
00010 73589366
00010 76427438
00010 78578804
00010 82124908
00010 83094044
00010 84194178
00010 89301832
00010 90204848
00010 90534058
00010 91655920
00010 92399488
00010 93611932
00010 93705886
00010 93753686
00010 94097536
00010 95647310
00010 101368546
00010 102482312
00010 102868754
00010 107434502
00010 108655664
00010 108657474
00010 110429326
00010 114938438
00010 116528116
00010 116671994
00010 117563958
00010 117687228
00010 120633760
00010 121882078
00010 122432460
00010 122556556
00010 124641502
00010 125465844
00010 126071738
00010 130548856
00010 131371378
00010 131558086
00010 133654722
00010 133787282
00010 135553598
00010 136103360
00010 139195560
00010 142863048
00010 142974776
00010 143040136
00010 143257252
00010 143432118
00010 144093678
00010 144829408
00010 146262454
00010 148351522
00010 148607980
00010 150495514
00010 150569060
00010 153629084
00010 155250152
00010 155263104
00010 162059524
00010 165895262
00010 169067752
00010 170912928
00010 171324082
00010 174496152
00010 175952596
00010 175995102
00010 177558916
00010 180514934
00010 181341014
00010 183309756
00010 183763328
00010 184049268
00010 184983214
00010 186443434
00010 187745542
00010 192235214
00010 194282804
00010 197239070
00010 197674088
00010 198091074
00010 198742130
00010 203121376
00010 205448188
00010 206295230
00010 213093438
00010 213200556
00010 213743882
00010 214441178
00010 217919256
00010 218274354
00010 221105350
00010 221983304
00010 222150794
00010 223336024
00010 223889518
00010 225040270
00010 225542516
00010 231331880
00010 235217684
00010 236598026
00010 238020712
00010 241454022
00010 241775422
00010 242645440
00010 245751200
00010 246676122
00010 248153904
00010 248171374
00010 250191988
00010 250238574
00010 254970574
00010 259264848
00010 259718594
00010 260978192
00010 261018676
00010 264898720
00010 265109334
00010 265709600
00010 272412092
00010 272480928
00010 274943272
00010 275217706
00010 276410738
00010 283384660
00010 283611416
00010 284256512
00010 285835764
00010 287149586
00010 287237088
00010 292834504
00010 293253146
00010 295107872
00010 295139198
00010 295360268
00010 296304910
00010 297340536
00010 304624872
00010 304927896
00010 305923040
00010 309431810
00010 310619292
00010 311300630
00010 314297542
00010 318004356
00010 319171386
00010 323667396
00010 324455474
00010 327734894
00010 330405352
00010 335281932
00010 336261440
00010 337110100
00010 338400060
00010 340152946
00010 340911846
00010 346664904
00010 347694808
00010 347936622
00010 349639412
00010 351205220
00010 351263426
00010 352549002
00010 361036302
00010 361695168
00010 362196498
00010 364371968
00010 371376668
00010 373202714
00010 373281764
00010 374236448
00010 375503996
00010 376623624
00010 378138956
00010 378535774
00010 378623576
00010 380834672
00010 382125458
00010 383299042
00010 383327046
00010 383853034
00010 390196480
00010 391691546
00010 392060406
00010 392444246
00010 392769514
00010 394306558
00010 400210258
00010 401731354
00010 402207782
00010 402234960
00010 404641478
00010 405326480
00010 405699134
00010 408907734
00010 416701830
00010 417809858
00010 418398680
00010 419624398
00010 420085902
00010 422110710
00010 423146088
00010 425246812
00010 426675488
00010 426743682
00010 427303940
00010 433246348
00010 434597852
00010 438530556
00010 442300302
00010 448139196
00010 450477308
00010 451590768
00010 452356574
00010 454717186
00010 456427748
00010 458481344
00010 458500380
00010 458565848
00010 460165094
00010 466196108
00010 466646912
00010 468808264
00010 469130752
00010 469936698
00010 469985922
00010 475491146
00010 477568828
00010 482737228
00010 483088854
00010 483490970
00010 483920108
00010 486020404
00010 486542706
00010 487471098
00010 500715772
00010 504561116
00010 508458606
00010 510212890
00010 511055158
00010 511303498
00010 512273670
00010 516438526
00010 517703088
00010 518630080
00010 519599550
00010 520521344
00010 523288964
00010 526272340
00010 526482984
00010 529727006
00010 530311326
00010 530564720
00010 531406156
00010 533136100
00010 537151108
00010 539140258
00010 540703544
00010 545473042
00010 549408462
00010 549859480
00010 551688282
00010 554695824
00010 556435206
00010 558184250
00010 558186154
00010 563088372
00010 564555728
00010 565949972
00010 566771376
00010 569557620
00010 570136838
00010 576589304
00010 578155370
00010 579521974
00010 580905766
00010 583566282
00010 592295872
00010 593862246
00010 600214172
00010 602165930
00010 603215364
00010 603638354
00010 604298034
00010 604337478
00010 607265452
00010 609418510
00010 609555904
00010 610846200
00010 613221732
00010 615384706
00010 620047754
00010 622825198
00010 622856104
00010 623669316
00010 626322562
00010 628553818
00010 629668928
00010 630055086
00010 631686564
00010 638076200
00010 638400990
00010 639367188
00010 644321714
00010 645098908
00010 645504674
00010 647565498
00010 647733880
00010 647846732
00010 647968362
00010 648280266
00010 649819720
00010 650484470
00010 653786604
00010 656248658
00010 658742774
00010 660784624
00010 664972972
00010 666292838
00010 666442468
00010 666873700
00010 668153136
00010 672722190
00010 673677908
00010 675167692
00010 678227862
00010 679320590
00010 680438586
00010 681914376
00010 682023472
00010 682766650
00010 683976652
00010 685123506
00010 688748470
00010 690852506
00010 694534860
00010 696664404
00010 697747904
00010 699999058
00010 714269678
00010 720542190
00010 722460198
00010 723993196
00010 724848228
00010 725183718
00010 725449118
00010 726196260
00010 727920946
00010 730268148
00010 735059186
00010 745075888
00010 745968490
00010 746139906
00010 748233050
00010 752339018
00010 752571092
00010 756700022
00010 757559656
00010 759432862
00010 759641530
00010 759644470
00010 761564932
00010 763724394
00010 764287898
00010 766742574
00010 769195056
00010 769238668
00010 770979444
00010 775377908
00010 778252164
00010 781723032
00010 782488990
00010 785615152
00010 788067630
00010 789437756
00010 793661458
00010 796932198
00010 797314880
00010 797680000
00010 801527776
00010 802967158
00010 803175208
00010 807025044
00010 807341018
00010 810530160
00010 816690474
00010 820973116
00010 823261052
00010 823722936
00010 831120246
00010 836541956
00010 837543624
00010 837765620
00010 838621556
00010 838719864
00010 839790004
00010 840888984
00010 842745438
00010 844715590
00010 849305442
00010 850734102
00010 855020208
00010 855264750
00010 856921616
00010 858420786
00010 860187580
00010 860411942
00010 860464276
00010 860803150
00010 861933022
00010 862747476
00010 863434150
00010 866832708
00010 867851896
00010 868647350
00010 871801846
00010 872411910
00010 874193164
00010 876320498
00010 881417758
00010 883477962
00010 883553328
00010 889339188
00010 890056408
00010 892202230
00010 892613514
00010 896375754
00010 897144866
00010 899852942
00010 900351440
00010 901599920
00010 904236882
00010 904394616
00010 906047228
00010 907155558
00010 907944382
00010 908556788
00010 912034204
00010 916982500
00010 918304160
00010 920127318
00010 921275922
00010 922181882
00010 928956460
00010 933517362
00010 934638930
00010 936874992
00010 939598828
00010 941997086
00010 942352294
00010 945125286
00010 945646538
00010 946815818
00010 947878096
00010 950543692
00010 953165296
00010 953739182
00010 955837786
00010 957166668
00010 958020686
00010 958464558
00010 959813262
00010 961001934
00010 961044830
00010 962304888
00010 963631586
00010 970285368
00010 970505140
00010 971666746
00010 972507652
00010 972986376
00010 972999486
00010 975787648
00010 984753330
00010 984894202
00010 985146178
00010 986406746
00010 986654098
00010 990582606
00010 990903400
00010 992658710
00010 992893742
00010 994940764
00010 997919078
00010 999835660
00010 999905470
00010 8237820
00010 8946470
00010 13401468
00010 15109594
00010 19932334
00010 22705426
00010 22766166
00010 29447446
00010 30050094
00010 34769098
00010 34809008
00010 36325242
00010 39853950
00010 42759156
00010 44323236
00010 46380106
00010 51226838
00010 51242142
00010 51292360
00010 55611082
00010 61848142
00010 63122320
00010 64218018
00010 64852496
00010 72184448
00010 79769986
00010 83355878
00010 84368442
00010 85429842
00010 86992286
00010 89351234
00010 94879140
00010 98124188
00010 98138322
00010 99208590
00010 102829080
00010 104752592
00010 105366636
00010 106016900
00010 109710990
00010 111862668
00010 113032432
00010 114975278
00010 115412570
00010 116980006
00010 128550034
00010 128909818
00010 129800704
00010 131415872
00010 135922148
00010 141550288
00010 151812606
00010 151895546
00010 152317616
00010 154393708
00010 154782870
00010 155460014
00010 157579624
00010 157930670
00010 159818080
00010 162000978
00010 162348960
00010 164890288
00010 166322924
00010 166840000
00010 168537108
00010 168538626
00010 170478232
00010 174180870
00010 180619144
00010 184428418
00010 185359230
00010 191421480
00010 192908040
00010 193056402
00010 194591688
00010 194664730
00010 195184738
00010 198713742
00010 198717722
00010 202752110
00010 203402670
00010 205209926
00010 205267578
00010 206294986
00010 208677448
00010 213820098
00010 214276562
00010 214919676
00010 216493170
00010 217418774
00010 217468906
00010 217580850
00010 219787090
00010 221261988
00010 224544774
00010 225387804
00010 225389518
00010 225563566
00010 234410350
00010 235139470
00010 237304316
00010 238386124
00010 241234452
00010 244174016
00010 245527768
00010 246746270
00010 248357208
00010 250897630
00010 253661610
00010 255600284
00010 256896084
00010 258590186
00010 261071486
00010 262622636
00010 263644844
00010 264748196
00010 265039684
00010 267927868
00010 270484408
00010 270677806
00010 271526578
00010 271845526
00010 276626606
00010 276700986
00010 277169834
00010 279128132
00010 280248676
00010 280972878
00010 282318784
00010 285163204
00010 285873664
00010 288188610
00010 289498598
00010 293256660
00010 296559368
00010 296757374
00010 297686922
00010 299464176
00010 299980774
00010 300002742
00010 300465522
00010 301065360
00010 303762896
00010 304300236
00010 308664220
00010 310588152
00010 312469804
00010 314065610
00010 314745370
00010 315021950
00010 317401580
00010 317773612
00010 318246886
00010 319365360
00010 319845316
00010 320372960
00010 320403742
00010 322070126
00010 323729242
00010 324205822
00010 324259424
00010 324618062
00010 326762146
00010 331016154
00010 331676446
00010 333099036
00010 333589638
00010 334718094
00010 340348272
00010 348159188
00010 350635618
00010 352001636
00010 355576826
00010 356019388
00010 358410164
00010 361240042
00010 362222730
00010 362702734
00010 363082074
00010 365498804
00010 366145964
00010 370609176
00010 372893474
00010 373020018
00010 373815020
00010 374368156
00010 374430436
00010 375692142
00010 379662448
00010 382577956
00010 382670468
00010 385123914
00010 388012496
00010 390355238
00010 391044336
00010 395770570
00010 396427300
00010 396956250
00010 398796778
00010 399583866
00010 405607564
00010 410235580
00010 410320592
00010 410749902
00010 417598036
00010 429053028
00010 429357582
00010 429509154
00010 431651036
00010 434134802
00010 435267862
00010 441889532
00010 443336986
00010 443493626
00010 443718568
00010 444112330
00010 446057510
00010 450887546
00010 452631358
00010 453650260
00010 456294990
00010 456805820
00010 457853858
00010 460371790
00010 460789856
00010 461421986
00010 461497484
00010 462092922
00010 465249600
00010 473246382
00010 474718546
00010 475414400
00010 476610372
00010 477184540
00010 478155788
00010 479826286
00010 480957166
00010 482166882
00010 484725674
00010 485027370
00010 489503492
00010 491787422
00010 493505778
00010 495646458
00010 496388260
00010 497608942
00010 499607306
00010 502013368
00010 503851542
00010 506389064
00010 509096454
00010 509260464
00010 512318460
00010 515415694
00010 517999318
00010 520557938
00010 521291228
00010 522506068
00010 522799200
00010 525092870
00010 525133956
00010 529283274
00010 530675552
00010 533511332
00010 540742304
00010 542518166
00010 543099466
00010 543101348
00010 545407236
00010 545477712
00010 550376308
00010 551348152
00010 556762476
00010 556795596
00010 560766942
00010 560819214
00010 563020018
00010 563500658
00010 563998830
00010 566466876
00010 567606808
00010 573207522
00010 573697496
00010 573922086
00010 575024092
00010 577626906
00010 579231786
00010 581890318
00010 584516596
00010 588619328
00010 593776364
00010 594599866
00010 595223306
00010 595499732
00010 600167178
00010 600663476
00010 605917070
00010 606196296
00010 606203408
00010 606486042
00010 610198254
00010 613420006
00010 614424082
00010 616453130
00010 620602822
00010 626411576
00010 633226078
00010 636230984
00010 642513692
00010 647972902
00010 648778670
00010 650438340
00010 652720578
00010 658806872
00010 658923040
00010 660674048
00010 662802526
00010 666537406
00010 667233726
00010 668364000
00010 670001276
00010 671766278
00010 675565264
00010 675963864
00010 678265122
00010 680790636
00010 685746824
00010 687520136
00010 689239618
00010 689648762
00010 691476802
00010 691976760
00010 697969854
00010 698126930
00010 699699970
00010 700997880
00010 701209436
00010 701278190
00010 705188750
00010 706063906
00010 707687044
00010 707743276
00010 708867898
00010 711659460
00010 713323996
00010 714760788
00010 715286042
00010 715902392
00010 716306506
00010 717985682
00010 724799936
00010 725279792
00010 729206982
00010 729421026
00010 731936026
00010 735047608
00010 735727638
00010 736261590
00010 736878116
00010 738540354
00010 738753298
00010 739180276
00010 744449220
00010 744943994
00010 745330112
00010 747011718
00010 751113696
00010 752248908
00010 761783480
00010 766369308
00010 766599110
00010 770391368
00010 772185764
00010 775199050
00010 779457864
00010 784226278
00010 787311100
00010 791508842
00010 791962226
00010 797460906
00010 797524706
00010 803495400
00010 804878688
00010 805907602
00010 808316770
00010 808520250
00010 808832484
00010 809613778
00010 811541804
00010 812141144
00010 814175104
00010 814369702
00010 814380182
00010 814727724
00010 817564806
00010 820026540
00010 821148812
00010 821335206
00010 823594050
00010 823971546
00010 827065404
00010 830825420
00010 831127842
00010 835164132
00010 836746102
00010 846820476
00010 854409224
00010 856419266
00010 857867270
00010 860698632
00010 860699648
00010 865841572
00010 871291044
00010 872951106
00010 877415164
00010 878174914
00010 881509538
00010 883216982
00010 883324344
00010 884970722
00010 889025770
00010 895181520
00010 897903292
00010 898340692
00010 898768404
00010 902113062
00010 904339578
00010 905916986
00010 908509908
00010 912240352
00010 914585282
00010 916642516
00010 918020742
00010 919868734
00010 921229470
00010 927001048
00010 927085118
00010 929361072
00010 931604908
00010 933941932
00010 936318382
00010 939660158
00010 941571650
00010 941894284
00010 945393756
00010 946825282
00010 947160176
00010 949892162
00010 956349222
00010 956571262
00010 956881906
00010 957281738
00010 960381314
00010 964006310
00010 965416754
00010 968640882
00010 970785284
00010 974945842
00010 976294754
00010 977743956
00010 978027786
00010 979492730
00010 981177322
00010 981915802
00010 984706298
00010 985586614
00010 987474762
00010 989249928
00010 991741134
00010 992955810
00010 994060940
00010 997975238
00010 904106
00010 6651980
00010 7014144
00010 7731966
00010 13246908
00010 23293578
00010 25233608
00010 33506358
00010 35380900
00010 35653598
00010 36941136
00010 37439744
00010 40520532
00010 44235708
00010 47847264
00010 49353128
00010 51187726
00010 53953436
00010 57720256
00010 58158408
00010 61395512
00010 65968898
00010 67196756
00010 69099432
00010 69170966
00010 69640110
00010 71475296
00010 71896512
00010 73672134
00010 73785018
00010 74287776
00010 74711086
00010 80983250
00010 82896932
00010 83122166
00010 87691556
00010 87710182
00010 96395424
00010 96976206
00010 100363688
00010 101244760
00010 103595360
00010 107415666
00010 109957614
00010 114715326
00010 114821564
00010 119660652
00010 120536624
00010 124267770
00010 124920120
00010 125931554
00010 134372906
00010 134930470
00010 137087380
00010 150422168
00010 156259988
00010 156484438
00010 157728952
00010 159876078
00010 170975974
00010 171481026
00010 174740936
00010 177590008
00010 177824260
00010 178810614
00010 179202668
00010 180384884
00010 181072416
00010 181119500
00010 184727924
00010 187662956
00010 193437254
00010 198008584
00010 198138918
00010 198984118
00010 198989764
00010 199724498
00010 200246978
00010 200504406
00010 203389766
00010 212420458
00010 213119132
00010 222570740
00010 223251120
00010 223908582
00010 226124654
00010 227870836
00010 228150114
00010 231183774
00010 231463338
00010 231696230
00010 235115934
00010 235324102
00010 244949798
00010 245270826
00010 246028954
00010 249329052
00010 249944876
00010 251818168
00010 253222150
00010 253981678
00010 254627674
00010 258682656
00010 258805700
00010 262518412
00010 265830080
00010 266254316
00010 267678194
00010 267694286
00010 268371558
00010 271431582
00010 273014476
00010 275823746
00010 277236074
00010 277237656
00010 280553704
00010 282487922
00010 282770468
00010 284174862
00010 285353920
00010 287241708
00010 288985848
00010 289555274
00010 290593014
00010 291067190
00010 293823110
00010 294258644
00010 296161616
00010 296729886
00010 298411100
00010 299559162
00010 301063660
00010 303467388
00010 304342840
00010 310296552
00010 310929050
00010 311396236
00010 312108950
00010 316230730
00010 318510046
00010 319872658
00010 320858716
00010 324323838
00010 324464026
00010 328664338
00010 329135276
00010 329857648
00010 335742456
00010 337055758
00010 337513898
00010 340039462
00010 345088194
00010 348020442
00010 348907410
00010 351666950
00010 351888174
00010 354071980
00010 358785048
00010 359369792
00010 361902640
00010 371587996
00010 373117382
00010 380685558
00010 382600054
00010 387749880
00010 389869282
00010 393394144
00010 397025806
00010 399158840
00010 399467908
00010 401354272
00010 404902308
00010 405807768
00010 406326928
00010 407075990
00010 409605906
00010 410971404
00010 414669652
00010 415482298
00010 422696954
00010 423007846
00010 423817570
00010 424241906
00010 425145002
00010 426927616
00010 427418022
00010 427764696
00010 429412044
00010 431544628
00010 435103066
00010 439022170
00010 439293874
00010 439681274
00010 441552134
00010 442668806
00010 443686976
00010 444827642
00010 445778778
00010 446507504
00010 448743410
00010 449396718
00010 449977522
00010 451925336
00010 453566330
00010 456745948
00010 457428178
00010 460588142
00010 461439840
00010 461597046
00010 461675782
00010 461804628
00010 462410670
00010 463668180
00010 466363954
00010 467046042
00010 468502858
00010 469911800
00010 471592470
00010 475213154
00010 475695114
00010 476569212
00010 477532898
00010 480218068
00010 481294248
00010 483180246
00010 484347280
00010 487189426
00010 495386484
00010 498573872
00010 504781476
00010 505339972
00010 509659044
00010 510076616
00010 515131796
00010 516157052
00010 517938718
00010 521011762
00010 522503422
00010 524791534
00010 527036916
00010 528731790
00010 530420568
00010 531477944
00010 532118278
00010 532628936
00010 533042772
00010 533076488
00010 535235390
00010 536274746
00010 537276156
00010 537318676
00010 537891198
00010 541174286
00010 541551196
00010 542974990
00010 543991372
00010 545531062
00010 548478892
00010 553726800
00010 556096850
00010 558103324
00010 559006100
00010 559500062
00010 560964952
00010 567163348
00010 571494982
00010 572092864
00010 577137516
00010 579409066
00010 579716696
00010 580350894
00010 582973522
00010 585880418
00010 587495888
00010 587504026
00010 587554882
00010 588928766
00010 589074516
00010 593379772
00010 593707898
00010 595646122
00010 598650658
00010 598724558
00010 599649850
00010 603285406
00010 607672368
00010 608095348
00010 608722238
00010 609783478
00010 610388518
00010 610769870
00010 610965458
00010 611784002
00010 613396106
00010 615997846
00010 617199100
00010 618598516
00010 621200440
00010 621526612
00010 622310770
00010 628474254
00010 631140590
00010 632038824
00010 638391978
00010 639177682
00010 646554050
00010 651232934
00010 651849320
00010 653217128
00010 655451576
00010 657086538
00010 659157740
00010 661399792
00010 662158810
00010 665599170
00010 668682526
00010 668822802
00010 669285874
00010 670474630
00010 670550460
00010 670748766
00010 673907694
00010 673977896
00010 677790382
00010 677883782
00010 678173968
00010 678589956
00010 679668488
00010 679688664
00010 680250304
00010 682042156
00010 685321954
00010 689724256
00010 694714456
00010 699836764
00010 699935408
00010 700005652
00010 700456806
00010 700487004
00010 703167152
00010 708713520
00010 711488814
00010 713555132
00010 715468230
00010 718453914
00010 720103288
00010 725416768
00010 726317330
00010 727742842
00010 727813244
00010 732772338
00010 733382544
00010 734697040
00010 735308450
00010 740305836
00010 741077508
00010 742452026
00010 744575356
00010 744945612
00010 746061544
00010 748551924
00010 749292740
00010 755271066
00010 756994946
00010 757441780
00010 758148614
00010 759790872
00010 759870008
00010 760704610
00010 761218694
00010 763353068
00010 766090162
00010 768261648
00010 771562280
00010 772133918
00010 774751784
00010 778056244
00010 784395038
00010 786985172
00010 787525554
00010 787755086
00010 789599320
00010 791670710
00010 792187996
00010 801479294
00010 802254234
00010 802508738
00010 803479614
00010 804397224
00010 804674076
00010 805017208
00010 810392528
00010 810518720
00010 813453142
00010 814010726
00010 818362866
00010 822270462
00010 829153936
00010 830503148
00010 833652510
00010 837918512
00010 837944196
00010 842221690
00010 844458554
00010 844484248
00010 845429226
00010 845565778
00010 847036400
00010 849371428
00010 852034442
00010 853766322
00010 863686480
00010 864204164
00010 864360196
00010 866319478
00010 867500366
00010 869258842
00010 869355564
00010 872151114
00010 874503484
00010 877008818
00010 881007734
00010 883410464
00010 885735726
00010 888262302
00010 891733268
00010 893508422
00010 893606608
00010 895417778
00010 897397496
00010 899697306
00010 905527690
00010 909920838
00010 910522190
00010 910896122
00010 912971792
00010 921798696
00010 927992442
00010 929324690
00010 929490978
00010 934462232
00010 934546998
00010 944143400
00010 944502562
00010 945163074
00010 945908688
00010 947777418
00010 947832410
00010 948391940
00010 949193138
00010 949896000
00010 957038804
00010 964545266
00010 966197904
00010 971542274
00010 971644106
00010 971817214
00010 972040608
00010 973739824
00010 976961944
00010 980407120
00010 981869036
00010 982324792
00010 983696114
00010 985712290
00010 989566032
00010 991546232
00010 994482686
00010 995368796
00010 996886550
00010 463928
00010 896932
00010 2787220
00010 5405328
00010 8799308
00010 9063770
00010 10510358
00010 10528218
00010 17558092
00010 19156356
00010 20145012
00010 20261308
00010 21196760
00010 22026192
00010 24368410
00010 25042796
00010 25648750
00010 29192758
00010 30156622
00010 30233422
00010 31031972
00010 36108136
00010 36556610
00010 39584622
00010 39829826
00010 40870880
00010 48275894
00010 49825328
00010 53125432
00010 53332782
00010 59505308
00010 61509536
00010 64416456
00010 65372244
00010 66281212
00010 67566578
00010 71321592
00010 72104920
00010 75695728
00010 77155662
00010 77949366
00010 79313154
00010 80115484
00010 81096836
00010 86038336
00010 86831934
00010 87590578
00010 90213352
00010 96660346
00010 97649330
00010 98672954
00010 101368396
00010 104802668
00010 107985910
00010 109742324
00010 109934394
00010 115349624
00010 116141468
00010 119325858
00010 120850492
00010 122147432
00010 123905200
00010 126142818
00010 128375714
00010 130060508
00010 133558836
00010 136504642
00010 138702094
00010 138795876
00010 139372850
00010 142741792
00010 143054256
00010 144450060
00010 147564786
00010 148040932
00010 148535082
00010 149477332
00010 150107828
00010 153574258
00010 155823842
00010 157825780
00010 160033446
00010 161214230
00010 167843060
00010 169852352
00010 170310164
00010 172890410
00010 173055010
00010 174810630
00010 176082766
00010 176844010
00010 179196152
00010 184172266
00010 184217020
00010 184819984
00010 190114646
00010 191473132
00010 191712030
00010 195180114
00010 195846170
00010 197055638
00010 197663564
00010 197972818
00010 198229326
00010 198318384
00010 199086766
00010 203588678
00010 212336670
00010 212438270
00010 212662726
00010 217487712
00010 220316906
00010 222791808
00010 225265188
00010 225760634
00010 227199250
00010 227285012
00010 228289236
00010 229563748
00010 230161656
00010 231235106
00010 231659058
00010 233574068
00010 236853688
00010 240046292
00010 245248104
00010 246458386
00010 250187440
00010 251124056
00010 253455632
00010 256149636
00010 256233472
00010 256323452
00010 256509496
00010 257522728
00010 261891178
00010 262191688
00010 264217066
00010 265792682
00010 266918924
00010 266996750
00010 268170578
00010 271102870
00010 276882878
00010 283533064
00010 284941536
00010 286320316
00010 288160702
00010 288679078
00010 290382462
00010 295337982
00010 296352356
00010 296584170
00010 298882342
00010 299683052
00010 306891284
00010 308289674
00010 312450486
00010 315518098
00010 316021234
00010 317070600
00010 317787286
00010 323801076
00010 324550268
00010 324804542
00010 326118898
00010 327884900
00010 327945332
00010 335215666
00010 335697206
00010 338163130
00010 339331178
00010 341362878
00010 342436780
00010 345674920
00010 347312842
00010 347737854
00010 352970544
00010 355136506
00010 356213786
00010 356253246
00010 358013202
00010 358810852
00010 358820272
00010 361727026
00010 362279892
00010 365295890
00010 366087652
00010 371006924
00010 372516164
00010 372549114
00010 372709338
00010 376020658
00010 379930536
00010 383710014
00010 383714480
00010 390631334
00010 395147288
00010 401214904
00010 401835918
00010 402613862
00010 403523406
00010 406031044
00010 406630062
00010 411270908
00010 412506286
00010 413793764
00010 414296430
00010 416713536
00010 418906012
00010 424914218
00010 425117886
00010 428967392
00010 429851056
00010 433123914
00010 434638122
00010 439294154
00010 439588762
00010 439822616
00010 444420656
00010 446408100
00010 450367054
00010 450509588
00010 455093306
00010 455118152
00010 457970158
00010 463307858
00010 465325112
00010 468110750
00010 470103790
00010 470453648
00010 471865324
00010 473237282
00010 475294920
00010 475395430
00010 476327382
00010 477461266
00010 485923444
00010 487727088
00010 489022752
00010 494060670
00010 504116784
00010 506613470
00010 508347230
00010 515679286
00010 516279346
00010 518404102
00010 518439080
00010 520098776
00010 522105732
00010 526797510
00010 527220204
00010 528757026
00010 535722360
00010 538746766
00010 539358380
00010 539529582
00010 539540566
00010 540291752
00010 546301918
00010 549170988
00010 549890992
00010 554078594
00010 554618742
00010 558684238
00010 558690644
00010 558830536
00010 560129304
00010 561850636
00010 563290958
00010 563448034
00010 563819948
00010 570099456
00010 575088746
00010 576272690
00010 577353738
00010 578528452
00010 584231568
00010 584684004
00010 585863556
00010 586864324
00010 587458728
00010 588681310
00010 588984716
00010 592228152
00010 594771340
00010 597212526
00010 597388086
00010 598380370
00010 600142600
00010 601521984
00010 604129420
00010 604529722
00010 604915218
00010 605890718
00010 612155450
00010 612163954
00010 615511758
00010 615591786
00010 615795048
00010 616913004
00010 618222302
00010 618454706
00010 621311024
00010 621410028
00010 624067186
00010 626143494
00010 636261856
00010 638507902
00010 643394344
00010 652584390
00010 653993806
00010 656588766
00010 656715266
00010 657148718
00010 664352310
00010 664600220
00010 666141480
00010 667581018
00010 667631834
00010 671891144
00010 672443818
00010 673542086
00010 675073730
00010 675102106
00010 675350240
00010 679164030
00010 680773604
00010 682390148
00010 683302534
00010 683934416
00010 684101600
00010 684158250
00010 684487816
00010 686829106
00010 687202156
00010 687775160
00010 689687000
00010 695629238
00010 697130750
00010 698508030
00010 700743134
00010 703220768
00010 703938528
00010 705234982
00010 705837790
00010 707667878
00010 708545888
00010 710027410
00010 714287160
00010 714731040
00010 716647862
00010 720319330
00010 720546956
00010 722145908
00010 725662444
00010 727883830
00010 732500930
00010 733855752
00010 735551286
00010 736078648
00010 737652530
00010 738282816
00010 743664034
00010 743688330
00010 748017408
00010 752336896
00010 753051522
00010 755341510
00010 758060564
00010 760329292
00010 760910328
00010 761653380
00010 764119242
00010 764593702
00010 765351178
00010 767772376
00010 769025770
00010 769644198
00010 771728454
00010 772321366
00010 773082472
00010 774591068
00010 778482096
00010 785309600
00010 786427472
00010 786731078
00010 787209346
00010 789263930
00010 790021498
00010 790218028
00010 791065124
00010 807387866
00010 808193974
00010 808905486
00010 811577892
00010 811740980
00010 811808882
00010 812032136
00010 812394024
00010 814663510
00010 816537170
00010 819083484
00010 819416910
00010 821113228
00010 821488368
00010 822109786
00010 823104156
00010 826475840
00010 827709182
00010 827915094
00010 831345094
00010 831615448
00010 832668052
00010 837030814
00010 845348154
00010 846660284
00010 847058932
00010 847592906
00010 848734132
00010 850215722
00010 851308106
00010 864525788
00010 865062292
00010 865499808
00010 866014516
00010 868849512
00010 870252426
00010 871534560
00010 880157344
00010 881362904
00010 881915592
00010 882814110
00010 886043302
00010 889902270
00010 891704070
00010 892018380
00010 894616208
00010 898047218
00010 899257438
00010 902473344
00010 904154358
00010 905205734
00010 905500324
00010 905907606
00010 908692646
00010 911448950
00010 911611720
00010 913571722
00010 914156574
00010 914615888
00010 916269658
00010 922106554
00010 924483880
00010 930525656
00010 931971890
00010 932209934
00010 933467078
00010 936541118
00010 937329168
00010 937531694
00010 939526174
00010 939737622
00010 941031986
00010 942195748
00010 943768724
00010 945904788
00010 947793846
00010 949303844
00010 949322162
00010 954517558
00010 955915700
00010 958816660
00010 958908186
00010 959381138
00010 959491214
00010 961741122
00010 961749508
00010 965592214
00010 967020612
00010 971738632
00010 972783392
00010 974207214
00010 974319782
00010 974943046
00010 975533458
00010 975650536
00010 977049570
00010 978032096
00010 978785552
00010 979504924
00010 982096156
00010 985153424
00010 985522156
00010 989380790
00010 990374650
00010 991065032
00010 993226996
00010 995840188
00010 999997432
00010 3140958
00010 4052316
00010 11086370
00010 14299180
00010 14656072
00010 20692982
00010 22674814
00010 22978916
00010 23682656
00010 25932612
00010 28536118
00010 30433394
00010 37611800
00010 45833958
00010 46469904
00010 48082630
00010 49134728
00010 49936766
00010 54191946
00010 54587446
00010 58443318
00010 63303088
00010 64091210
00010 66188808
00010 66592500
00010 67264038
00010 70151338
00010 70959336
00010 71029600
00010 71159256
00010 72624320
00010 72754072
00010 72777124
00010 75056320
00010 75598924
00010 77807710
00010 79254112
00010 82988806
00010 86118458
00010 87208892
00010 88978770
00010 90335006
00010 90509738
00010 93703188
00010 93746796
00010 93827910
00010 93953238
00010 96703772
00010 109503138
00010 111450084
00010 111771102
00010 118704672
00010 121738354
00010 121840636
00010 123432752
00010 125349048
00010 127425130
00010 129338698
00010 133891092
00010 134195704
00010 134433164
00010 134971530
00010 135434052
00010 136153084
00010 137287006
00010 139717684
00010 139924432
00010 143303112
00010 146160150
00010 148696638
00010 150569312
00010 157516218
00010 161495630
00010 167445550
00010 168900254
00010 170204166
00010 177545772
00010 180514844
00010 185266278
00010 186274740
00010 192403416
00010 193823366
00010 199895626
00010 202848246
00010 206374950
00010 207678406
00010 208385852
00010 208400622
00010 213753718
00010 214805292
00010 215942538
00010 215978560
00010 218629308
00010 218681420
00010 219572038
00010 219850866
00010 221298228
00010 222202310
00010 224242870
00010 224585700
00010 227339482
00010 231800080
00010 231945292
00010 233151290
00010 237152982
00010 241254550
00010 241453082
00010 245522246
00010 246150770
00010 247095062
00010 247644238
00010 253079646
00010 255112254
00010 255313008
00010 257422640
00010 258775122
00010 259859544
00010 261454664
00010 264931666
00010 265943450
00010 267755428
00010 268457610
00010 271352510
00010 272424930
00010 276498826
00010 277509304
00010 281690796
00010 282198248
00010 283600498
00010 285868488
00010 286504854
00010 287858494
00010 288245576
00010 289744796
00010 292500188
00010 296710186
00010 299855448
00010 300045560
00010 301581488
00010 305720900
00010 308421064
00010 308437970
00010 308700732
00010 312170028
00010 312236862
00010 314658212
00010 317302590
00010 322904588
00010 324666272
00010 326387614
00010 330902076
00010 331236700
00010 333126988
00010 337154828
00010 339522718
00010 341804634
00010 341831440
00010 343962108
00010 345966286
00010 347840868
00010 348258540
00010 349520754
00010 351072956
00010 352132008
00010 353320816
00010 354029974
00010 354690510
00010 357768228
00010 362638114
00010 363735424
00010 369794766
00010 369832470
00010 370664344
00010 373480138
00010 374275950
00010 377972680
00010 381329864
00010 382445492
00010 383735224
00010 383939300
00010 386177864
00010 386364908
00010 390230054
00010 391204088
00010 391827982
00010 393013206
00010 394861368
00010 394868390
00010 395235592
00010 397299954
00010 398475090
00010 399085316
00010 401763040
00010 402102738
00010 402585610
00010 403405798
00010 403611762
00010 405243858
00010 405494848
00010 406197422
00010 407271624
00010 407576674
00010 409314326
00010 409421288
00010 415064538
00010 422474512
00010 428925512
00010 429515060
00010 429674322
00010 429722216
00010 432063242
00010 438974478
00010 439745796
00010 442614700
00010 449380956
00010 449382040
00010 450653122
00010 451660706
00010 452254048
00010 458130444
00010 458190912
00010 458383892
00010 461332128
00010 463576046
00010 467105432
00010 468770744
00010 469771434
00010 469934326
00010 471961542
00010 472408226
00010 472463740
00010 474902586
00010 476154218
00010 478366420
00010 479127368
00010 480045126
00010 481157994
00010 482178030
00010 482988908
00010 485222320
00010 489345612
00010 489622524
00010 492974092
00010 493292486
00010 498774178
00010 498783016
00010 500069582
00010 502789320
00010 504988232
00010 505697182
00010 506923240
00010 507226958
00010 511221780
00010 514782722
00010 518894736
00010 519656294
00010 519930354
00010 523527700
00010 524035956
00010 526045230
00010 526966008
00010 528002956
00010 528867162
00010 533283514
00010 534780426
00010 535687012
00010 538798610
00010 540059698
00010 540761666
00010 541554474
00010 547406250
00010 548338880
00010 549490262
00010 550950336
00010 551619768
00010 553007366
00010 553147196
00010 554591924
00010 559866942
00010 567140148
00010 568471194
00010 568570146
00010 572576952
00010 582021734
00010 585486380
00010 585981170
00010 586700416
00010 588234064
00010 591999642
00010 593875298
00010 596434950
00010 597775330
00010 599794514
00010 601698004
00010 601851206
00010 602614444
00010 603912664
00010 605482410
00010 605675862
00010 605888754
00010 606043570
00010 609424630
00010 618558006
00010 618984516
00010 628340402
00010 630307324
00010 631579306
00010 631782326
00010 632100282
00010 632603620
00010 634182860
00010 634561722
00010 637154990
00010 642073460
00010 642226316
00010 644837468
00010 644880110
00010 647374698
00010 650163750
00010 650325046
00010 655688868
00010 659599902
00010 660079588
00010 666061078
00010 667214568
00010 669667888
00010 670723486
00010 671323530
00010 672251758
00010 674776574
00010 674868870
00010 678366984
00010 681118710
00010 682125746
00010 684333070
00010 688954942
00010 691342058
00010 691837002
00010 699355014
00010 700313312
00010 703406158
00010 704215330
00010 706934358
00010 708474590
00010 708686246
00010 711582972
00010 712943526
00010 713947692
00010 715265056
00010 716119886
00010 716903518
00010 720629154
00010 721202126
00010 722093704
00010 727702888
00010 733075700
00010 734441340
00010 734714734
00010 734972018
00010 736412178
00010 745785784
00010 749640782
00010 750346778
00010 751947234
00010 752194044
00010 753748460
00010 757304016
00010 760593746
00010 761424850
00010 762793056
00010 766088258
00010 773107464
00010 774349362
00010 779055700
00010 779845302
00010 791314194
00010 792712768
00010 793636748
00010 795811460
00010 796374736
00010 797212610
00010 799474502
00010 800530506
00010 801774316
00010 801988858
00010 804626260
00010 805056448
00010 805517030
00010 809517038
00010 811735354
00010 813278140
00010 814775104
00010 816135942
00010 828592996
00010 829312846
00010 832057636
00010 832700166
00010 832916060
00010 835838048
00010 839502542
00010 842012956
00010 844492826
00010 844628804
00010 844661364
00010 846772970
00010 846799940
00010 848174166
00010 849232208
00010 851695510
00010 856417210
00010 860095472
00010 860374452
00010 861712422
00010 866362324
00010 866617876
00010 868736866
00010 869407108
00010 869796978
00010 870078910
00010 871379488
00010 871436226
00010 871449754
00010 871767696
00010 872086208
00010 874720800
00010 878124576
00010 880980564
00010 881612962
00010 884502432
00010 884512636
00010 885878846
00010 886039086
00010 889220248
00010 889824924
00010 890017026
00010 892659920
00010 893198646
00010 894376356
00010 896077496
00010 897032772
00010 901710138
00010 902663960
00010 903609232
00010 904023076
00010 909537048
00010 911186704
00010 915127642
00010 916499430
00010 917238270
00010 919675212
00010 920160356
00010 920269124
00010 920393744
00010 921030596
00010 922983158
00010 926983940
00010 935013194
00010 935789890
00010 938028488
00010 938517432
00010 939005580
00010 939328832
00010 942308214
00010 942863952
00010 945645320
00010 946184184
00010 950141346
00010 960244342
00010 961506222
00010 961633362
00010 964450142
00010 964500852
00010 965977622
00010 968309180
00010 968611146
00010 968633962
00010 970030366
00010 973299390
00010 976474516
00010 979399438
00010 980490538
00010 981162100
00010 999799158
00010 999804692
00010 1000020100
00010 1739402
00010 3271412
00010 5050002
00010 6226660
00010 7645218
00010 11619284
00010 12796924
00010 12996302
00010 13251508
00010 13388458
00010 19188488
00010 20187726
00010 20706416
00010 24995666
00010 25044790
00010 25472976
00010 27468882
00010 28757142
00010 31025368
00010 32426058
00010 34750410
00010 36494584
00010 37746980
00010 39881622
00010 41461492
00010 44986996
00010 48577466
00010 55685264
00010 55862728
00010 56432488
00010 61131062
00010 62704296
00010 67222382
00010 67622520
00010 69903972
00010 70602094
00010 75528560
00010 77640160
00010 80697760
00010 81765142
00010 85757106
00010 87584918
00010 89162712
00010 97283308
00010 99262054
00010 105842532
00010 106928250
00010 109623486
00010 110510954
00010 113141152
00010 115257960
00010 117164950
00010 119275046
00010 120470206
00010 124306780
00010 124612816
00010 124892562
00010 125948070
00010 130661548
00010 131806832
00010 137085622
00010 139537394
00010 140794714
00010 140912616
00010 150243314
00010 150909952
00010 153554332
00010 158459784
00010 160828136
00010 162325388
00010 162477616
00010 162568598
00010 167161740
00010 169359874
00010 170357542
00010 172073924
00010 175625616
00010 177278700
00010 178729014
00010 179094860
00010 179797632
00010 180355740
00010 180643112
00010 193104086
00010 193336588
00010 194202416
00010 198639342
00010 200307224
00010 202044670
00010 202279224
00010 202996410
00010 205837510
00010 206231770
00010 209022968
00010 210127508
00010 210379182
00010 212366784
00010 218871508
00010 219256604
00010 222580238
00010 224927874
00010 227005852
00010 227006872
00010 227852370
00010 233928202
00010 238881064
00010 239008620
00010 245271370
00010 245731938
00010 246145822
00010 247428582
00010 251624824
00010 252346774
00010 253964442
00010 254793016
00010 255663600
00010 256150906
00010 256559822
00010 261244212
00010 264188296
00010 264910662
00010 265162922
00010 266971758
00010 273100194
00010 279478108
00010 289885164
00010 292769202
00010 295612700
00010 296342874
00010 299799820
00010 305168454
00010 306972118
00010 309319062
00010 310745768
00010 318714944
00010 318725476
00010 321011720
00010 321644418
00010 325202922
00010 326272624
00010 328384252
00010 329168214
00010 331691902
00010 333969368
00010 341711314
00010 345819910
00010 347203400
00010 348801112
00010 349379616
00010 351222386
00010 351471880
00010 353247030
00010 353598392
00010 354071494
00010 357836622
00010 358165350
00010 358791868
00010 359776758
00010 359864796
00010 361892548
00010 362859874
00010 362889534
00010 364588994
00010 364659234
00010 364689114
00010 366286458
00010 367136174
00010 368983718
00010 369292238
00010 372422530
00010 373517760
00010 373787806
00010 374631692
00010 377319250
00010 378794660
00010 379097902
00010 381779908
00010 382680740
00010 384516166
00010 386146638
00010 390968720
00010 393169392
00010 394520732
00010 394663192
00010 403194904
00010 408355156
00010 409645092
00010 409795512
00010 418249114
00010 418806070
00010 419324618
00010 420598428
00010 422045874
00010 424294842
00010 426403926
00010 426782226
00010 427182010
00010 430451158
00010 438888170
00010 439037310
00010 443412760
00010 444872816
00010 445437016
00010 447751030
00010 448634168
00010 450304712
00010 452495240
00010 457420248
00010 457985730
00010 458125274
00010 463212070
00010 464018354
00010 465532804
00010 470011770
00010 471603436
00010 471643158
00010 473454636
00010 476465904
00010 478100132
00010 480397860
00010 483672748
00010 487732268
00010 490394226
00010 491304370
00010 492724558
00010 493213962
00010 494300036
00010 495525672
00010 495708132
00010 497103406
00010 498590892
00010 498784282
00010 499424946
00010 504390944
00010 507868382
00010 508199158
00010 510636394
00010 515374442
00010 517705652
00010 517706756
00010 518459624
00010 518715612
00010 519873322
00010 521399314
00010 521682474
00010 522079174
00010 522813584
00010 525978542
00010 537055874
00010 537515050
00010 544215554
00010 545952810
00010 546571134
00010 546579852
00010 547219536
00010 547605152
00010 547755292
00010 550078710
00010 554117046
00010 556529310
00010 560088738
00010 562840286
00010 563068586
00010 563362998
00010 563508324
00010 566180992
00010 571687174
00010 572106890
00010 574652966
00010 575245876
00010 579876682
00010 584903252
00010 585113658
00010 586778552
00010 588158156
00010 588354492
00010 591923984
00010 595910604
00010 596819038
00010 598395870
00010 602957226
00010 605950270
00010 607571312
00010 613679870
00010 614394372
00010 616275040
00010 620170286
00010 621306426
00010 627266080
00010 633109176
00010 634804978
00010 641654250
00010 649265186
00010 649680978
00010 650904982
00010 652757174
00010 653260730
00010 655295576
00010 655784702
00010 658794300
00010 660711796
00010 666876146
00010 668809710
00010 669772786
00010 670958754
00010 671369842
00010 674788974
00010 676973906
00010 679777684
00010 685699364
00010 686899812
00010 687814938
00010 688409154
00010 690180248
00010 690655648
00010 695283988
00010 696484142
00010 699157954
00010 699629078
00010 703756066
00010 710837132
00010 713876314
00010 713926414
00010 715246612
00010 715577026
00010 720316658
00010 723652590
00010 724621618
00010 725279478
00010 725347616
00010 727041042
00010 729611554
00010 736784336
00010 736826202
00010 737650504
00010 737869780
00010 742201782
00010 743920730
00010 744230270
00010 744529364
00010 744746160
00010 745084648
00010 746075408
00010 754533606
00010 754542888
00010 755472596
00010 756363978
00010 756563636
00010 756609012
00010 758923646
00010 759965942
00010 768150242
00010 769650402
00010 772658638
00010 778017654
00010 782334108
00010 783543524
00010 783783264
00010 788545600
00010 788775122
00010 789022090
00010 789594538
00010 791469162
00010 792469388
00010 792541434
00010 792917452
00010 794806994
00010 800322302
00010 801441290
00010 803836620
00010 804812796
00010 805532188
00010 805825038
00010 806373138
00010 806619612
00010 808797802
00010 809714944
00010 810339372
00010 815615456
00010 815818002
00010 818400972
00010 819006088
00010 819283384
00010 823676342
00010 826718056
00010 831033166
00010 833389872
00010 833895310
00010 834299058
00010 835627626
00010 836444296
00010 837287540
00010 838673324
00010 838698146
00010 839870242
00010 842063460
00010 842248224
00010 850930876
00010 851431260
00010 851642628
00010 854963412
00010 856757302
00010 861089830
00010 862214662
00010 863449746
00010 870698270
00010 870987308
00010 886020902
00010 888091296
00010 890426992
00010 892903596
00010 893685330
00010 893843166
00010 895594582
00010 905495790
00010 910430612
00010 910794076
00010 913733496
00010 913799506
00010 915872346
00010 915897466
00010 916524806
00010 916601258
00010 917280654
00010 923313556
00010 927797858
00010 928901866
00010 935111180
00010 936147686
00010 936300416
00010 936351106
00010 937308800
00010 938187286
00010 938618256
00010 938899136
00010 942468100
00010 942505372
00010 946164562
00010 950073106
00010 951563092
00010 952044616
00010 952128148
00010 953451246
00010 955080662
00010 956204002
00010 956672528
00010 960148994
00010 961573360
00010 965622878
00010 966105028
00010 968952336
00010 974473188
00010 978191482
00010 979688818
00010 983149234
00010 983773356
00010 984756774
00010 988288692
00010 989667550
00010 991792494
00010 994744762
00010 995798638
00010 995847726
00010 996984856
00010 997161260
00010 1000563958
