00010 1590518
00010 8340590
00010 10643122
00010 11117226
00010 11243642
00010 15545640
00010 16010402
00010 18040778
00010 20471226
00010 21440938
00010 23776946
00010 25314460
00010 26276630
00010 28682258
00010 34046062
00010 34838506
00010 38575826
00010 38773702
00010 41662046
00010 44683504
00010 44785854
00010 46153154
00010 49050544
00010 49583096
00010 51852600
00010 53041222
00010 54402334
00010 56263044
00010 57699480
00010 59316086
00010 62890954
00010 64800764
00010 65113250
00010 66988394
00010 67773452
00010 67994192
00010 74271288
00010 76400008
00010 76989974
00010 78529890
00010 80669974
00010 83070892
00010 85984174
00010 86577150
00010 86828954
00010 87836164
00010 88950830
00010 92682504
00010 95712884
00010 98952290
00010 99221124
00010 99487258
00010 101728952
00010 102346304
00010 103410870
00010 103494340
00010 105291926
00010 105599952
00010 107925466
00010 109173948
00010 109684016
00010 115385094
00010 116293308
00010 119375880
00010 119770498
00010 121322252
00010 122064570
00010 123434386
00010 125788358
00010 133020422
00010 137514416
00010 138291986
00010 139412056
00010 142717182
00010 144009386
00010 146197014
00010 146348964
00010 147977298
00010 151169974
00010 153433412
00010 154061194
00010 155295612
00010 155758458
00010 156678390
00010 157621922
00010 157646482
00010 163455210
00010 165207134
00010 165262668
00010 166704190
00010 172255000
00010 175585208
00010 176045504
00010 177889414
00010 180915600
00010 181568828
00010 182043750
00010 182983710
00010 182987348
00010 183115580
00010 185141556
00010 186939888
00010 189372938
00010 189426684
00010 192024876
00010 194203874
00010 194251528
00010 194400758
00010 197561940
00010 198081536
00010 203168408
00010 204263466
00010 210533788
00010 211196668
00010 211299582
00010 212563768
00010 213575724
00010 215979070
00010 216477198
00010 218576702
00010 220959326
00010 227319778
00010 233093948
00010 235267972
00010 235884240
00010 237196068
00010 240476306
00010 240580276
00010 242548222
00010 244524930
00010 245832406
00010 247508972
00010 250366402
00010 252785048
00010 254955172
00010 256838166
00010 256864196
00010 258513620
00010 258622272
00010 262505908
00010 265602154
00010 273087828
00010 277574800
00010 277840732
00010 278318982
00010 279260972
00010 280971240
00010 281159864
00010 283191770
00010 288183234
00010 290091662
00010 290229466
00010 297667444
00010 298259688
00010 301667068
00010 305654534
00010 307439862
00010 307747310
00010 312064892
00010 312141698
00010 312687992
00010 313130214
00010 314350284
00010 317064294
00010 317309674
00010 318805956
00010 320304724
00010 322478876
00010 322896010
00010 327140580
00010 327317694
00010 331418252
00010 333749242
00010 339963310
00010 342042344
00010 343211294
00010 343808910
00010 344233552
00010 344312586
00010 350149530
00010 353684214
00010 355508618
00010 356164028
00010 356605380
00010 358829990
00010 361257026
00010 361496774
00010 363271642
00010 365672614
00010 367961034
00010 369219156
00010 369539686
00010 370247100
00010 377459248
00010 378245042
00010 378331314
00010 380097436
00010 384825318
00010 385382840
00010 388407092
00010 388913958
00010 392690778
00010 395799102
00010 396903258
00010 397960720
00010 398544342
00010 400214918
00010 401075822
00010 401077114
00010 401505022
00010 407592998
00010 408500164
00010 412623260
00010 415461234
00010 415680526
00010 419365398
00010 421154296
00010 423178108
00010 424782920
00010 426333120
00010 426538600
00010 427002156
00010 429456420
00010 429752338
00010 430816892
00010 434216706
00010 440665502
00010 441016934
00010 441689410
00010 442130558
00010 444683094
00010 445489970
00010 445650518
00010 447590446
00010 448755680
00010 449419912
00010 451120234
00010 452479134
00010 455221420
00010 458090720
00010 459003526
00010 459943150
00010 460222848
00010 463238530
00010 466092300
00010 466385946
00010 467816414
00010 471775442
00010 473600834
00010 473897676
00010 474116000
00010 474460122
00010 475534414
00010 475595770
00010 478715394
00010 482311290
00010 484907940
00010 486471556
00010 486653712
00010 489208420
00010 490125218
00010 490318860
00010 490793046
00010 490980742
00010 493407584
00010 496558128
00010 499330714
00010 502060766
00010 502386044
00010 502611066
00010 504106994
00010 504912344
00010 505188610
00010 505274474
00010 510168300
00010 510427574
00010 510998222
00010 511545328
00010 512346474
00010 514224520
00010 514282158
00010 515049366
00010 515357518
00010 517552310
00010 521120710
00010 525272962
00010 529338816
00010 530717478
00010 530934790
00010 531608992
00010 535474082
00010 536323680
00010 537561774
00010 538351102
00010 538373906
00010 540722332
00010 542147508
00010 543915446
00010 547994380
00010 548026824
00010 548594938
00010 555949932
00010 557829036
00010 558087590
00010 566021790
00010 568779214
00010 569442560
00010 570141308
00010 572676088
00010 572798542
00010 573821538
00010 576483846
00010 577098476
00010 583658412
00010 584758134
00010 585684870
00010 585911100
00010 586626068
00010 587975350
00010 588094610
00010 589742502
00010 592309518
00010 592940866
00010 593087216
00010 596647512
00010 600805874
00010 601548508
00010 605014442
00010 605038482
00010 605487080
00010 607091500
00010 610717354
00010 617517338
00010 619474884
00010 620920852
00010 624495856
00010 625477770
00010 627155068
00010 630449288
00010 632111268
00010 632252628
00010 636715924
00010 637645192
00010 638671600
00010 639513424
00010 642345160
00010 643417214
00010 643709224
00010 645465078
00010 647063048
00010 649988668
00010 651612016
00010 651687394
00010 652126144
00010 652630054
00010 653976894
00010 655515910
00010 656152064
00010 656676952
00010 662332204
00010 663153058
00010 664103208
00010 670664926
00010 675389748
00010 677829040
00010 677979330
00010 682476834
00010 683895980
00010 684436510
00010 689883816
00010 692171924
00010 695851458
00010 696480478
00010 698819606
00010 699630818
00010 704073496
00010 705927782
00010 709547994
00010 713170072
00010 713838224
00010 715411650
00010 720758788
00010 722266306
00010 724104834
00010 726945132
00010 730554220
00010 733923982
00010 735497010
00010 736902756
00010 737343810
00010 738297730
00010 740025618
00010 745524718
00010 746914806
00010 748941702
00010 752020710
00010 754884330
00010 754937930
00010 761185892
00010 761213634
00010 762635052
00010 766051410
00010 767889872
00010 774885514
00010 775314624
00010 775344654
00010 778488550
00010 778591366
00010 780693348
00010 782854238
00010 785955710
00010 786585846
00010 787401722
00010 792251122
00010 797277594
00010 798005116
00010 798172582
00010 798793948
00010 800653670
00010 806555314
00010 810423032
00010 813460294
00010 816766314
00010 819721834
00010 822583344
00010 825633156
00010 825730532
00010 825950978
00010 826055016
00010 826137260
00010 829162234
00010 831645670
00010 838267798
00010 840663542
00010 843209534
00010 843420550
00010 848223612
00010 848251090
00010 849523220
00010 850382696
00010 852750310
00010 853984334
00010 854825732
00010 859703608
00010 861390710
00010 867918474
00010 870344094
00010 874669326
00010 877591902
00010 879912732
00010 882322464
00010 886721020
00010 889634528
00010 889662494
00010 889732518
00010 889976678
00010 891428212
00010 892061116
00010 894873448
00010 902492274
00010 904786202
00010 905806672
00010 906030202
00010 908049794
00010 909874698
00010 910306912
00010 922435076
00010 923628244
00010 924042702
00010 925234732
00010 930191450
00010 934441818
00010 937413030
00010 937451432
00010 939661158
00010 944912030
00010 951121616
00010 952371222
00010 954549406
00010 956686004
00010 962434424
00010 962888652
00010 966152428
00010 968613276
00010 969990404
00010 971609034
00010 972108512
00010 972227372
00010 973660012
00010 974923560
00010 976826328
00010 978014650
00010 979829564
00010 979939912
00010 980464330
00010 982282340
00010 984970232
00010 989847422
00010 990861978
00010 991802334
00010 994212938
00010 1504684
00010 3322034
00010 4218790
00010 5202864
00010 6280654
00010 6285944
00010 9292108
00010 12105570
00010 12668150
00010 13930780
00010 14509144
00010 16510178
00010 19952878
00010 21732648
00010 24448526
00010 24866430
00010 25470608
00010 26767188
00010 28707800
00010 28728212
00010 28942624
00010 41019400
00010 42374406
00010 46132466
00010 47107040
00010 47325054
00010 48020642
00010 51333944
00010 54719240
00010 57087094
00010 57709358
00010 58646682
00010 60898862
00010 61340978
00010 61836596
00010 74377066
00010 76969662
00010 78255240
00010 81239686
00010 88019520
00010 90874558
00010 93299522
00010 96211726
00010 99682462
00010 102898070
00010 105237232
00010 105260792
00010 108355714
00010 108791314
00010 113143980
00010 113451318
00010 115229008
00010 124215390
00010 124561182
00010 128820990
00010 129701052
00010 130177598
00010 133303444
00010 134230528
00010 134343562
00010 135976176
00010 138206510
00010 138633868
00010 139426960
00010 139558950
00010 140450726
00010 142847888
00010 143843720
00010 147870958
00010 148851248
00010 152639754
00010 152921484
00010 157380536
00010 157971716
00010 159460392
00010 159601710
00010 162597538
00010 165467054
00010 165544564
00010 173911336
00010 173941896
00010 174076626
00010 175684596
00010 177328098
00010 182456166
00010 183205556
00010 183834524
00010 184464584
00010 185209714
00010 185222780
00010 189093948
00010 192738500
00010 196754102
00010 197078954
00010 197293870
00010 197465590
00010 207981834
00010 221869690
00010 226482192
00010 231590178
00010 231933032
00010 233732186
00010 237141884
00010 238471168
00010 242407426
00010 244149258
00010 246483456
00010 246849886
00010 247951242
00010 248884484
00010 249114200
00010 252261748
00010 253132208
00010 254035622
00010 254610338
00010 257453240
00010 261899332
00010 265374896
00010 265460096
00010 269865588
00010 270827898
00010 274988362
00010 277379530
00010 280581202
00010 281222846
00010 281320616
00010 285019816
00010 285501960
00010 285788500
00010 289975658
00010 292960158
00010 293673764
00010 296264710
00010 296994516
00010 298879892
00010 302218126
00010 307990458
00010 309192490
00010 312778454
00010 312780366
00010 314889176
00010 315169180
00010 315985342
00010 317073380
00010 319331500
00010 320276684
00010 321692696
00010 324430544
00010 325144344
00010 326773866
00010 328852404
00010 335224858
00010 336115194
00010 337952634
00010 338000380
00010 340176448
00010 341945746
00010 342384470
00010 349038732
00010 350303548
00010 351244364
00010 354239216
00010 360402420
00010 360715144
00010 361413056
00010 361745084
00010 361749020
00010 365942122
00010 366669238
00010 370432324
00010 374009510
00010 374029048
00010 374915688
00010 380593930
00010 380667508
00010 380847766
00010 381280282
00010 381718298
00010 383819018
00010 386634802
00010 386909346
00010 388420890
00010 388713342
00010 395044710
00010 395231772
00010 400831594
00010 402508708
00010 405865990
00010 407038136
00010 410601458
00010 412565058
00010 416255248
00010 417744610
00010 417902452
00010 418785462
00010 421809248
00010 422364626
00010 423697004
00010 423933892
00010 432950336
00010 433037888
00010 437719910
00010 439362794
00010 440486728
00010 442490476
00010 443908332
00010 446131328
00010 451499408
00010 451706624
00010 452879378
00010 456420984
00010 464443936
00010 465177248
00010 467819102
00010 468485440
00010 468852644
00010 469842852
00010 470018038
00010 475254222
00010 475542010
00010 475601324
00010 477366790
00010 478257546
00010 488024178
00010 489019092
00010 491065148
00010 494998414
00010 495219110
00010 496380356
00010 499378622
00010 499441910
00010 500221976
00010 501359002
00010 502876890
00010 505738222
00010 506771402
00010 508976272
00010 509577236
00010 512992910
00010 514952504
00010 515075082
00010 515193326
00010 515502952
00010 515772950
00010 515934702
00010 516231464
00010 519434284
00010 520712638
00010 520785362
00010 527326594
00010 528994830
00010 530168588
00010 531107786
00010 531735648
00010 535290516
00010 535480036
00010 537073936
00010 537166382
00010 543420830
00010 544559500
00010 545822778
00010 550473718
00010 552071850
00010 552111766
00010 555768314
00010 555876890
00010 556096476
00010 556138432
00010 559908924
00010 568014722
00010 570967556
00010 573985130
00010 574005228
00010 574806280
00010 575719056
00010 576258876
00010 576713576
00010 577382000
00010 578395912
00010 578589218
00010 578913764
00010 578944626
00010 582696502
00010 582980850
00010 583072088
00010 584747678
00010 588419092
00010 589418080
00010 591217110
00010 593540252
00010 596775830
00010 600578588
00010 600780788
00010 601269600
00010 604382538
00010 604596522
00010 604635450
00010 609585908
00010 612328148
00010 615960346
00010 615999178
00010 616588448
00010 617048068
00010 623983732
00010 624111138
00010 624828560
00010 624920762
00010 625970086
00010 627491766
00010 630325416
00010 638403194
00010 638822806
00010 639433222
00010 645477792
00010 646639764
00010 650721044
00010 651574120
00010 657614862
00010 658573264
00010 660792314
00010 664431710
00010 665269716
00010 668264518
00010 669086694
00010 670881292
00010 672211210
00010 675795622
00010 677550810
00010 678008158
00010 678160416
00010 678839726
00010 679251482
00010 695274968
00010 695606114
00010 699351202
00010 702279134
00010 702700930
00010 705658364
00010 711585240
00010 712074444
00010 712584394
00010 717881398
00010 718598638
00010 727618498
00010 730389112
00010 731783438
00010 733672168
00010 735712326
00010 741879956
00010 744382820
00010 745423386
00010 746234978
00010 747593976
00010 747789864
00010 752506336
00010 754589818
00010 756439542
00010 767091724
00010 770247686
00010 770492836
00010 771984240
00010 774126668
00010 776626908
00010 781996586
00010 782211466
00010 782229228
00010 782614438
00010 782791502
00010 787693346
00010 789754878
00010 792877586
00010 794482850
00010 795406498
00010 797358230
00010 798720262
00010 799195136
00010 801232230
00010 803659148
00010 804457018
00010 811086040
00010 813367724
00010 813747684
00010 814293632
00010 815035294
00010 815454732
00010 818231198
00010 818727874
00010 822982086
00010 823029902
00010 824456258
00010 830812798
00010 831104628
00010 832659728
00010 842488108
00010 842648366
00010 842890994
00010 843390848
00010 844730574
00010 845821368
00010 846007774
00010 846906986
00010 848495998
00010 851152510
00010 853786398
00010 853921194
00010 856643704
00010 861186678
00010 861463596
00010 861544654
00010 867801674
00010 869532758
00010 876253588
00010 879025788
00010 879097346
00010 881812670
00010 884292076
00010 885767882
00010 891538246
00010 898323058
00010 898904844
00010 899353662
00010 905881074
00010 906379276
00010 906979812
00010 909922312
00010 910007872
00010 913402174
00010 915465994
00010 916466372
00010 917174078
00010 920729622
00010 922403470
00010 928964146
00010 930175866
00010 933071384
00010 934210086
00010 935028826
00010 937013344
00010 941530992
00010 941811332
00010 942714898
00010 952902270
00010 955193366
00010 955339298
00010 958073036
00010 958408688
00010 959999818
00010 961813674
00010 966789450
00010 969921356
00010 970350764
00010 979126846
00010 979557392
00010 980355618
00010 981119522
00010 983205818
00010 987173246
00010 991860110
00010 995017656
00010 2136598
00010 4505750
00010 5130588
00010 6035716
00010 9375262
00010 13043482
00010 13389366
00010 13417282
00010 17023940
00010 17436954
00010 17681904
00010 18326204
00010 21509448
00010 29944728
00010 32832068
00010 35333448
00010 36288828
00010 37087900
00010 41785230
00010 44998252
00010 46333614
00010 46446290
00010 46877168
00010 47288464
00010 48122574
00010 55066268
00010 59324120
00010 62611794
00010 66414130
00010 67459188
00010 71360630
00010 73092320
00010 73759154
00010 73787078
00010 75421718
00010 87557630
00010 87583216
00010 89819522
00010 90696534
00010 90740424
00010 92798734
00010 93153606
00010 95371056
00010 101084664
00010 104066128
00010 108613376
00010 111261158
00010 114867452
00010 116604526
00010 121091060
00010 124000854
00010 126375150
00010 128537766
00010 129994520
00010 131600332
00010 131870504
00010 136282158
00010 136283904
00010 137106538
00010 137464842
00010 138194648
00010 140126656
00010 141547146
00010 141556576
00010 141794826
00010 142271206
00010 143078200
00010 146237004
00010 146878094
00010 147504424
00010 149506630
00010 149877454
00010 151023718
00010 155312618
00010 157967318
00010 158645658
00010 159032250
00010 165614270
00010 168012744
00010 168078122
00010 171903714
00010 174467824
00010 176094900
00010 176404442
00010 177121584
00010 183007944
00010 185512294
00010 188341732
00010 189399388
00010 191864074
00010 196078680
00010 198089594
00010 199794892
00010 201843348
00010 202693336
00010 203543118
00010 205582260
00010 206950526
00010 207000038
00010 208268000
00010 210083182
00010 216229418
00010 217739658
00010 220605322
00010 220745958
00010 222538220
00010 223969110
00010 223971756
00010 228900598
00010 229971810
00010 231201058
00010 232204112
00010 232353010
00010 234300512
00010 234580032
00010 236852214
00010 241905240
00010 245289928
00010 246146070
00010 246426912
00010 252797914
00010 253171964
00010 254656454
00010 256023886
00010 261430322
00010 261871124
00010 262712404
00010 264305956
00010 264422120
00010 266882472
00010 267644656
00010 267747978
00010 269296536
00010 269880238
00010 271603612
00010 275876564
00010 278136762
00010 282445540
00010 283250120
00010 283472142
00010 283701122
00010 283994588
00010 290006264
00010 290045538
00010 290055128
00010 290514986
00010 303361264
00010 304132174
00010 306819158
00010 307046290
00010 308488066
00010 308728652
00010 308959662
00010 309972206
00010 314818920
00010 318099308
00010 320452436
00010 326903906
00010 332273394
00010 344096692
00010 346003188
00010 348561460
00010 349090902
00010 351779426
00010 353576224
00010 355083128
00010 355542274
00010 356104002
00010 357487710
00010 357738814
00010 359961616
00010 360572968
00010 361349972
00010 365367920
00010 366312168
00010 374735676
00010 375462982
00010 376480454
00010 377275014
00010 381224806
00010 385059660
00010 386325320
00010 389844892
00010 394083786
00010 396452736
00010 396607252
00010 398582832
00010 398853434
00010 400455982
00010 402240896
00010 403046772
00010 404388104
00010 404417280
00010 404420780
00010 405408434
00010 408353546
00010 409832674
00010 414265222
00010 417013670
00010 417091646
00010 418216518
00010 419635014
00010 423146908
00010 435224872
00010 435915642
00010 440672072
00010 442551346
00010 443123092
00010 443676888
00010 444687618
00010 445250432
00010 449065418
00010 450272134
00010 454561860
00010 454850886
00010 456733624
00010 463967472
00010 464923532
00010 468126438
00010 470169734
00010 478912246
00010 484187530
00010 486605040
00010 490466450
00010 491124710
00010 494172912
00010 494632266
00010 497018712
00010 497588564
00010 499680972
00010 499717328
00010 500273146
00010 503210538
00010 503347070
00010 503658478
00010 504280582
00010 506822604
00010 509877556
00010 513760050
00010 515936288
00010 516046666
00010 523239432
00010 523346890
00010 523841676
00010 525707014
00010 527801092
00010 528799442
00010 529612048
00010 535179402
00010 538084734
00010 544327084
00010 550307818
00010 554123842
00010 554195694
00010 554502474
00010 554556884
00010 557245330
00010 558949316
00010 560442054
00010 560464148
00010 561347494
00010 563631538
00010 572526930
00010 574009040
00010 574012790
00010 574798864
00010 575003968
00010 575005574
00010 575185392
00010 576434638
00010 577767850
00010 578106622
00010 582422422
00010 583219110
00010 585495728
00010 585838914
00010 590682686
00010 593330016
00010 594250910
00010 594517186
00010 599903930
00010 604079908
00010 606547742
00010 609820818
00010 610509478
00010 616164766
00010 619285676
00010 619382572
00010 619863954
00010 620125938
00010 620240734
00010 620332266
00010 622331104
00010 625186270
00010 625968432
00010 625971242
00010 629617068
00010 631057952
00010 633053450
00010 637178850
00010 639196960
00010 639253354
00010 639488804
00010 643304684
00010 643740292
00010 645723554
00010 648616588
00010 649564056
00010 649772178
00010 651273202
00010 653185710
00010 653510006
00010 654730134
00010 656344488
00010 656716094
00010 657613826
00010 658437076
00010 658997690
00010 660333390
00010 660340566
00010 660342498
00010 661067962
00010 663870554
00010 664546698
00010 665521610
00010 666809442
00010 667241086
00010 667251086
00010 674742876
00010 675722460
00010 675877506
00010 675921080
00010 676154380
00010 679517504
00010 680314382
00010 684285992
00010 689629350
00010 691465914
00010 692723934
00010 695340682
00010 696651016
00010 696762180
00010 697623108
00010 699514692
00010 699612550
00010 703583532
00010 706521374
00010 707745840
00010 709442386
00010 710885494
00010 711729750
00010 712046210
00010 713593514
00010 715102508
00010 716153262
00010 716297292
00010 717149898
00010 725469658
00010 726627304
00010 726858664
00010 729498568
00010 730114222
00010 730293450
00010 731785098
00010 733192750
00010 735635996
00010 736535656
00010 736743682
00010 737838926
00010 738369494
00010 739458452
00010 741112238
00010 742173442
00010 744838114
00010 746576100
00010 746746976
00010 750730212
00010 759277788
00010 760422580
00010 760529020
00010 765248456
00010 771407230
00010 776290418
00010 779964514
00010 780148514
00010 780795254
00010 781068466
00010 783597612
00010 784975370
00010 786084988
00010 789361272
00010 789628832
00010 789876994
00010 792686378
00010 793072748
00010 794082354
00010 794741718
00010 795203724
00010 795923598
00010 800008446
00010 800636734
00010 801790176
00010 803374198
00010 803473212
00010 807262772
00010 807264928
00010 807441814
00010 812087912
00010 815669210
00010 816675416
00010 817664888
00010 818243406
00010 819140710
00010 819501260
00010 820941482
00010 822758258
00010 824278730
00010 828043090
00010 830182188
00010 831194022
00010 843750264
00010 846851166
00010 849431694
00010 850330906
00010 851509372
00010 851811204
00010 852250012
00010 854256422
00010 854569866
00010 856242506
00010 857169704
00010 858990946
00010 864091686
00010 864854134
00010 865109924
00010 868453574
00010 868526270
00010 870004952
00010 873291570
00010 875429186
00010 879809732
00010 885835108
00010 886249694
00010 893580628
00010 895133656
00010 897523230
00010 897760052
00010 899081914
00010 900568566
00010 905102214
00010 905124632
00010 910083646
00010 914387274
00010 918387986
00010 918708680
00010 920311504
00010 921049196
00010 921407246
00010 924194610
00010 925643438
00010 927168390
00010 930633542
00010 931357482
00010 937076820
00010 943300818
00010 946800814
00010 947086498
00010 947578440
00010 948236740
00010 952347474
00010 953103060
00010 955757458
00010 958277996
00010 961501238
00010 961617816
00010 963116616
00010 966369020
00010 966478496
00010 967221646
00010 968066290
00010 971283862
00010 971840106
00010 975313778
00010 977113134
00010 977270716
00010 977811758
00010 978080102
00010 978121832
00010 979722850
00010 980867386
00010 981816114
00010 988195922
00010 989499828
00010 989537794
00010 992119790
00010 995083388
00010 999116660
00010 5018572
00010 5021144
00010 15335172
00010 16084354
00010 16975948
00010 19195448
00010 19392346
00010 24110478
00010 24235038
00010 25504536
00010 26334656
00010 28590166
00010 32461548
00010 39264154
00010 39690120
00010 41322732
00010 45573708
00010 45655260
00010 49620452
00010 49673458
00010 50068412
00010 50355518
00010 50394980
00010 53997314
00010 54062910
00010 54066598
00010 54726880
00010 56532750
00010 60089106
00010 67439070
00010 68090552
00010 69219284
00010 72598118
00010 75218656
00010 75250704
00010 75732780
00010 84737400
00010 84739780
00010 84742612
00010 87274418
00010 88023666
00010 88801918
00010 90728008
00010 93018580
00010 97200656
00010 98310220
00010 99364750
00010 104592464
00010 105233914
00010 106083862
00010 108364122
00010 108640900
00010 110435698
00010 115611238
00010 115879952
00010 116270696
00010 116842730
00010 116910102
00010 117324314
00010 121383450
00010 122377654
00010 122573482
00010 126809820
00010 127971482
00010 128073252
00010 134482274
00010 138407934
00010 140501000
00010 140584128
00010 141755054
00010 145644316
00010 146813482
00010 153255122
00010 154241042
00010 155856580
00010 158271286
00010 166699748
00010 167445846
00010 168180740
00010 168309780
00010 168382518
00010 168891438
00010 169168182
00010 169670776
00010 170832632
00010 174897414
00010 175961988
00010 180471926
00010 180536214
00010 180606422
00010 184424692
00010 186234950
00010 191457040
00010 194724320
00010 195273992
00010 195357002
00010 195660240
00010 200322260
00010 203552650
00010 204233318
00010 207437026
00010 207778106
00010 212105506
00010 213300370
00010 215105444
00010 215397810
00010 217004078
00010 219792694
00010 220482798
00010 222180762
00010 222648210
00010 223727404
00010 225333806
00010 226734520
00010 231750970
00010 232719414
00010 237837324
00010 238285546
00010 242335898
00010 243564868
00010 244205716
00010 244384212
00010 244903920
00010 248558482
00010 249603250
00010 249901558
00010 251083966
00010 251748044
00010 251798470
00010 254828602
00010 254830636
00010 256241332
00010 258888900
00010 263358068
00010 267662348
00010 271071712
00010 271294110
00010 272919966
00010 273122916
00010 277926374
00010 279865022
00010 281094642
00010 282759960
00010 283866712
00010 285409618
00010 285545110
00010 286840482
00010 290378914
00010 294095002
00010 294733948
00010 295864896
00010 296844858
00010 298854632
00010 304717822
00010 306828336
00010 307367702
00010 307987880
00010 309004564
00010 310682212
00010 310746374
00010 312082404
00010 314161838
00010 314194202
00010 315236098
00010 318517852
00010 319324826
00010 319448572
00010 321391980
00010 327353910
00010 328513048
00010 328829804
00010 329983340
00010 334883130
00010 339784806
00010 343117552
00010 347923268
00010 349508538
00010 350802032
00010 358449488
00010 359449016
00010 361635642
00010 366944822
00010 370135724
00010 371530318
00010 374394122
00010 374461780
00010 375997498
00010 376165474
00010 379318392
00010 382868614
00010 383244038
00010 384082106
00010 384625758
00010 385943464
00010 388163136
00010 388498506
00010 389647836
00010 392031932
00010 396703200
00010 399235392
00010 400056634
00010 405500256
00010 406076198
00010 406584870
00010 408838970
00010 408997526
00010 411104600
00010 414996930
00010 416633186
00010 422774682
00010 428997872
00010 430285418
00010 430933838
00010 432287820
00010 432489198
00010 432821608
00010 433109306
00010 433461678
00010 433483570
00010 434162986
00010 437183004
00010 441558746
00010 444747694
00010 445927544
00010 447900806
00010 450923420
00010 454795552
00010 455540094
00010 456215558
00010 457677638
00010 458932644
00010 459093840
00010 460928428
00010 466304144
00010 467563100
00010 467754070
00010 467826156
00010 471253562
00010 471673484
00010 475316096
00010 475446930
00010 476665046
00010 477987000
00010 478423682
00010 488906154
00010 490756558
00010 491709880
00010 495867460
00010 496690226
00010 496691296
00010 497606006
00010 498210122
00010 504762534
00010 505039066
00010 505169212
00010 505544910
00010 505766490
00010 508115336
00010 512236208
00010 513733324
00010 516012198
00010 516520768
00010 516769144
00010 517631734
00010 518559950
00010 519925836
00010 527605976
00010 528108794
00010 530151284
00010 532207734
00010 533183896
00010 533767230
00010 540845572
00010 541042310
00010 541096186
00010 542774030
00010 543831524
00010 543835758
00010 544686522
00010 545257598
00010 545476308
00010 546855152
00010 552745040
00010 552900754
00010 554391798
00010 555325500
00010 559100468
00010 559685078
00010 560539092
00010 562684458
00010 563274586
00010 565214802
00010 566160238
00010 566509954
00010 569827038
00010 576904302
00010 577389578
00010 581513092
00010 583614148
00010 584006022
00010 584376228
00010 585792500
00010 585793754
00010 587912122
00010 593649462
00010 596315098
00010 598597088
00010 598605174
00010 600504206
00010 601555730
00010 601557174
00010 602591534
00010 606784880
00010 610490154
00010 612846050
00010 617493314
00010 617871900
00010 618736550
00010 619556094
00010 621995596
00010 623328256
00010 623407374
00010 625940560
00010 627471516
00010 631019494
00010 632712486
00010 635060888
00010 637298148
00010 637498394
00010 637747322
00010 638075438
00010 642947136
00010 643455470
00010 646881438
00010 648070206
00010 648304076
00010 653616806
00010 654661728
00010 658733038
00010 661673116
00010 668865944
00010 673949852
00010 674026200
00010 674546156
00010 675118638
00010 675368192
00010 675758252
00010 676847290
00010 678963448
00010 687885016
00010 689548016
00010 690548564
00010 695972040
00010 696795422
00010 697098476
00010 697757916
00010 697850634
00010 698191736
00010 700952790
00010 702499856
00010 703402850
00010 710256938
00010 711954362
00010 712719654
00010 713386260
00010 714722220
00010 721506658
00010 724064552
00010 724077046
00010 733564388
00010 734665376
00010 735106004
00010 738327282
00010 738384328
00010 747080638
00010 747247390
00010 751313566
00010 754275310
00010 754277922
00010 755139662
00010 755627930
00010 759832014
00010 760802664
00010 761424530
00010 767054014
00010 767411598
00010 768377948
00010 770910732
00010 775024420
00010 775047748
00010 775273346
00010 775881008
00010 776394640
00010 777409756
00010 778953846
00010 783044302
00010 787403116
00010 787949460
00010 791726632
00010 791969550
00010 794739850
00010 796471668
00010 797605610
00010 799726280
00010 803754800
00010 803790312
00010 808278376
00010 809725864
00010 816989796
00010 817223966
00010 818744696
00010 819661844
00010 820849856
00010 821913784
00010 822501408
00010 827465766
00010 829622956
00010 830278118
00010 830497462
00010 831622286
00010 833125888
00010 833450668
00010 834373436
00010 842313882
00010 843139012
00010 845809018
00010 846446476
00010 847360550
00010 851620506
00010 851814550
00010 852182800
00010 852557758
00010 857253386
00010 861032090
00010 864749868
00010 870466436
00010 872559500
00010 872941282
00010 872953758
00010 874071958
00010 876762816
00010 877243694
00010 878595424
00010 879967750
00010 881158390
00010 885655980
00010 887472150
00010 891090036
00010 896981382
00010 897574882
00010 898531358
00010 899828196
00010 900303432
00010 901872646
00010 903287890
00010 903337028
00010 910823232
00010 911878148
00010 913416288
00010 914586484
00010 917790364
00010 918854140
00010 921529906
00010 925535414
00010 926171672
00010 926487722
00010 928661636
00010 930147256
00010 931464862
00010 932639386
00010 933870874
00010 935647276
00010 936858218
00010 938677486
00010 939303696
00010 939380168
00010 939910388
00010 940097000
00010 942211544
00010 943560354
00010 945633556
00010 946159314
00010 946334062
00010 946823624
00010 947115138
00010 950125608
00010 950929818
00010 953589778
00010 957545866
00010 958918062
00010 961436542
00010 963710758
00010 963990448
00010 968961382
00010 969904478
00010 969905662
00010 970046522
00010 971116200
00010 974554740
00010 975555886
00010 976240008
00010 977015368
00010 978642714
00010 979095928
00010 982615204
00010 986218630
00010 986646348
00010 996274400
00010 997124056
00010 999038290
00010 1000164186
00010 11238080
00010 13195338
00010 24687790
00010 25200230
00010 30355350
00010 32170566
00010 32438774
00010 34221760
00010 37319120
00010 38283532
00010 44604232
00010 47155298
00010 51043280
00010 53445584
00010 54311610
00010 56343026
00010 59148944
00010 62318236
00010 62809290
00010 63066662
00010 63373028
00010 63845662
00010 66096416
00010 70421194
00010 77583590
00010 80512956
00010 80772252
00010 81244030
00010 82581876
00010 88510574
00010 88569838
00010 91291354
00010 91839434
00010 96967628
00010 105525266
00010 107033608
00010 108911496
00010 113207196
00010 113677330
00010 114817522
00010 118867990
00010 119819850
00010 122239842
00010 122394808
00010 124984186
00010 126191214
00010 127030942
00010 127482216
00010 128478218
00010 133571770
00010 136144182
00010 137167708
00010 138745048
00010 139534868
00010 140543282
00010 141364794
00010 141745986
00010 144379776
00010 150542062
00010 156053016
00010 156703356
00010 157074708
00010 157850464
00010 159049110
00010 159850356
00010 160386146
00010 161720030
00010 169056770
00010 171098164
00010 171291168
00010 174497346
00010 174835530
00010 176154092
00010 176934130
00010 180702634
00010 180879814
00010 180993792
00010 185684242
00010 187026938
00010 190361858
00010 190731136
00010 190785552
00010 191052096
00010 197543900
00010 197633330
00010 200601190
00010 202629834
00010 202902406
00010 202975768
00010 206257342
00010 206745526
00010 206818694
00010 209639298
00010 209785630
00010 209790642
00010 212230608
00010 212484618
00010 212493400
00010 213497956
00010 215199296
00010 216707696
00010 220312224
00010 220863020
00010 221048524
00010 222430792
00010 225573536
00010 227827980
00010 232276896
00010 234580044
00010 234726794
00010 235344618
00010 240313644
00010 242938948
00010 243020718
00010 243712128
00010 245321934
00010 253630304
00010 259909674
00010 260210422
00010 262196932
00010 263285378
00010 263592342
00010 264087446
00010 264454502
00010 264610918
00010 265515430
00010 265633720
00010 270305576
00010 270948060
00010 274407976
00010 278899936
00010 280016230
00010 281309390
00010 283621394
00010 285689154
00010 286540456
00010 287087168
00010 287488708
00010 288575196
00010 289733260
00010 290463084
00010 290818266
00010 292350134
00010 292833246
00010 293343264
00010 294512168
00010 295503780
00010 299794628
00010 302006048
00010 304486046
00010 305217632
00010 312602818
00010 315888810
00010 316781950
00010 317826672
00010 320100048
00010 323590762
00010 326201484
00010 326394634
00010 328954064
00010 329461988
00010 334137234
00010 335455964
00010 336471070
00010 337229828
00010 339257632
00010 341044092
00010 342133334
00010 345597654
00010 346416044
00010 347518300
00010 350039802
00010 352871238
00010 353371294
00010 356008544
00010 357018216
00010 357919148
00010 359822512
00010 360029042
00010 360088598
00010 362208870
00010 368364234
00010 369165644
00010 369767046
00010 372722220
00010 373011100
00010 378810044
00010 379866326
00010 380930242
00010 391596118
00010 393889814
00010 394327100
00010 399208696
00010 402640072
00010 404827658
00010 405153978
00010 407453706
00010 413214174
00010 413421976
00010 416915648
00010 417078616
00010 417409192
00010 417776274
00010 418352816
00010 419102996
00010 420198076
00010 422860636
00010 426023920
00010 428003414
00010 430677112
00010 440178830
00010 446744048
00010 448237324
00010 450698110
00010 450779224
00010 451428916
00010 452230822
00010 453943532
00010 455779302
00010 456685162
00010 459041906
00010 461327584
00010 462237414
00010 462689648
00010 464764492
00010 464815730
00010 467813066
00010 469145324
00010 469318648
00010 470554194
00010 472106772
00010 476566038
00010 479951022
00010 480988810
00010 483682174
00010 484359572
00010 486051252
00010 487282546
00010 487623482
00010 488149006
00010 488333636
00010 491489700
00010 495438822
00010 498144096
00010 498368954
00010 498373276
00010 500003448
00010 500785294
00010 503133358
00010 503269000
00010 503453896
00010 506959282
00010 507864062
00010 511052340
00010 514130276
00010 514349492
00010 515465824
00010 517297068
00010 517935022
00010 522124732
00010 524360906
00010 528731588
00010 530369860
00010 534147626
00010 534302154
00010 535149822
00010 536632112
00010 537646662
00010 537748238
00010 539736596
00010 540782492
00010 541291990
00010 541345816
00010 541671766
00010 545521312
00010 549339162
00010 549992126
00010 553132540
00010 553335562
00010 554142208
00010 555606284
00010 557109296
00010 557194178
00010 557609832
00010 558717874
00010 560862878
00010 564000490
00010 568302420
00010 569441454
00010 570328086
00010 572723850
00010 577859326
00010 579512700
00010 580966728
00010 581163604
00010 583085518
00010 583914414
00010 584108302
00010 584153250
00010 586763670
00010 586980144
00010 587566554
00010 587925826
00010 590239750
00010 590340774
00010 593672148
00010 595622832
00010 596830366
00010 597153862
00010 598969512
00010 606981132
00010 607338562
00010 610108712
00010 611014524
00010 614051222
00010 616456426
00010 617037242
00010 617082102
00010 619225092
00010 619736326
00010 622551240
00010 622802404
00010 625186736
00010 626176778
00010 626214698
00010 632271534
00010 632273234
00010 633321602
00010 633388566
00010 637484736
00010 642772288
00010 648796334
00010 649471806
00010 650273558
00010 655055712
00010 655599346
00010 657638912
00010 658435962
00010 660744114
00010 661946700
00010 662583106
00010 664763272
00010 664910960
00010 665034012
00010 666234410
00010 666851080
00010 672886032
00010 679561842
00010 679951520
00010 680489380
00010 688439936
00010 688457114
00010 688486474
00010 698094394
00010 698144440
00010 700503850
00010 703461534
00010 703661944
00010 705603800
00010 707993822
00010 708574228
00010 708806906
00010 710765062
00010 711072450
00010 711152168
00010 711873980
00010 714297784
00010 714695474
00010 714821470
00010 716564642
00010 720365742
00010 720443548
00010 721090336
00010 721634384
00010 722721952
00010 724153100
00010 724920082
00010 725964512
00010 734477390
00010 740597698
00010 741351408
00010 743982300
00010 745915694
00010 748595664
00010 751691656
00010 752009024
00010 753207514
00010 755255214
00010 755919224
00010 758040062
00010 759007662
00010 762823926
00010 764015278
00010 766010846
00010 768092846
00010 768096600
00010 768200506
00010 770496678
00010 771379020
00010 772741712
00010 776051618
00010 776516124
00010 781273758
00010 781958174
00010 782308034
00010 783453842
00010 783881042
00010 787511720
00010 794404880
00010 795481630
00010 795620732
00010 795657186
00010 797138638
00010 797505674
00010 798739548
00010 802633220
00010 804911942
00010 804994134
00010 807525428
00010 807684732
00010 808801038
00010 811937160
00010 816002856
00010 818334386
00010 822530804
00010 825830712
00010 830512016
00010 831698748
00010 832402212
00010 832652838
00010 833067370
00010 835106516
00010 836291928
00010 836339120
00010 839606332
00010 839724940
00010 839905366
00010 840814296
00010 843336852
00010 843676054
00010 847701234
00010 849964964
00010 850931592
00010 856591216
00010 861802682
00010 862131254
00010 863033692
00010 863342472
00010 866271148
00010 869339506
00010 872086378
00010 874212122
00010 875501606
00010 878816208
00010 879719828
00010 880221132
00010 881914044
00010 884052518
00010 884782578
00010 884788740
00010 887512172
00010 889956500
00010 892261954
00010 892291172
00010 895286336
00010 897143312
00010 897965102
00010 903539592
00010 908247258
00010 910893764
00010 912190714
00010 916814196
00010 917586092
00010 919020948
00010 919300474
00010 923853362
00010 926102260
00010 926403168
00010 930150690
00010 934418048
00010 939348620
00010 940377766
00010 949143218
00010 949701304
00010 949862978
00010 950113166
00010 950860470
00010 954306232
00010 955426042
00010 956019814
00010 959136756
00010 962256696
00010 962318104
00010 965632408
00010 966692144
00010 969733724
00010 970093380
00010 975798344
00010 976023050
00010 976305460
00010 979764368
00010 980715462
00010 982288746
00010 983480036
00010 985680726
00010 987265682
00010 989215156
00010 989521906
00010 990819306
00010 995468744
00010 998197728
00010 2152728
00010 3699794
00010 4020658
00010 4181666
00010 5062578
00010 14864226
00010 15185200
00010 18089310
00010 21717036
00010 23063326
00010 24671154
00010 33588120
00010 37124788
00010 39184860
00010 40373570
00010 41638622
00010 42147868
00010 43929674
00010 48157788
00010 52615788
00010 55183676
00010 56513204
00010 58060128
00010 60290836
00010 62487790
00010 63025288
00010 67277658
00010 68819618
00010 73141568
00010 73310516
00010 74659322
00010 77462474
00010 77536870
00010 79831968
00010 84006822
00010 85529372
00010 85929698
00010 85979170
00010 88626838
00010 91160802
00010 91521524
00010 92203634
00010 92585818
00010 94031004
00010 98904274
00010 100074840
00010 101716632
00010 102144350
00010 102656730
00010 118500642
00010 122230996
00010 122536232
00010 124329288
00010 124725054
00010 124825478
00010 125526550
00010 125870286
00010 127136750
00010 129068380
00010 129375120
00010 131820824
00010 132099000
00010 132670272
00010 133489314
00010 134545328
00010 137701696
00010 137795990
00010 142885432
00010 143210426
00010 143850058
00010 144196860
00010 146100176
00010 148112346
00010 149523054
00010 151027308
00010 157161122
00010 160909674
00010 161705688
00010 176132420
00010 177107536
00010 177750406
00010 178796196
00010 180027586
00010 180793280
00010 183974644
00010 187488106
00010 190711360
00010 193231836
00010 195653370
00010 199396976
00010 200590314
00010 202035898
00010 202235546
00010 203739820
00010 208576648
00010 209446194
00010 211819622
00010 213341792
00010 215163552
00010 217122162
00010 219292142
00010 220088838
00010 220442802
00010 220959254
00010 224579562
00010 224757696
00010 226802822
00010 229502088
00010 229856934
00010 230133020
00010 233854550
00010 234625386
00010 236403654
00010 237202934
00010 238028166
00010 239293214
00010 240408106
00010 240472384
00010 241054300
00010 243426648
00010 243447828
00010 243833898
00010 244963046
00010 245128306
00010 247597404
00010 248391908
00010 252058516
00010 252629318
00010 255185716
00010 255294690
00010 258575784
00010 263292956
00010 263744294
00010 264895052
00010 266624432
00010 267739518
00010 273017334
00010 277461782
00010 281291520
00010 283601718
00010 284826294
00010 286315570
00010 286534894
00010 287058070
00010 290025322
00010 303130640
00010 309113758
00010 310654254
00010 312868340
00010 313412036
00010 316940232
00010 317663254
00010 318506130
00010 320135368
00010 321732402
00010 322019642
00010 326556874
00010 326640710
00010 326804348
00010 329650144
00010 331071226
00010 337479754
00010 339726800
00010 340838548
00010 342159236
00010 347130970
00010 350488506
00010 354471006
00010 356076690
00010 356116122
00010 358220738
00010 371147530
00010 379495958
00010 380005130
00010 382295780
00010 386001704
00010 386870960
00010 387965464
00010 388024746
00010 389560512
00010 395733968
00010 399105704
00010 403282962
00010 404877788
00010 405280526
00010 409236830
00010 410725350
00010 410744428
00010 413515094
00010 414504690
00010 418823526
00010 420707274
00010 422785776
00010 424429938
00010 425720074
00010 427258580
00010 433212076
00010 433301476
00010 433646336
00010 434625562
00010 438694410
00010 438931710
00010 438937238
00010 439453284
00010 448915114
00010 451634542
00010 452768576
00010 457197736
00010 459666888
00010 462035214
00010 468854184
00010 471995786
00010 476812600
00010 477811354
00010 477891830
00010 492200508
00010 493183916
00010 493259962
00010 493965994
00010 494145534
00010 495733960
00010 500174814
00010 502156548
00010 503589234
00010 506067282
00010 507235364
00010 508379260
00010 509949100
00010 514648826
00010 515836858
00010 516536950
00010 518549028
00010 524534932
00010 524852220
00010 525157398
00010 527919634
00010 534017932
00010 540823588
00010 541909884
00010 547416782
00010 548340492
00010 550327992
00010 554610092
00010 557032514
00010 559397204
00010 561863920
00010 562784976
00010 563178096
00010 563266896
00010 568132402
00010 568944122
00010 571656586
00010 572492244
00010 573015568
00010 576082714
00010 578216164
00010 578744956
00010 579827952
00010 580810300
00010 581173978
00010 581178550
00010 581347492
00010 582753860
00010 583694488
00010 584908858
00010 588896382
00010 590539564
00010 591332784
00010 596842968
00010 598578442
00010 601525902
00010 601540214
00010 602707458
00010 606037708
00010 606500274
00010 609219960
00010 611018226
00010 618320074
00010 620005104
00010 620995544
00010 622154528
00010 626049078
00010 626168670
00010 636576182
00010 638202904
00010 639527534
00010 643664066
00010 651531028
00010 652128944
00010 653767692
00010 658836458
00010 658978016
00010 669037962
00010 669109560
00010 674637240
00010 675621612
00010 675934678
00010 676033518
00010 676376530
00010 676887376
00010 677080634
00010 677147690
00010 681194240
00010 681980072
00010 682205398
00010 688859140
00010 690417700
00010 694064440
00010 696871828
00010 697518664
00010 698133414
00010 699022396
00010 699432536
00010 699806674
00010 699846302
00010 699850450
00010 700594770
00010 702295344
00010 704077354
00010 704271558
00010 714220332
00010 715674784
00010 716177066
00010 716384758
00010 716763884
00010 718677280
00010 718816976
00010 718942550
00010 721929848
00010 722637752
00010 724227720
00010 728574238
00010 728789042
00010 729616132
00010 732245198
00010 736643040
00010 738173974
00010 739443512
00010 740844342
00010 742623456
00010 743177478
00010 744011562
00010 745383264
00010 748823274
00010 759416962
00010 764642722
00010 767792098
00010 769426446
00010 773956144
00010 776263868
00010 777463226
00010 778578202
00010 782567080
00010 782947976
00010 785171670
00010 786651786
00010 787928960
00010 788920284
00010 789739134
00010 792262542
00010 797749894
00010 798845420
00010 805382024
00010 806043010
00010 809242900
00010 811184962
00010 811192000
00010 811360734
00010 813157632
00010 813715260
00010 816764936
00010 818468302
00010 819411480
00010 821357662
00010 822980848
00010 824208964
00010 828683786
00010 832442236
00010 836097662
00010 836431520
00010 840581758
00010 840834536
00010 841140760
00010 841549528
00010 843283904
00010 844575204
00010 845992310
00010 846010046
00010 846532582
00010 850024498
00010 850543860
00010 852064868
00010 854214342
00010 859295264
00010 859555996
00010 861901240
00010 863072896
00010 863738048
00010 864114216
00010 865808592
00010 868931484
00010 870359054
00010 871328568
00010 879255720
00010 879325428
00010 885268338
00010 885296010
00010 890028422
00010 892573668
00010 893003304
00010 893983880
00010 895782638
00010 896228402
00010 897820244
00010 899937722
00010 901022076
00010 901298100
00010 904721338
00010 906352946
00010 910478136
00010 910776046
00010 910808794
00010 911911938
00010 918362000
00010 919017952
00010 919450526
00010 920147930
00010 921607884
00010 921692318
00010 922736824
00010 923516392
00010 926854812
00010 928708882
00010 931133124
00010 932625570
00010 934837008
00010 937145542
00010 937572802
00010 938672518
00010 938978246
00010 942950552
00010 944959530
00010 948948218
00010 948994556
00010 949953708
00010 950318418
00010 951777482
00010 956613122
00010 956686474
00010 956743666
00010 956862188
00010 959228136
00010 959909222
00010 960288484
00010 961869580
00010 962653352
00010 962683882
00010 964466562
00010 970809974
00010 972345344
00010 972439244
00010 972516646
00010 973381102
00010 974961584
00010 976333528
00010 977199316
00010 978815550
00010 980282016
00010 981215530
00010 982773266
00010 985959788
00010 989934104
00010 991842232
00010 992007602
00010 995114622
00010 996714370
00010 998307810
00010 998877778
00010 1594878
00010 5131476
00010 6901586
00010 10959542
00010 11846436
00010 12277564
00010 15438216
00010 15597240
00010 18637970
00010 19236050
00010 21600260
00010 21703618
00010 23596554
00010 24399300
00010 28428690
00010 28593970
00010 28982872
00010 32579820
00010 32752654
00010 35759678
00010 40041966
00010 41985686
00010 42813826
00010 43130806
00010 47518710
00010 47783526
00010 50079946
00010 52740858
00010 53062482
00010 53186178
00010 54363920
00010 54379994
00010 58306232
00010 62315902
00010 63230506
00010 64473540
00010 71404360
00010 71413918
00010 74256598
00010 78601510
00010 83865440
00010 84370876
00010 85990012
00010 88276636
00010 91828496
00010 92218996
00010 92537484
00010 93165850
00010 93598860
00010 94269140
00010 96917028
00010 101786094
00010 102934322
00010 103408482
00010 108468474
00010 109219120
00010 109600850
00010 109714630
00010 110067196
00010 111398102
00010 117726594
00010 126070402
00010 126088672
00010 127699294
00010 128911998
00010 129644756
00010 130888886
00010 131180332
00010 136289622
00010 140342100
00010 141063456
00010 147593906
00010 148464744
00010 153565188
00010 155337860
00010 165114170
00010 166293876
00010 167505392
00010 168072468
00010 171720720
00010 176447536
00010 177941594
00010 178703826
00010 180330830
00010 188343124
00010 193172348
00010 195059794
00010 195710598
00010 199127158
00010 199394134
00010 199669984
00010 201408976
00010 203144608
00010 207490390
00010 207633402
00010 209587528
00010 218156624
00010 218611284
00010 221435364
00010 223340406
00010 223721132
00010 223828376
00010 230832652
00010 234699442
00010 237107382
00010 237164054
00010 241344502
00010 244478120
00010 244863712
00010 248935162
00010 254109048
00010 254635386
00010 255752656
00010 255814910
00010 258367762
00010 258771954
00010 259590850
00010 259764174
00010 260298032
00010 261774192
00010 261881750
00010 262319820
00010 263000328
00010 263022320
00010 264406502
00010 268019012
00010 270122510
00010 270683958
00010 271417188
00010 271800698
00010 275602968
00010 276809430
00010 281332780
00010 282604910
00010 283282310
00010 286099450
00010 288589858
00010 290322624
00010 290729060
00010 290942068
00010 294614986
00010 295729372
00010 296283510
00010 297056614
00010 298913174
00010 299511170
00010 301776312
00010 304685716
00010 306003826
00010 311111846
00010 311287634
00010 315578050
00010 317996438
00010 319152472
00010 319672872
00010 323321032
00010 324336496
00010 326786002
00010 327657474
00010 329067376
00010 332767628
00010 334753316
00010 335705992
00010 341518652
00010 343343884
00010 344846936
00010 350844952
00010 351328098
00010 352917264
00010 354401798
00010 355147894
00010 356474128
00010 357133246
00010 357579328
00010 357982708
00010 359428386
00010 363959300
00010 364025982
00010 364896408
00010 365817966
00010 366879648
00010 367229202
00010 368154450
00010 368753024
00010 369104194
00010 372748420
00010 376697534
00010 379076688
00010 379492908
00010 380498740
00010 381871402
00010 384644782
00010 388253538
00010 388390984
00010 388996232
00010 394241120
00010 399458030
00010 400424854
00010 402435088
00010 402965292
00010 403879496
00010 404666084
00010 408089898
00010 408565078
00010 409916176
00010 410940444
00010 414510936
00010 421072902
00010 422977110
00010 423941584
00010 424640850
00010 424884658
00010 426353344
00010 427165602
00010 427392496
00010 430874484
00010 431755816
00010 432601316
00010 437275200
00010 440495532
00010 440764340
00010 447461262
00010 447541388
00010 452809822
00010 455716314
00010 457370268
00010 457429398
00010 474366538
00010 477728236
00010 478464110
00010 478623312
00010 484272436
00010 484388084
00010 484726964
00010 485014860
00010 485335424
00010 486339240
00010 486754316
00010 487247908
00010 490101316
00010 491954646
00010 491987812
00010 494429228
00010 503097752
00010 503882814
00010 505479494
00010 505978524
00010 507510826
00010 507966182
00010 508891076
00010 510481576
00010 510584212
00010 516366912
00010 519900186
00010 523776040
00010 526179034
00010 526260720
00010 526266658
00010 529531970
00010 535749872
00010 544746928
00010 549482610
00010 549755530
00010 550512524
00010 550528544
00010 551304270
00010 551507542
00010 552928372
00010 552943610
00010 553673602
00010 556496464
00010 560013568
00010 560360396
00010 561417196
00010 562424026
00010 564421222
00010 566072048
00010 567785180
00010 569720172
00010 572227274
00010 573840806
00010 574326788
00010 582141794
00010 582997968
00010 588652336
00010 588791820
00010 589479814
00010 589786790
00010 590121138
00010 595595658
00010 595639410
00010 599240242
00010 599815516
00010 602001312
00010 609834186
00010 611049984
00010 611476156
00010 612266314
00010 612851676
00010 613281044
00010 615716766
00010 616772476
00010 618264970
00010 621627304
00010 621892824
00010 622804654
00010 626259524
00010 632663276
00010 633783392
00010 635765564
00010 636998648
00010 637705156
00010 641368014
00010 641844324
00010 642224164
00010 645578992
00010 646127770
00010 647114100
00010 647876546
00010 647910986
00010 650851098
00010 652518436
00010 652657304
00010 654886102
00010 655811278
00010 656937428
00010 657215318
00010 673910002
00010 675822256
00010 676120234
00010 679579782
00010 682271212
00010 684251962
00010 684473258
00010 685163990
00010 685589708
00010 688139430
00010 689597640
00010 689760084
00010 690036198
00010 690863450
00010 690869524
00010 691553910
00010 693773800
00010 693823876
00010 697080630
00010 700339984
00010 700445950
00010 702331594
00010 702650986
00010 704912266
00010 705169600
00010 706018292
00010 715759274
00010 720055848
00010 721393504
00010 724824896
00010 725969418
00010 726169346
00010 726948576
00010 728469880
00010 733842690
00010 735372730
00010 739885204
00010 741290446
00010 742351754
00010 742392790
00010 743904706
00010 746724284
00010 749011764
00010 750712928
00010 750998064
00010 752381686
00010 754422474
00010 756581980
00010 757046672
00010 757831892
00010 760424458
00010 761037608
00010 764181134
00010 766832112
00010 769160744
00010 771580036
00010 773219260
00010 773480134
00010 775555276
00010 775569480
00010 777318664
00010 777578004
00010 778794398
00010 779495368
00010 781315966
00010 787632724
00010 791565350
00010 794954188
00010 794969776
00010 798879902
00010 799010244
00010 802924748
00010 804096046
00010 804278060
00010 806495230
00010 814454706
00010 819741846
00010 824544266
00010 824792006
00010 826906100
00010 828179276
00010 829611656
00010 830642684
00010 835335088
00010 835385814
00010 837725846
00010 839656484
00010 844038304
00010 845497622
00010 846674542
00010 846809848
00010 847281038
00010 848360016
00010 851736982
00010 858880952
00010 859185958
00010 861612910
00010 865140730
00010 865667432
00010 871839188
00010 878589050
00010 879638856
00010 880645764
00010 881852254
00010 882512736
00010 885613258
00010 894751094
00010 895155510
00010 895606434
00010 897219918
00010 897534258
00010 899012528
00010 900408240
00010 900544368
00010 903311200
00010 903505874
00010 908681858
00010 909700428
00010 910674664
00010 913649190
00010 915234814
00010 917342152
00010 917434058
00010 919107370
00010 920308810
00010 920891704
00010 923122492
00010 927828852
00010 928041908
00010 928068842
00010 928720450
00010 929692338
00010 934930212
00010 935605302
00010 936190442
00010 937073094
00010 941240428
00010 946685644
00010 947377636
00010 948232750
00010 948398488
00010 949629498
00010 949915802
00010 955960176
00010 957682764
00010 959513150
00010 962608264
00010 962678676
00010 963058482
00010 963575442
00010 966115564
00010 966812474
00010 972175240
00010 973666206
00010 979472706
00010 980487892
00010 981556166
00010 981564886
00010 982117046
00010 983312772
00010 986398394
00010 986566348
00010 987118952
00010 990890202
00010 992310272
00010 993296036
00010 994779468
00010 999285470
00010 1267702
00010 3630300
00010 6086262
00010 6461266
00010 7879964
00010 9235996
00010 12739954
00010 18467314
00010 19755994
00010 21898354
00010 29251220
00010 29707144
00010 30438278
00010 31262924
00010 31267074
00010 34168728
00010 34920508
00010 38711484
00010 41153286
00010 49969436
00010 50253650
00010 52095046
00010 52796788
00010 53958360
00010 55905922
00010 58443556
00010 58734098
00010 59335736
00010 59667776
00010 60613890
00010 60680784
00010 65186024
00010 67127834
00010 68443312
00010 68528438
00010 71160874
00010 72538610
00010 73293220
00010 74744956
00010 77440358
00010 77797696
00010 78134772
00010 82594918
00010 83235652
00010 83282288
00010 84395638
00010 84849794
00010 86192288
00010 88216108
00010 91623718
00010 94357854
00010 96324312
00010 101706868
00010 105623398
00010 106228838
00010 106832208
00010 106965690
00010 108679988
00010 111442304
00010 111713988
00010 111794602
00010 115556862
00010 120019804
00010 125128754
00010 126084552
00010 129237694
00010 129929104
00010 133868302
00010 133875858
00010 134389808
00010 134416086
00010 135021062
00010 137531812
00010 141337806
00010 143345616
00010 147654896
00010 148648860
00010 150364718
00010 150546580
00010 152685512
00010 154267904
00010 154378740
00010 154571058
00010 161545522
00010 162748592
00010 170622658
00010 170787000
00010 171980248
00010 175532560
00010 176120938
00010 177738684
00010 181577056
00010 185321484
00010 191397476
00010 192250092
00010 194545938
00010 195679902
00010 196346664
00010 198304700
00010 200862982
00010 200886978
00010 202567266
00010 203225314
00010 203401030
00010 208414464
00010 208662304
00010 211322968
00010 215370630
00010 216155240
00010 218117826
00010 220491784
00010 220848760
00010 221053758
00010 221586094
00010 221724266
00010 221732832
00010 221918024
00010 222580500
00010 224544584
00010 224668762
00010 232081326
00010 232109822
00010 244345422
00010 247530490
00010 247679656
00010 248496574
00010 250909964
00010 252063120
00010 253771818
00010 255436374
00010 257719890
00010 263633464
00010 267011538
00010 267645922
00010 268651398
00010 269948148
00010 272198070
00010 275477422
00010 281890842
00010 283572104
00010 283797416
00010 285589944
00010 285650584
00010 285663730
00010 290935166
00010 293449894
00010 294450780
00010 295691776
00010 296067540
00010 297951396
00010 298568316
00010 299822860
00010 302661282
00010 305478428
00010 306114026
00010 308972052
00010 311555932
00010 311756654
00010 312786488
00010 314072792
00010 314301426
00010 316624528
00010 317224736
00010 317369864
00010 318283788
00010 319746666
00010 320229642
00010 321957124
00010 322985220
00010 323437070
00010 324692322
00010 328750412
00010 329264012
00010 341499840
00010 341616490
00010 341740016
00010 342000996
00010 354968072
00010 356810136
00010 356825008
00010 357025726
00010 361005980
00010 361149948
00010 362511418
00010 364971622
00010 366160282
00010 367578104
00010 368020186
00010 368030860
00010 369553514
00010 370046122
00010 374386984
00010 380917670
00010 382680646
00010 383878132
00010 388538730
00010 388651650
00010 388719268
00010 388844990
00010 403437918
00010 403640438
00010 408305260
00010 409475714
00010 411099550
00010 413104570
00010 415144246
00010 415604028
00010 416466448
00010 418065254
00010 418075092
00010 422035074
00010 423677618
00010 424430508
00010 425530530
00010 427376006
00010 427622088
00010 428385598
00010 431218930
00010 431449948
00010 433547572
00010 435733286
00010 435992684
00010 436226430
00010 439037384
00010 440062538
00010 440447584
00010 443198112
00010 445386876
00010 445453490
00010 446904730
00010 447545112
00010 447899590
00010 449005394
00010 452296330
00010 452629022
00010 452733660
00010 453714100
00010 459196846
00010 460792652
00010 461102134
00010 462719354
00010 463987874
00010 465225104
00010 465226240
00010 468530258
00010 468634490
00010 473182958
00010 475454748
00010 476544818
00010 480721534
00010 481364838
00010 484756606
00010 487596876
00010 491731960
00010 492231866
00010 492867284
00010 495847988
00010 497167674
00010 497796060
00010 498794890
00010 499227252
00010 501174432
00010 502604878
00010 505326912
00010 505374150
00010 506139494
00010 509556518
00010 509951118
00010 510240302
00010 510589092
00010 510852850
00010 511904134
00010 512205572
00010 512621898
00010 514140626
00010 521205832
00010 524380952
00010 533333346
00010 537498396
00010 538677286
00010 542931620
00010 545589810
00010 546994810
00010 547760808
00010 551780212
00010 553029064
00010 557455316
00010 557669428
00010 560384884
00010 561280022
00010 562940506
00010 563746682
00010 564399920
00010 565511746
00010 566319064
00010 569155720
00010 572078402
00010 572305466
00010 572640200
00010 574387342
00010 576833056
00010 578509876
00010 579119654
00010 584658778
00010 586969454
00010 593239736
00010 593447302
00010 595123568
00010 596361320
00010 600567076
00010 604941142
00010 608256634
00010 609477312
00010 610571552
00010 611268520
00010 617591276
00010 618764442
00010 619072466
00010 621573026
00010 621782716
00010 625213734
00010 627389202
00010 639825200
00010 640204638
00010 648208432
00010 650646280
00010 651274692
00010 655864470
00010 656112812
00010 657782680
00010 659837250
00010 661721452
00010 662028936
00010 663974416
00010 664593070
00010 670924396
00010 675632880
00010 676851218
00010 680594056
00010 680897606
00010 681031322
00010 690999556
00010 695721748
00010 697524248
00010 698415230
00010 699666714
00010 708424306
00010 708878616
00010 710382630
00010 710785530
00010 711047798
00010 712787732
00010 714251446
00010 714873506
00010 717894318
00010 723394178
00010 727409884
00010 729388000
00010 730929876
00010 733615176
00010 734466090
00010 734907570
00010 734927614
00010 737974752
00010 739734344
00010 741348450
00010 742560810
00010 742658314
00010 743938150
00010 744538684
00010 745678106
00010 745983374
00010 746486684
00010 746742086
00010 747075172
00010 748615934
00010 749185080
00010 750142958
00010 751626536
00010 751640828
00010 753793398
00010 754405978
00010 755381832
00010 757063184
00010 757799762
00010 758217324
00010 758300004
00010 759713368
00010 759854980
00010 760697202
00010 769150546
00010 770042798
00010 771667082
00010 775628194
00010 775703164
00010 777840400
00010 779455482
00010 782069546
00010 784419320
00010 788385964
00010 791796238
00010 793124488
00010 793218472
00010 793289328
00010 794371888
00010 795143898
00010 798589178
00010 803202712
00010 803398126
00010 803438354
00010 804398786
00010 806552784
00010 807320140
00010 810792930
00010 812421548
00010 814006786
00010 816780842
00010 817161768
00010 817261330
00010 818325396
00010 818490572
00010 818828184
00010 819084854
00010 819764298
00010 825226936
00010 829205846
00010 829786770
00010 830091106
00010 830533484
00010 831430366
00010 833368908
00010 834613180
00010 838020170
00010 840504580
00010 842531226
00010 843210476
00010 847484236
00010 847809564
00010 851906512
00010 851946074
00010 854034810
00010 855817764
00010 855879114
00010 857909592
00010 858344812
00010 864391022
00010 868386382
00010 869092570
00010 870974618
00010 871329220
00010 871658630
00010 872409314
00010 875496648
00010 877889200
00010 880505966
00010 881081362
00010 882250356
00010 886847212
00010 890254084
00010 891439878
00010 893818178
00010 894098720
00010 895145324
00010 898385692
00010 898799118
00010 900058846
00010 900645078
00010 903082564
00010 905260718
00010 905572198
00010 905735520
00010 905965258
00010 906252394
00010 906307622
00010 906360686
00010 906902652
00010 909884008
00010 913137802
00010 915671800
00010 916912382
00010 918926522
00010 920621082
00010 922771690
00010 925869978
00010 928867140
00010 930442442
00010 930518262
00010 933356578
00010 934324482
00010 934827002
00010 935223216
00010 936864014
00010 936953342
00010 937081394
00010 940523924
00010 941402690
00010 944046260
00010 944752038
00010 945575782
00010 946566410
00010 947214862
00010 949601550
00010 950198330
00010 950842698
00010 951320134
00010 953277704
00010 953455584
00010 954179972
00010 955414136
00010 957495180
00010 957659014
00010 960368058
00010 962084604
00010 963794568
00010 964880482
00010 965105852
00010 966734980
00010 968638472
00010 969500598
00010 970008706
00010 973348812
00010 973923624
00010 973972980
00010 977081290
00010 977569240
00010 978774262
00010 979896602
00010 980959102
00010 983568980
00010 988251790
00010 988676960
00010 995864950
00010 998905904
