00010 764574
00010 3224006
00010 5760416
00010 5867742
00010 6789706
00010 9144794
00010 9824108
00010 13159668
00010 15782924
00010 16347166
00010 19061942
00010 19087678
00010 21555346
00010 21894238
00010 24685552
00010 24823916
00010 26762934
00010 31375612
00010 35042550
00010 39160508
00010 39929324
00010 46768900
00010 47328090
00010 47934750
00010 48209074
00010 48403884
00010 48635958
00010 54452852
00010 61520502
00010 62753914
00010 63669802
00010 67606546
00010 68532158
00010 68644632
00010 73065348
00010 73083718
00010 73858746
00010 77385250
00010 78781320
00010 83057194
00010 83508746
00010 83646410
00010 85828088
00010 87959228
00010 89162338
00010 89717074
00010 90607330
00010 93047802
00010 93269054
00010 93472242
00010 94243750
00010 96397124
00010 97434458
00010 100127202
00010 102226956
00010 105399190
00010 107292742
00010 110834282
00010 111440386
00010 115032498
00010 115442846
00010 118824384
00010 120212106
00010 120527022
00010 121569328
00010 121588176
00010 122627266
00010 124884708
00010 127112900
00010 129399290
00010 130290468
00010 139801654
00010 149459708
00010 150603882
00010 158181106
00010 160215742
00010 160752008
00010 161842996
00010 169353748
00010 172189210
00010 172663298
00010 182827532
00010 183157434
00010 185247134
00010 191965292
00010 196768590
00010 200218254
00010 201532202
00010 204178796
00010 205821416
00010 210155820
00010 210209030
00010 212811182
00010 214672388
00010 214842396
00010 216722194
00010 218947096
00010 219038608
00010 223580888
00010 223722644
00010 224300438
00010 226953750
00010 228136920
00010 229026196
00010 237352298
00010 241506168
00010 244677266
00010 246232626
00010 247154972
00010 249497434
00010 251015054
00010 252039586
00010 252216780
00010 258808494
00010 259449590
00010 260356998
00010 260809832
00010 263572452
00010 266582620
00010 269438444
00010 270582934
00010 270695086
00010 272235132
00010 277321468
00010 277622768
00010 278782272
00010 280597198
00010 286221052
00010 292755086
00010 294217906
00010 297442490
00010 297455056
00010 299834250
00010 300933326
00010 300979392
00010 302060038
00010 305020710
00010 305853520
00010 306140508
00010 306922024
00010 309263092
00010 311250732
00010 313163944
00010 317971688
00010 319211950
00010 321914314
00010 321996088
00010 322122952
00010 322373234
00010 322461566
00010 323757798
00010 326681204
00010 326927222
00010 327163514
00010 327408854
00010 327681400
00010 330806662
00010 332724840
00010 334514802
00010 335045826
00010 339767916
00010 344352926
00010 344475626
00010 348643218
00010 348820194
00010 349095608
00010 350941234
00010 352059850
00010 352127214
00010 358202478
00010 360399850
00010 363349316
00010 368126572
00010 368574760
00010 371281304
00010 372732786
00010 373846536
00010 378428070
00010 379114670
00010 379184614
00010 380232692
00010 383612612
00010 384885426
00010 387246722
00010 388235252
00010 391625962
00010 397827724
00010 399703446
00010 406734078
00010 407223694
00010 411545732
00010 412138358
00010 415670470
00010 421016274
00010 422599762
00010 424765816
00010 426133500
00010 426583796
00010 427752668
00010 428554618
00010 430952972
00010 432157710
00010 432168902
00010 432573380
00010 433304186
00010 437885926
00010 438535166
00010 438818638
00010 439388122
00010 440830890
00010 442586092
00010 442672176
00010 442859010
00010 445540308
00010 446429392
00010 448219572
00010 448548236
00010 450803382
00010 451852652
00010 456219166
00010 458910540
00010 460895738
00010 461444166
00010 469378052
00010 470013058
00010 472022290
00010 476427124
00010 476584226
00010 476585194
00010 476991798
00010 477734336
00010 478089786
00010 480359562
00010 486941404
00010 488822402
00010 489237322
00010 490671258
00010 499663816
00010 500638502
00010 501950350
00010 507654298
00010 510703352
00010 519087444
00010 525279282
00010 528278576
00010 530663390
00010 536168956
00010 537359210
00010 539806050
00010 558262378
00010 559771922
00010 568096958
00010 570207886
00010 570209638
00010 570776778
00010 572640890
00010 574148044
00010 579285296
00010 580578188
00010 581543774
00010 581867036
00010 581868312
00010 583560404
00010 585685502
00010 585765966
00010 585817762
00010 588084062
00010 588267812
00010 588278378
00010 589996802
00010 593048638
00010 593443606
00010 597227396
00010 597821300
00010 599624126
00010 602564656
00010 607355474
00010 607731976
00010 609843334
00010 618220184
00010 618370766
00010 618757878
00010 621717296
00010 621877888
00010 622939310
00010 623643312
00010 624949242
00010 626541538
00010 628291654
00010 630699892
00010 630791426
00010 631262784
00010 631941550
00010 632129898
00010 632820344
00010 634246124
00010 634908922
00010 637619512
00010 638134374
00010 638714564
00010 640703956
00010 640991160
00010 641530956
00010 642739990
00010 645104970
00010 648575518
00010 649577272
00010 654602002
00010 656827654
00010 658853234
00010 662449322
00010 664325624
00010 664582280
00010 666374462
00010 666984846
00010 670153166
00010 671741898
00010 673543018
00010 673988852
00010 676724638
00010 680200828
00010 681101348
00010 682086828
00010 682134676
00010 682278864
00010 682528814
00010 684472884
00010 685533302
00010 688783056
00010 688998122
00010 692175360
00010 694252938
00010 697723736
00010 700419138
00010 703564254
00010 703709922
00010 705242744
00010 705663256
00010 705854430
00010 711208790
00010 718898306
00010 718967550
00010 725955436
00010 726009164
00010 730253946
00010 730879244
00010 731643666
00010 736765610
00010 737132934
00010 737413174
00010 740156458
00010 740487246
00010 740701018
00010 741060206
00010 741315950
00010 742143902
00010 751243330
00010 751958038
00010 755046948
00010 755317182
00010 756844440
00010 756938270
00010 757900424
00010 759329874
00010 760854456
00010 767122086
00010 769504140
00010 771784230
00010 773917278
00010 775382718
00010 779520950
00010 780303654
00010 782562646
00010 784697722
00010 785986288
00010 796288710
00010 800117540
00010 800829760
00010 801407734
00010 803014446
00010 803107020
00010 805661686
00010 808681122
00010 809557724
00010 810773084
00010 811671702
00010 816597406
00010 824709032
00010 825398058
00010 826843016
00010 827164358
00010 830519030
00010 830592548
00010 833944772
00010 835293340
00010 835853878
00010 837263602
00010 842661842
00010 843920158
00010 845582296
00010 848773174
00010 852427084
00010 854436608
00010 855018784
00010 861645098
00010 864068010
00010 866707420
00010 868585054
00010 874247946
00010 874522996
00010 875990056
00010 876956604
00010 878909244
00010 880009876
00010 884776658
00010 889184514
00010 892314220
00010 892379638
00010 897217936
00010 898562512
00010 898764452
00010 899834722
00010 902361522
00010 903182440
00010 905591964
00010 906062908
00010 907584178
00010 915667252
00010 916819622
00010 927927198
00010 929289032
00010 930284170
00010 932413922
00010 932678862
00010 933199424
00010 934241532
00010 938071396
00010 939129042
00010 942590486
00010 943074334
00010 946667556
00010 948233564
00010 949403230
00010 950037442
00010 951799700
00010 953109488
00010 954099734
00010 954123342
00010 959994588
00010 961597560
00010 962159110
00010 965089286
00010 965171010
00010 967553744
00010 968398758
00010 968493740
00010 968825044
00010 968930840
00010 969930094
00010 971576824
00010 973367720
00010 973499548
00010 974376764
00010 977564912
00010 978681954
00010 979542628
00010 980262596
00010 981347814
00010 981772958
00010 981792502
00010 983915838
00010 992341978
00010 994355958
00010 998430530
00010 2364506
00010 3585200
00010 4257432
00010 4295378
00010 11699038
00010 14137972
00010 14269670
00010 15083030
00010 21099136
00010 23323690
00010 27773594
00010 28923328
00010 28963002
00010 32543746
00010 32569042
00010 33731538
00010 37889698
00010 37927130
00010 38992844
00010 39661634
00010 43080986
00010 46022306
00010 46342220
00010 46731188
00010 53822260
00010 61352354
00010 62020986
00010 67150936
00010 72585670
00010 72939760
00010 74800504
00010 75852124
00010 78261980
00010 80416336
00010 81371182
00010 91369262
00010 91667868
00010 93162638
00010 93237914
00010 96181118
00010 98993510
00010 99502008
00010 105011356
00010 108088270
00010 129837252
00010 134115638
00010 135032216
00010 135906366
00010 139613644
00010 140415850
00010 141808716
00010 142555966
00010 142804300
00010 143895258
00010 144939856
00010 145583858
00010 145655266
00010 149674934
00010 149746448
00010 150153938
00010 150528540
00010 152591554
00010 153002514
00010 153267220
00010 155499574
00010 157239904
00010 157540324
00010 159382556
00010 159520096
00010 159801392
00010 159817314
00010 163249494
00010 165783830
00010 166800082
00010 168746668
00010 169860804
00010 170092596
00010 172447366
00010 175583662
00010 176366982
00010 179329960
00010 180197210
00010 183436014
00010 188577636
00010 189028322
00010 189230664
00010 194092298
00010 195052450
00010 195430914
00010 196702486
00010 198381708
00010 198459200
00010 201615568
00010 203390504
00010 205184484
00010 207699168
00010 209797684
00010 210272008
00010 212519378
00010 213696704
00010 219213462
00010 219634400
00010 220475518
00010 222955434
00010 225619124
00010 226591308
00010 226725318
00010 229983116
00010 234523394
00010 235801032
00010 239301596
00010 239916130
00010 242368602
00010 243729220
00010 249805710
00010 253366060
00010 253544962
00010 254165656
00010 259193194
00010 264563132
00010 270818870
00010 277154404
00010 278660306
00010 283131848
00010 292444020
00010 293684564
00010 297913504
00010 298108872
00010 300331394
00010 309873896
00010 314270950
00010 315697428
00010 316342416
00010 317334392
00010 322779446
00010 323182282
00010 324516558
00010 331748994
00010 332126446
00010 332146320
00010 332830788
00010 337308454
00010 337565498
00010 340921408
00010 343555384
00010 346336402
00010 346551568
00010 351042856
00010 352827478
00010 356537742
00010 356790446
00010 358664504
00010 358781712
00010 361316506
00010 368863072
00010 369895878
00010 373337412
00010 374213786
00010 377619782
00010 379534856
00010 382114018
00010 382145532
00010 385455470
00010 388742730
00010 395782554
00010 397339634
00010 398293522
00010 398481508
00010 399256086
00010 403128830
00010 404904046
00010 405056830
00010 407199370
00010 407820764
00010 415421614
00010 417159650
00010 418099402
00010 418544116
00010 422418142
00010 423735640
00010 424948480
00010 425156398
00010 426530502
00010 426948516
00010 427885824
00010 428805806
00010 428885434
00010 430819714
00010 431156992
00010 435597322
00010 436157872
00010 437463930
00010 437995298
00010 438086090
00010 439295614
00010 439409204
00010 443721442
00010 444601104
00010 445888574
00010 446260390
00010 447647774
00010 449141884
00010 449237808
00010 451218586
00010 453218596
00010 454359144
00010 455670150
00010 457110988
00010 462513594
00010 464564456
00010 472403468
00010 473930780
00010 475579150
00010 476143570
00010 476239878
00010 478691192
00010 479213012
00010 487380354
00010 491858646
00010 493495016
00010 495266220
00010 496604518
00010 496860142
00010 498627792
00010 499864878
00010 505133318
00010 507013266
00010 508950558
00010 509022536
00010 509453890
00010 511133660
00010 512189906
00010 517341462
00010 517449788
00010 518621476
00010 519527662
00010 519660070
00010 521203740
00010 522248670
00010 522721914
00010 523965748
00010 524422956
00010 527021500
00010 532372184
00010 532695738
00010 533659706
00010 535148982
00010 536873042
00010 538292464
00010 539590020
00010 540194074
00010 543509754
00010 548498264
00010 549869916
00010 552362718
00010 553512854
00010 554720284
00010 555054076
00010 555268384
00010 555786614
00010 558074506
00010 559047338
00010 561020086
00010 565358158
00010 566213762
00010 567561242
00010 568813870
00010 570398852
00010 572704710
00010 577547960
00010 577788020
00010 582658558
00010 583560188
00010 584113432
00010 585389406
00010 588165192
00010 588797232
00010 593933566
00010 597470876
00010 598664970
00010 600001946
00010 605794908
00010 606277846
00010 608714190
00010 610755624
00010 612523162
00010 618123366
00010 619632750
00010 620292064
00010 621835542
00010 623408284
00010 625176366
00010 626357108
00010 632778852
00010 635861336
00010 636472934
00010 636804418
00010 640724424
00010 642941952
00010 643511850
00010 645243638
00010 646761788
00010 646910598
00010 648139240
00010 649265010
00010 649709698
00010 651472604
00010 652445278
00010 652851868
00010 653066572
00010 655611008
00010 666137984
00010 667879420
00010 670291816
00010 672112408
00010 673228214
00010 674897878
00010 675664658
00010 677660406
00010 682682408
00010 684449798
00010 684548580
00010 689402642
00010 693352688
00010 693725874
00010 698686408
00010 698900912
00010 699361224
00010 701872734
00010 703377474
00010 703557724
00010 703672056
00010 703848292
00010 708758796
00010 709765804
00010 710677196
00010 710953896
00010 710970802
00010 712519484
00010 713560732
00010 722577976
00010 726728090
00010 726980128
00010 732736668
00010 733772016
00010 734316414
00010 738199094
00010 740142708
00010 742161298
00010 744637674
00010 748080848
00010 751279464
00010 751331822
00010 754344574
00010 754439082
00010 756409322
00010 757313914
00010 773197070
00010 776726220
00010 776730276
00010 779679132
00010 780979388
00010 782337252
00010 784985106
00010 798379828
00010 800787732
00010 801046564
00010 802773788
00010 807270836
00010 811234434
00010 811859176
00010 816214242
00010 819289380
00010 819439800
00010 825519132
00010 826877336
00010 828312254
00010 831253342
00010 831386372
00010 838310184
00010 839634024
00010 844150794
00010 845878348
00010 847394590
00010 858470856
00010 861025808
00010 866255294
00010 866869320
00010 870061562
00010 873198142
00010 875812406
00010 876453234
00010 877642740
00010 877975032
00010 878203568
00010 879743746
00010 880031232
00010 881447724
00010 887169576
00010 889812438
00010 890506984
00010 892104732
00010 894255784
00010 895228338
00010 896144692
00010 896246950
00010 905459652
00010 907103946
00010 907972026
00010 911690462
00010 912064276
00010 912231372
00010 912921254
00010 915462538
00010 915647936
00010 919701928
00010 920256264
00010 920450458
00010 923285686
00010 923294748
00010 924678376
00010 929310550
00010 933170196
00010 933695632
00010 935968550
00010 939880308
00010 942163912
00010 944078966
00010 945323564
00010 947416828
00010 947896788
00010 948725754
00010 950099584
00010 950401862
00010 950522566
00010 953808148
00010 955899200
00010 959103216
00010 959990122
00010 961916144
00010 962871288
00010 963634232
00010 963647910
00010 964257592
00010 965673822
00010 967019598
00010 969075652
00010 972437430
00010 974278526
00010 976387910
00010 978635206
00010 980846584
00010 981612630
00010 983882004
00010 984019888
00010 984079658
00010 986783484
00010 991762378
00010 993137038
00010 993414344
00010 997582328
00010 999232682
00010 1412506
00010 3558050
00010 5458540
00010 6061536
00010 6552412
00010 17832526
00010 18709228
00010 20361126
00010 28338380
00010 31648510
00010 38326282
00010 39344542
00010 39445856
00010 39572792
00010 45759544
00010 45853512
00010 47986040
00010 49671524
00010 52718100
00010 53640460
00010 53914214
00010 53950534
00010 56635226
00010 58220382
00010 62601352
00010 62805100
00010 66751542
00010 67384108
00010 68713190
00010 72395788
00010 73153532
00010 73229710
00010 74475972
00010 75209030
00010 75746830
00010 77931226
00010 84322774
00010 85147266
00010 89092888
00010 89752752
00010 90004526
00010 90334956
00010 95460630
00010 96191764
00010 98339854
00010 98787788
00010 99919668
00010 104832158
00010 105552568
00010 105796342
00010 108908358
00010 110007572
00010 121253850
00010 121390664
00010 124797460
00010 126603054
00010 127897122
00010 130598854
00010 131271474
00010 131297336
00010 143748812
00010 146696104
00010 149060098
00010 150676872
00010 156602994
00010 159370744
00010 159806194
00010 160325818
00010 161808686
00010 164632888
00010 165448158
00010 168992596
00010 170884524
00010 173138018
00010 177218062
00010 178488226
00010 180064902
00010 180263376
00010 186475064
00010 190545484
00010 191845516
00010 192402958
00010 195783374
00010 196237144
00010 197619228
00010 200304008
00010 201629816
00010 201986822
00010 202268040
00010 203653172
00010 203804754
00010 204117144
00010 208562748
00010 210280552
00010 213353980
00010 213380688
00010 215319458
00010 217551360
00010 227345162
00010 232497986
00010 236198574
00010 236872444
00010 239203612
00010 241984158
00010 244701950
00010 245942604
00010 251957846
00010 257498152
00010 262756496
00010 263221336
00010 263501906
00010 263705072
00010 264137966
00010 267484212
00010 268917180
00010 269352920
00010 270198834
00010 274011282
00010 276580456
00010 280590990
00010 281802710
00010 282305348
00010 291811498
00010 303667440
00010 304774416
00010 306812798
00010 308388222
00010 309702924
00010 313755852
00010 322548496
00010 324901360
00010 325183544
00010 333915718
00010 334468798
00010 335322634
00010 342918070
00010 344348208
00010 346579724
00010 349376862
00010 351217638
00010 352519314
00010 353381062
00010 353943112
00010 354220284
00010 354839592
00010 358681438
00010 359720158
00010 360412436
00010 362966644
00010 363680218
00010 365032632
00010 366847354
00010 370000256
00010 371058676
00010 374082632
00010 375085184
00010 376065256
00010 382547024
00010 382671414
00010 384782288
00010 385933862
00010 386007814
00010 387897060
00010 389237024
00010 389270068
00010 391263096
00010 393971582
00010 394522638
00010 394905636
00010 395760150
00010 396331392
00010 412704072
00010 415525880
00010 416681112
00010 418938386
00010 422053436
00010 422212090
00010 424370566
00010 427558234
00010 428855874
00010 429618482
00010 433132858
00010 435778854
00010 436561260
00010 436577376
00010 437940246
00010 438572770
00010 441767220
00010 446568682
00010 449784160
00010 451602562
00010 455580334
00010 456119466
00010 458794730
00010 459727970
00010 468305492
00010 469987892
00010 471992850
00010 472873354
00010 474584418
00010 477873188
00010 478334736
00010 480244742
00010 480361836
00010 482163376
00010 487918594
00010 488800836
00010 489236022
00010 493893546
00010 494667426
00010 497013276
00010 497920350
00010 498523948
00010 503951250
00010 506131680
00010 506548422
00010 508177000
00010 510155396
00010 514106144
00010 516786648
00010 517546720
00010 518109592
00010 518928630
00010 519243762
00010 520662128
00010 521468420
00010 521540638
00010 526445702
00010 528125262
00010 528902218
00010 529018908
00010 529426366
00010 529911280
00010 530833234
00010 530842896
00010 536274248
00010 539503526
00010 539623868
00010 541058482
00010 541694598
00010 544068734
00010 547001824
00010 549875716
00010 551556910
00010 552000942
00010 555699686
00010 556539800
00010 557027362
00010 558728466
00010 559708284
00010 561128846
00010 563238152
00010 563439686
00010 564134748
00010 565386410
00010 567384038
00010 568821670
00010 568848474
00010 574028436
00010 574828154
00010 574846746
00010 574867882
00010 575785074
00010 575857890
00010 576631152
00010 577015602
00010 578050794
00010 585299266
00010 586760594
00010 593102378
00010 593998920
00010 594225920
00010 594239668
00010 594526682
00010 599208336
00010 604643710
00010 610510920
00010 612639852
00010 612957874
00010 614193630
00010 615054138
00010 615260046
00010 622757104
00010 627631846
00010 627647746
00010 630057948
00010 630730942
00010 633777108
00010 637687562
00010 639248420
00010 639426562
00010 640820000
00010 643937244
00010 647438198
00010 652794422
00010 654055436
00010 660116094
00010 660424142
00010 662026158
00010 662648822
00010 664070248
00010 667453490
00010 676565488
00010 677235262
00010 680881216
00010 681527906
00010 683215696
00010 683894490
00010 684799478
00010 684816924
00010 685988514
00010 692481980
00010 693439228
00010 695022976
00010 698330948
00010 699193142
00010 701787760
00010 703317414
00010 703477188
00010 705032238
00010 706669086
00010 708526826
00010 709968922
00010 711691806
00010 713418718
00010 713469964
00010 713559354
00010 715516278
00010 716013640
00010 717325026
00010 724183408
00010 729228864
00010 729603014
00010 730554082
00010 732474366
00010 735046014
00010 739357366
00010 741267122
00010 741854514
00010 743988958
00010 746119052
00010 746414634
00010 746467858
00010 751105990
00010 754532866
00010 754930362
00010 755231100
00010 755261892
00010 755978736
00010 756640288
00010 758186738
00010 758205974
00010 758778504
00010 760351872
00010 761616720
00010 765761624
00010 768688812
00010 768889608
00010 770582308
00010 770851382
00010 777239918
00010 780965106
00010 782243600
00010 783808876
00010 786538992
00010 793672148
00010 794762524
00010 795604402
00010 795816590
00010 802760904
00010 803688304
00010 803898270
00010 805394648
00010 807287658
00010 809620938
00010 813536422
00010 816372818
00010 816812600
00010 819098050
00010 822320010
00010 824253416
00010 824865138
00010 828736386
00010 830835594
00010 831081316
00010 831931880
00010 832051592
00010 836316562
00010 839082214
00010 842136274
00010 843935924
00010 847196422
00010 847672206
00010 850436572
00010 854097422
00010 854221696
00010 855370616
00010 855890902
00010 858507582
00010 858970894
00010 859065402
00010 861580486
00010 863353090
00010 866058084
00010 867685956
00010 868164296
00010 868832690
00010 882598818
00010 883906942
00010 888358116
00010 890366824
00010 897948852
00010 899615126
00010 899981672
00010 907884306
00010 910077520
00010 911916434
00010 913187630
00010 914702244
00010 914883854
00010 915675100
00010 916303296
00010 920207234
00010 921121156
00010 921828786
00010 921971724
00010 925217996
00010 926857454
00010 929345480
00010 929380606
00010 932060064
00010 932124146
00010 933182524
00010 934632994
00010 938929654
00010 941419522
00010 941861426
00010 941898244
00010 943024254
00010 943470852
00010 945574854
00010 946541222
00010 950905816
00010 955556960
00010 959033716
00010 961222552
00010 961829766
00010 962496788
00010 966246330
00010 967726658
00010 970579410
00010 971541620
00010 974525012
00010 976801500
00010 979155592
00010 982360280
00010 985699316
00010 991012672
00010 992017058
00010 998406582
00010 999634480
00010 999746292
00010 4590354
00010 6745146
00010 7830132
00010 8552162
00010 8807136
00010 17854654
00010 18646464
00010 21536494
00010 21878222
00010 22173680
00010 25392502
00010 27978228
00010 29068282
00010 29335116
00010 36708226
00010 37913648
00010 38291374
00010 39269712
00010 44671002
00010 49419590
00010 49775894
00010 52607420
00010 53045688
00010 55047198
00010 56094670
00010 60780284
00010 62610872
00010 62696746
00010 64051008
00010 66348510
00010 67245798
00010 69233478
00010 69865140
00010 73001288
00010 73660424
00010 74056476
00010 77221680
00010 80565908
00010 82478126
00010 82859568
00010 85390948
00010 87621068
00010 88224306
00010 88578142
00010 88588252
00010 91710108
00010 91960634
00010 92420546
00010 94344170
00010 95682424
00010 96689730
00010 97008724
00010 98152500
00010 101130876
00010 102470136
00010 104475390
00010 104486100
00010 106270576
00010 107129788
00010 111460928
00010 111905536
00010 112117152
00010 115840778
00010 116613344
00010 117569270
00010 120139902
00010 126186600
00010 130565054
00010 133799950
00010 137925246
00010 138577656
00010 143141394
00010 143256120
00010 143301490
00010 145107408
00010 148130232
00010 148857622
00010 151824582
00010 152843412
00010 156062106
00010 161863404
00010 163109398
00010 163253572
00010 163584348
00010 163873726
00010 166137168
00010 168614884
00010 170359050
00010 170536770
00010 171188620
00010 171321294
00010 175413586
00010 175458784
00010 177121348
00010 184005008
00010 188114580
00010 190783602
00010 190802510
00010 191443744
00010 192618878
00010 193645326
00010 195055150
00010 195600162
00010 197164126
00010 198366904
00010 201532414
00010 201672904
00010 202562392
00010 203938656
00010 207639246
00010 207994024
00010 212850100
00010 213729374
00010 215369224
00010 221798260
00010 224290494
00010 227932758
00010 235061250
00010 236426326
00010 238309072
00010 240381930
00010 241319690
00010 243734794
00010 244938746
00010 246390956
00010 254470780
00010 254593342
00010 255641694
00010 258477760
00010 258513772
00010 259489142
00010 264970428
00010 265605196
00010 270012910
00010 273319786
00010 274822720
00010 275637878
00010 276175762
00010 283650652
00010 286031912
00010 289940410
00010 294334246
00010 294598350
00010 299174492
00010 302747348
00010 303407112
00010 304881248
00010 309907166
00010 310057294
00010 317325350
00010 318474336
00010 324643600
00010 324644960
00010 327844708
00010 328059434
00010 334284064
00010 334464046
00010 338428584
00010 342713726
00010 343430296
00010 343435162
00010 344146646
00010 346861156
00010 349138084
00010 350457798
00010 350868162
00010 352694434
00010 356735020
00010 357282826
00010 360919188
00010 361028782
00010 361811250
00010 364840310
00010 365277344
00010 366214956
00010 366503458
00010 370309708
00010 372061792
00010 372903802
00010 376963796
00010 377527550
00010 378547158
00010 380434236
00010 381866972
00010 383762874
00010 384007446
00010 384340722
00010 384827630
00010 386997188
00010 387254218
00010 394728804
00010 395097604
00010 397704058
00010 397709542
00010 400072106
00010 400230018
00010 401880642
00010 409337710
00010 409339490
00010 410029846
00010 410457258
00010 412334802
00010 416357272
00010 419679942
00010 420784080
00010 421525176
00010 423356394
00010 425749628
00010 426316468
00010 427996274
00010 429675028
00010 429835142
00010 432193352
00010 432318674
00010 436780428
00010 440220756
00010 443058582
00010 446503892
00010 447144152
00010 449682074
00010 450682142
00010 452434380
00010 452977132
00010 454483598
00010 458319208
00010 458324402
00010 458479920
00010 458692528
00010 458769362
00010 459935680
00010 463773530
00010 466883626
00010 470108910
00010 470985156
00010 477085482
00010 481351926
00010 484041084
00010 484433764
00010 486695102
00010 487400642
00010 487625342
00010 492144096
00010 492315112
00010 492467932
00010 494444548
00010 495473908
00010 497085616
00010 497732270
00010 498570636
00010 502440150
00010 505841070
00010 509023152
00010 509515950
00010 511494552
00010 512473914
00010 514214792
00010 516511004
00010 516539288
00010 519441382
00010 520553774
00010 528624844
00010 532927650
00010 535579372
00010 536197566
00010 539558490
00010 542504720
00010 542864872
00010 543570692
00010 544148186
00010 546733612
00010 547502522
00010 549218096
00010 549234754
00010 550519720
00010 552463804
00010 555389282
00010 557043358
00010 559754058
00010 560230250
00010 564638990
00010 565465120
00010 569454924
00010 570746790
00010 571775230
00010 572634914
00010 574471578
00010 575328730
00010 579734834
00010 581916490
00010 584779476
00010 586159512
00010 588481130
00010 589444388
00010 591817916
00010 594930610
00010 603843298
00010 609464996
00010 611137254
00010 611140442
00010 612451182
00010 618428122
00010 619569584
00010 619812116
00010 619820782
00010 624860980
00010 627598276
00010 628876120
00010 631868434
00010 635253328
00010 635763418
00010 637981288
00010 640267504
00010 641483076
00010 644130556
00010 646950186
00010 647520284
00010 648410860
00010 649474728
00010 650236936
00010 652459598
00010 653546404
00010 653956028
00010 654334934
00010 656733436
00010 657752800
00010 660237680
00010 660518308
00010 664492340
00010 666082468
00010 666962700
00010 668880076
00010 677132304
00010 678226050
00010 682779860
00010 683687268
00010 683972662
00010 687054874
00010 688148504
00010 689170372
00010 693886064
00010 695964280
00010 702246034
00010 702265300
00010 702681400
00010 706796964
00010 707301390
00010 709662454
00010 710280320
00010 711233078
00010 712078540
00010 715065470
00010 720844752
00010 730312000
00010 733236910
00010 735730292
00010 736657204
00010 736922598
00010 737530434
00010 740553222
00010 743739350
00010 744083086
00010 744330724
00010 744860158
00010 751028822
00010 752585328
00010 753107594
00010 757026996
00010 758478554
00010 759433102
00010 761712980
00010 764026248
00010 766314442
00010 766849010
00010 768543950
00010 775376396
00010 775667060
00010 780028334
00010 780381446
00010 785920220
00010 786357384
00010 793181650
00010 795224092
00010 795570554
00010 796953326
00010 798288392
00010 803501168
00010 809017106
00010 809632098
00010 810430326
00010 810848186
00010 811378670
00010 820194320
00010 823018362
00010 826223610
00010 826477100
00010 827331102
00010 827387528
00010 827433082
00010 827647404
00010 828350336
00010 830650238
00010 832331502
00010 837943176
00010 841223766
00010 843057128
00010 847488272
00010 850536854
00010 850848966
00010 850916694
00010 851683438
00010 853705080
00010 856093424
00010 856520326
00010 860558960
00010 860905560
00010 864884962
00010 866053818
00010 868155822
00010 869948634
00010 870172546
00010 871234886
00010 871782232
00010 877699010
00010 878212052
00010 879422270
00010 880943110
00010 881456172
00010 885003046
00010 886376970
00010 887075508
00010 890441846
00010 891865722
00010 892753338
00010 893141532
00010 895111426
00010 897128660
00010 898137934
00010 898380448
00010 898749424
00010 898966576
00010 909239418
00010 914250140
00010 917059060
00010 918821384
00010 919104948
00010 919495068
00010 919794034
00010 923706376
00010 923751266
00010 925410664
00010 925451738
00010 927907872
00010 928644900
00010 934211010
00010 937256726
00010 941086000
00010 942801962
00010 946876918
00010 953400300
00010 955297748
00010 956465460
00010 962177310
00010 964590284
00010 966172576
00010 966730734
00010 966774386
00010 968938328
00010 973379636
00010 973531868
00010 976689576
00010 985203024
00010 989474064
00010 989526432
00010 995034124
00010 995860528
00010 999058344
00010 1726174
00010 6007648
00010 6644060
00010 8359476
00010 8508390
00010 9453394
00010 10237030
00010 10311272
00010 10341928
00010 11897236
00010 15197628
00010 15447686
00010 19032006
00010 19342528
00010 19598022
00010 19735748
00010 20224064
00010 20424592
00010 20871822
00010 22439688
00010 22723716
00010 23385472
00010 23481802
00010 23679362
00010 28807126
00010 32290862
00010 33253374
00010 34367616
00010 35015212
00010 42170386
00010 45930588
00010 51793108
00010 52587348
00010 52886016
00010 53805922
00010 55671410
00010 59022100
00010 60964768
00010 64325676
00010 68793222
00010 68957112
00010 71345140
00010 71468960
00010 71679714
00010 72188206
00010 73197064
00010 74120752
00010 74121948
00010 75478632
00010 78716514
00010 79532408
00010 82487138
00010 82999244
00010 84001102
00010 84022842
00010 86949232
00010 91225926
00010 95957676
00010 98441212
00010 98929012
00010 99175468
00010 99221442
00010 102674464
00010 103459092
00010 103890392
00010 111092914
00010 112076514
00010 117988936
00010 118551998
00010 120926558
00010 124319222
00010 128435118
00010 128891516
00010 129210072
00010 130211932
00010 131316696
00010 131638194
00010 133261900
00010 138968044
00010 139546010
00010 141580368
00010 143083698
00010 147612948
00010 148413150
00010 157365596
00010 157464714
00010 159807170
00010 160209214
00010 166882678
00010 167620772
00010 168086318
00010 170855034
00010 173055510
00010 174043294
00010 176105266
00010 176491826
00010 181275548
00010 182535938
00010 183117728
00010 186248174
00010 187511898
00010 191414966
00010 195995452
00010 198448484
00010 199584694
00010 202360096
00010 203451562
00010 206473078
00010 206739656
00010 207333920
00010 207738482
00010 207966430
00010 210226066
00010 211523036
00010 214201432
00010 214462790
00010 215360812
00010 215641902
00010 216145938
00010 222420000
00010 223200058
00010 226074952
00010 229465802
00010 232867850
00010 233444932
00010 235068406
00010 235397858
00010 236156576
00010 238960614
00010 241222334
00010 243630566
00010 244137710
00010 244308240
00010 244392112
00010 245816332
00010 253284950
00010 255494766
00010 258417776
00010 258552356
00010 262483744
00010 262559872
00010 263360292
00010 264041762
00010 266853602
00010 268168964
00010 275000850
00010 276103146
00010 282367036
00010 286496112
00010 288762822
00010 292971776
00010 293422306
00010 296638274
00010 299648740
00010 300517582
00010 304540202
00010 305190122
00010 308520124
00010 311955374
00010 313062558
00010 313165190
00010 315586264
00010 315636690
00010 319663474
00010 320736006
00010 321110440
00010 322151718
00010 323617940
00010 326888350
00010 330416738
00010 332758746
00010 333645844
00010 333933294
00010 338759138
00010 338801960
00010 338942190
00010 340467726
00010 340920650
00010 349981144
00010 353397080
00010 358500980
00010 358933324
00010 367407974
00010 369603990
00010 376384620
00010 382325648
00010 383905546
00010 384155090
00010 384174584
00010 386011328
00010 387127118
00010 387535716
00010 390075036
00010 394462456
00010 395808284
00010 396019050
00010 399241090
00010 399538784
00010 399773974
00010 400537420
00010 401267656
00010 403301448
00010 404538682
00010 405183086
00010 409593236
00010 420030310
00010 420776778
00010 420783368
00010 421320330
00010 422900002
00010 426553714
00010 429529114
00010 437825586
00010 438431908
00010 444729146
00010 445738870
00010 447629876
00010 450728298
00010 453657720
00010 454144474
00010 454328512
00010 456111992
00010 458174046
00010 458180728
00010 460124162
00010 460213794
00010 462428874
00010 463157788
00010 468183664
00010 472148030
00010 473480812
00010 473631184
00010 473774022
00010 478433794
00010 484085468
00010 484810418
00010 485420460
00010 485674376
00010 486052794
00010 487712910
00010 489140156
00010 494997186
00010 497917744
00010 511391282
00010 511633400
00010 515490888
00010 515741030
00010 522340534
00010 527296130
00010 532347370
00010 532933772
00010 538972998
00010 539478660
00010 541026538
00010 541713970
00010 542121782
00010 542467804
00010 543789490
00010 544915668
00010 545508370
00010 549551706
00010 549581414
00010 551094126
00010 554831016
00010 555241054
00010 556339844
00010 557104192
00010 561497384
00010 563300594
00010 565524614
00010 565948656
00010 566199110
00010 571824168
00010 573966478
00010 574654480
00010 581492110
00010 584421898
00010 584737300
00010 585344400
00010 586751036
00010 590668850
00010 597579350
00010 597979030
00010 598738826
00010 599115918
00010 601930848
00010 606548882
00010 607037546
00010 607708488
00010 613928074
00010 616657462
00010 622763300
00010 626510304
00010 628587094
00010 630282694
00010 630916994
00010 632756142
00010 632796270
00010 634383456
00010 637301780
00010 639518824
00010 641719034
00010 647978834
00010 648131544
00010 649788676
00010 651456008
00010 651607754
00010 654703828
00010 654979756
00010 657127844
00010 658780662
00010 658783454
00010 658785516
00010 659994020
00010 660682946
00010 662050500
00010 663961678
00010 665577670
00010 666266374
00010 671063754
00010 675828636
00010 678917340
00010 678926998
00010 686729656
00010 687052090
00010 687965742
00010 688507936
00010 688727722
00010 689939730
00010 694076072
00010 694190670
00010 699577190
00010 701026786
00010 701301140
00010 706094962
00010 706255202
00010 706600720
00010 706607728
00010 706829406
00010 708811356
00010 713454220
00010 717653004
00010 721113564
00010 722714352
00010 723246388
00010 725828438
00010 726162934
00010 726725386
00010 735649494
00010 737652186
00010 741228616
00010 746018422
00010 748007592
00010 754024478
00010 756982112
00010 758217994
00010 761252318
00010 765858852
00010 766100980
00010 767888042
00010 768153472
00010 770571524
00010 772128824
00010 773905048
00010 775316178
00010 777652530
00010 779629826
00010 781758348
00010 783273214
00010 786415122
00010 789580156
00010 790337470
00010 791105214
00010 793511472
00010 794558102
00010 796537400
00010 800046422
00010 803950596
00010 810868278
00010 811144930
00010 812462416
00010 812474868
00010 814667516
00010 815859130
00010 821575204
00010 823445986
00010 825593754
00010 826764352
00010 827059010
00010 829936622
00010 830406780
00010 833571546
00010 837680680
00010 839350510
00010 840659168
00010 843264660
00010 848307470
00010 849849134
00010 850937016
00010 852412802
00010 853044094
00010 853586984
00010 854556252
00010 856679994
00010 857098236
00010 859314808
00010 869124794
00010 870095246
00010 875028312
00010 875623002
00010 875625036
00010 876622054
00010 880345518
00010 884211064
00010 884455082
00010 887011858
00010 887098580
00010 889836126
00010 891062424
00010 891692972
00010 892155694
00010 893579580
00010 895405874
00010 896927828
00010 898729690
00010 900095800
00010 901603564
00010 902477588
00010 903863306
00010 909201132
00010 910678546
00010 911486940
00010 915876942
00010 917262344
00010 918541718
00010 922533288
00010 923335112
00010 923840796
00010 925514558
00010 930758574
00010 931829596
00010 934166522
00010 938190814
00010 940390908
00010 941108888
00010 945106964
00010 948277682
00010 948770812
00010 948792186
00010 951831000
00010 952321806
00010 953381980
00010 954189556
00010 955987110
00010 958833474
00010 959628058
00010 960625892
00010 960706938
00010 961482984
00010 963983008
00010 966022626
00010 966713882
00010 973924058
00010 987204272
00010 990455930
00010 996235168
00010 998548644
00010 998644214
00010 999486076
00010 999774850
00010 999776542
00010 999788488
00010 1000361774
00010 554892
00010 2685296
00010 4755976
00010 6581566
00010 7971292
00010 9047224
00010 10666856
00010 13185246
00010 15368896
00010 21252952
00010 23310636
00010 25214488
00010 27867668
00010 28738496
00010 32826866
00010 33457980
00010 33569220
00010 35182320
00010 35960364
00010 37396674
00010 40179496
00010 46831892
00010 47812018
00010 53108362
00010 53521070
00010 54254370
00010 55222308
00010 56730326
00010 56731554
00010 58575642
00010 58954590
00010 60399158
00010 61546488
00010 61743792
00010 62793262
00010 63278428
00010 63490962
00010 64910120
00010 65226836
00010 65823996
00010 66344808
00010 70989816
00010 73957262
00010 75139638
00010 81906284
00010 84392276
00010 84702892
00010 86717106
00010 88898100
00010 92035634
00010 92893544
00010 93031518
00010 95799404
00010 96907764
00010 97658762
00010 98091582
00010 102529072
00010 102916694
00010 104830078
00010 105264244
00010 105853672
00010 106984936
00010 116453434
00010 121951808
00010 122521210
00010 123159944
00010 123236766
00010 123960432
00010 126331900
00010 135525126
00010 136755828
00010 138287678
00010 140036362
00010 140372168
00010 140524446
00010 141351870
00010 147487912
00010 151423398
00010 153152084
00010 154145568
00010 154422738
00010 154738990
00010 161429408
00010 163956446
00010 164258880
00010 165108128
00010 165459740
00010 167470654
00010 167765668
00010 167974836
00010 168472646
00010 168819758
00010 172297422
00010 175612484
00010 176043678
00010 176300204
00010 185354244
00010 190622732
00010 191262500
00010 191675468
00010 193081554
00010 195995048
00010 197187984
00010 197293226
00010 198085128
00010 199690454
00010 204708118
00010 208509500
00010 211248578
00010 212088712
00010 214902852
00010 215253722
00010 219210966
00010 219950656
00010 222079122
00010 229729568
00010 230063378
00010 230088366
00010 233283020
00010 233295308
00010 233389188
00010 235863210
00010 237051650
00010 238125544
00010 239894530
00010 239944052
00010 242978016
00010 246596450
00010 247433324
00010 248375296
00010 249249004
00010 249472518
00010 249657942
00010 249663766
00010 252962032
00010 255255444
00010 258681820
00010 265622100
00010 267108168
00010 269447384
00010 270862538
00010 273166676
00010 277202752
00010 280014988
00010 282213426
00010 283199124
00010 285173376
00010 287219258
00010 293579048
00010 295258702
00010 295973480
00010 301048938
00010 302512930
00010 304049628
00010 306470542
00010 307518168
00010 308065884
00010 313556238
00010 313996110
00010 316814152
00010 316917272
00010 319636882
00010 321638746
00010 323319994
00010 323569150
00010 325847094
00010 328187208
00010 329030030
00010 333277360
00010 334603798
00010 336532688
00010 342347820
00010 343473510
00010 344019672
00010 346076966
00010 350270088
00010 350587810
00010 350775728
00010 352737976
00010 354614354
00010 355226164
00010 360355846
00010 366758878
00010 367440306
00010 369330128
00010 371609370
00010 373518900
00010 374740548
00010 376143928
00010 380336116
00010 381350564
00010 382831488
00010 386835978
00010 389759366
00010 392611574
00010 392684740
00010 393451536
00010 397448240
00010 401314040
00010 401371572
00010 401426284
00010 405184532
00010 406644536
00010 407481716
00010 408445722
00010 410482548
00010 415596146
00010 416004968
00010 420735198
00010 421942736
00010 425472066
00010 427825568
00010 431422896
00010 433295084
00010 433642618
00010 437358472
00010 437953350
00010 442378442
00010 445263146
00010 445315970
00010 447685164
00010 448184724
00010 448190486
00010 448792894
00010 450720120
00010 451726834
00010 452896034
00010 454902432
00010 457244300
00010 458820534
00010 459798940
00010 466492006
00010 466733620
00010 474496826
00010 475013590
00010 479823936
00010 481369664
00010 487225998
00010 489976144
00010 490998598
00010 493255252
00010 493351072
00010 494850620
00010 495082680
00010 501097292
00010 508756198
00010 514945796
00010 515395452
00010 523781922
00010 525659298
00010 525903602
00010 525973218
00010 530001820
00010 532097796
00010 538422742
00010 539883602
00010 544055124
00010 546760168
00010 547149454
00010 547813018
00010 549502208
00010 551272686
00010 558138780
00010 559901886
00010 561751426
00010 562373806
00010 563801876
00010 563995582
00010 566300304
00010 567114672
00010 568045894
00010 568222166
00010 568763466
00010 570988064
00010 573044886
00010 577814228
00010 578900586
00010 580382486
00010 584105654
00010 584284950
00010 586319218
00010 586796398
00010 587076722
00010 591597148
00010 591772988
00010 593672484
00010 603127668
00010 613156010
00010 613177592
00010 613297444
00010 616320766
00010 617522490
00010 617893984
00010 618748600
00010 623417084
00010 627714028
00010 628977898
00010 632971386
00010 633078974
00010 634324866
00010 636689712
00010 640778118
00010 644164610
00010 644609592
00010 644789194
00010 645265914
00010 653185198
00010 654082130
00010 654192638
00010 654836064
00010 655259614
00010 656576582
00010 658483774
00010 658685272
00010 661646556
00010 663138082
00010 666183022
00010 667099132
00010 668303846
00010 670811542
00010 672166624
00010 676780486
00010 677209844
00010 677893528
00010 678883116
00010 680590038
00010 681305914
00010 683885452
00010 684960836
00010 685607510
00010 687872098
00010 690758840
00010 697206626
00010 698786466
00010 700571128
00010 703984284
00010 706253072
00010 712050580
00010 717961358
00010 717990716
00010 720158524
00010 722709592
00010 730430500
00010 733395304
00010 733611456
00010 733617716
00010 733650356
00010 734193046
00010 738279514
00010 738830428
00010 739445114
00010 740479334
00010 740828912
00010 740891120
00010 741449462
00010 741800866
00010 743345012
00010 743456242
00010 743654886
00010 744650176
00010 748682174
00010 748764288
00010 749881808
00010 750818468
00010 756089544
00010 756772190
00010 761953628
00010 762296528
00010 765142730
00010 772166580
00010 772461788
00010 773915230
00010 775141732
00010 775948410
00010 783687498
00010 783690440
00010 783710650
00010 784228570
00010 785345268
00010 793252320
00010 794269844
00010 796882236
00010 797067378
00010 798237888
00010 803295766
00010 803903446
00010 804562520
00010 807542534
00010 809589050
00010 814861492
00010 814965672
00010 815081644
00010 818397666
00010 825122676
00010 825198992
00010 825521892
00010 827609488
00010 838095464
00010 840231718
00010 840579466
00010 844369702
00010 848827184
00010 849605514
00010 849837774
00010 850841412
00010 851303376
00010 853119574
00010 854874960
00010 861557180
00010 865970674
00010 873254058
00010 873796660
00010 874559616
00010 878048782
00010 878574294
00010 883980148
00010 884155934
00010 885996668
00010 892223046
00010 892255046
00010 893565982
00010 893673798
00010 894793580
00010 895026822
00010 895653878
00010 897093340
00010 897130872
00010 902824662
00010 905369946
00010 905449072
00010 906269602
00010 909030342
00010 909253300
00010 909604898
00010 912624596
00010 913944386
00010 913962130
00010 915261866
00010 920013780
00010 920790718
00010 920856308
00010 927570226
00010 928769742
00010 932003728
00010 933704126
00010 934585950
00010 935243424
00010 936861826
00010 937301948
00010 942415420
00010 944141746
00010 946056212
00010 946537546
00010 946544442
00010 952363120
00010 953484630
00010 954286052
00010 955532764
00010 955879196
00010 957621584
00010 960232380
00010 961278930
00010 961626730
00010 962351642
00010 969172142
00010 970172242
00010 971139560
00010 974996836
00010 978024090
00010 980304836
00010 981683958
00010 981933710
00010 993550758
00010 996061236
00010 1000096404
00010 2667498
00010 7140910
00010 10178300
00010 13054074
00010 21951104
00010 22513584
00010 23484526
00010 24286324
00010 24646932
00010 24708862
00010 24882916
00010 28932764
00010 30624352
00010 32323226
00010 34728494
00010 35664372
00010 39414420
00010 42252964
00010 42507414
00010 44450802
00010 47555508
00010 48361266
00010 54071096
00010 57116584
00010 60215596
00010 60983588
00010 65377088
00010 67401414
00010 70313444
00010 78866144
00010 79729162
00010 79951300
00010 81468728
00010 84691322
00010 88617488
00010 90697630
00010 93448078
00010 94229724
00010 95117780
00010 99618208
00010 99937816
00010 104179540
00010 105821382
00010 109843290
00010 110760566
00010 114556366
00010 116845600
00010 118149272
00010 118152450
00010 118330380
00010 121196956
00010 121578242
00010 125035588
00010 125651324
00010 128033986
00010 133376638
00010 141626556
00010 142968642
00010 143471068
00010 144163070
00010 144203840
00010 148625898
00010 148841506
00010 150642256
00010 152945242
00010 154282882
00010 156470808
00010 158791462
00010 159583686
00010 161279574
00010 163706466
00010 164331404
00010 164362122
00010 165741502
00010 168385568
00010 170040558
00010 173772584
00010 178924540
00010 185476788
00010 185855448
00010 187290352
00010 192844068
00010 197930610
00010 198049820
00010 199363856
00010 199411836
00010 203649582
00010 205190566
00010 207659710
00010 208109888
00010 208947252
00010 212089422
00010 214564008
00010 214658110
00010 216352032
00010 220565334
00010 221074280
00010 224644880
00010 224650976
00010 224713178
00010 226709668
00010 228296702
00010 232799192
00010 236183470
00010 236426256
00010 238057682
00010 251169660
00010 252328044
00010 254068202
00010 255257470
00010 256374154
00010 257676092
00010 258214184
00010 259670022
00010 261700698
00010 262899822
00010 264298180
00010 264591124
00010 266350194
00010 273290920
00010 273564096
00010 278362792
00010 278731886
00010 280005088
00010 281351864
00010 285203194
00010 290790872
00010 291483098
00010 292135122
00010 294160050
00010 296584848
00010 297279912
00010 297782592
00010 298587802
00010 302715808
00010 303401222
00010 303527670
00010 307950406
00010 308773080
00010 309764414
00010 310581054
00010 316523726
00010 320030312
00010 320793602
00010 321691710
00010 322473518
00010 323693532
00010 330059272
00010 331749420
00010 332244930
00010 333879042
00010 334637340
00010 335112574
00010 336797172
00010 337325324
00010 337327726
00010 342063004
00010 343342684
00010 351688978
00010 352643636
00010 353567434
00010 355602976
00010 359493644
00010 361557590
00010 363461490
00010 363634472
00010 364346670
00010 365075050
00010 367049048
00010 368802784
00010 370290540
00010 370830028
00010 373190466
00010 373888646
00010 374829542
00010 375803840
00010 378577334
00010 378653232
00010 378776366
00010 380478806
00010 384834918
00010 388513884
00010 389501940
00010 390298360
00010 392808064
00010 393162366
00010 395009134
00010 397047852
00010 397340978
00010 397410426
00010 399561432
00010 401068746
00010 401665172
00010 403958872
00010 410819776
00010 414576978
00010 414918978
00010 417746134
00010 419747504
00010 419750206
00010 427563212
00010 427918970
00010 428035110
00010 429205680
00010 430097780
00010 433098692
00010 433392398
00010 435415870
00010 436850780
00010 437508048
00010 447839076
00010 450474694
00010 454040076
00010 454958176
00010 455899154
00010 463440978
00010 463633332
00010 465054724
00010 466481162
00010 466659380
00010 469280042
00010 470004874
00010 471355864
00010 472567800
00010 475650726
00010 476988656
00010 477359416
00010 479041892
00010 480603904
00010 481138070
00010 485208114
00010 486003338
00010 490077666
00010 490270808
00010 495170390
00010 498364412
00010 499152724
00010 499502724
00010 499551718
00010 501023210
00010 501379542
00010 501569074
00010 504655328
00010 505913666
00010 506029206
00010 511355210
00010 512479522
00010 521991352
00010 527120552
00010 528542052
00010 528890706
00010 531844336
00010 532626062
00010 533980448
00010 535457752
00010 538286020
00010 539422690
00010 544574562
00010 546960650
00010 547502094
00010 548169366
00010 548450152
00010 553781342
00010 555132862
00010 563889458
00010 565714308
00010 566593324
00010 576554220
00010 576557926
00010 578262264
00010 583316016
00010 584030674
00010 585007392
00010 588421876
00010 595613738
00010 596090520
00010 601004090
00010 604639334
00010 605371906
00010 606018638
00010 609312508
00010 612959128
00010 613341840
00010 613385006
00010 622210102
00010 623451328
00010 624421450
00010 626847588
00010 627031166
00010 631500310
00010 631778762
00010 635297454
00010 637086576
00010 637478078
00010 640783880
00010 645807010
00010 646572568
00010 647837664
00010 651670294
00010 652231178
00010 652995164
00010 654583188
00010 654817696
00010 658750178
00010 659338682
00010 662795110
00010 666746452
00010 668105198
00010 670149654
00010 670797148
00010 671221096
00010 671337714
00010 673252834
00010 673288664
00010 675711892
00010 677449312
00010 682657160
00010 682800198
00010 682883626
00010 682926876
00010 686786910
00010 688552920
00010 689531436
00010 689595982
00010 689740724
00010 689742618
00010 693053118
00010 693596958
00010 693950242
00010 695146390
00010 708659046
00010 709393154
00010 710459160
00010 711125894
00010 711285600
00010 711319754
00010 713013584
00010 713576970
00010 714655030
00010 717518036
00010 723458104
00010 724848244
00010 725734636
00010 731989356
00010 732573780
00010 734044698
00010 736636772
00010 737109066
00010 738234078
00010 740329388
00010 741395386
00010 741579320
00010 743015112
00010 743876436
00010 747185726
00010 747243924
00010 749394478
00010 751847680
00010 753784498
00010 756089892
00010 756560706
00010 760520756
00010 763339922
00010 763551476
00010 763904530
00010 763981084
00010 764381284
00010 764549932
00010 769078510
00010 769822560
00010 773184356
00010 773403188
00010 775510590
00010 777174976
00010 778817060
00010 779071240
00010 780477892
00010 785775004
00010 787685216
00010 790121328
00010 791614754
00010 793990850
00010 795930520
00010 798086936
00010 801702894
00010 807533514
00010 808892712
00010 810766106
00010 814864744
00010 818398830
00010 818400884
00010 819065102
00010 819933786
00010 819957860
00010 820009660
00010 821033826
00010 822061564
00010 825247174
00010 826338538
00010 829644730
00010 832133506
00010 832142332
00010 833565218
00010 834355462
00010 834648442
00010 835139748
00010 836676524
00010 838431056
00010 841187756
00010 841191974
00010 841706486
00010 843282346
00010 843284284
00010 845319896
00010 847256896
00010 849016888
00010 851609100
00010 854040904
00010 855655132
00010 855746984
00010 857442188
00010 860755878
00010 863722848
00010 865958356
00010 872092154
00010 874156702
00010 876931922
00010 878340712
00010 880865032
00010 885400944
00010 891320518
00010 891573188
00010 893450934
00010 894116848
00010 901059846
00010 901345680
00010 904054260
00010 908182846
00010 908445816
00010 909081860
00010 909673638
00010 910080312
00010 911014626
00010 912506618
00010 913641540
00010 913677112
00010 914859486
00010 915230220
00010 917370326
00010 920710380
00010 921298450
00010 921525882
00010 923342570
00010 926126280
00010 929220892
00010 929786274
00010 932670260
00010 933088270
00010 933995374
00010 934570798
00010 935704468
00010 937691918
00010 939392102
00010 940718804
00010 949477748
00010 951320026
00010 955893536
00010 956602338
00010 958773450
00010 961769978
00010 962531014
00010 962825758
00010 976682076
00010 983521838
00010 984771580
00010 985411240
00010 987003276
00010 989172762
00010 995365516
00010 995778690
00010 996001984
00010 5305050
00010 5911096
00010 7369498
00010 7778866
00010 10044270
00010 13956970
00010 16670842
00010 16838314
00010 19322426
00010 20775918
00010 24202200
00010 24421558
00010 25588528
00010 26846952
00010 31583170
00010 35577438
00010 38249440
00010 38594468
00010 45275838
00010 47667478
00010 52207680
00010 52741528
00010 54200044
00010 55847706
00010 56260918
00010 57050552
00010 57061266
00010 64399752
00010 65713998
00010 66498256
00010 66579542
00010 67259798
00010 68509270
00010 71745086
00010 72337714
00010 72401298
00010 73652768
00010 76570656
00010 77503196
00010 77813584
00010 80420018
00010 81587216
00010 82954812
00010 84605954
00010 85199544
00010 86268020
00010 86443728
00010 86868738
00010 87760168
00010 88454074
00010 89016894
00010 89547020
00010 92945864
00010 94279794
00010 94333258
00010 94645634
00010 95606270
00010 98495738
00010 99979306
00010 104786642
00010 111023592
00010 111198606
00010 111258970
00010 118657044
00010 118871982
00010 121993266
00010 124139592
00010 125692040
00010 125694834
00010 126365296
00010 126369788
00010 131665768
00010 132682934
00010 134935640
00010 136987830
00010 137067332
00010 137548222
00010 140774618
00010 142348634
00010 144151826
00010 144154442
00010 144878504
00010 146412934
00010 147981612
00010 154537490
00010 156871974
00010 159959506
00010 171566980
00010 171805142
00010 173893316
00010 174059566
00010 176066708
00010 176508492
00010 176544940
00010 178605188
00010 178846516
00010 178867374
00010 179413762
00010 179838952
00010 182827104
00010 184511830
00010 184899458
00010 188419282
00010 190875534
00010 191170780
00010 192551070
00010 194981148
00010 198132156
00010 200154164
00010 200509244
00010 202007628
00010 203401640
00010 203625214
00010 204035540
00010 205595618
00010 207591464
00010 209709622
00010 210382418
00010 210411702
00010 217851592
00010 218625160
00010 222054170
00010 225005838
00010 234503964
00010 245853900
00010 248781916
00010 248980932
00010 251746182
00010 253642006
00010 255501892
00010 260537496
00010 261072312
00010 264249746
00010 272436382
00010 273160200
00010 273737430
00010 274384050
00010 274731386
00010 277117018
00010 277942340
00010 278366442
00010 285591918
00010 286649230
00010 286726090
00010 287148268
00010 289587062
00010 291774096
00010 297139400
00010 300554300
00010 301430434
00010 303262254
00010 305071006
00010 305752670
00010 306940284
00010 308912428
00010 309677798
00010 311203666
00010 311920188
00010 312254440
00010 314415436
00010 314556284
00010 318319164
00010 324256942
00010 326305222
00010 330350330
00010 330600248
00010 331950364
00010 332459030
00010 332937404
00010 340911996
00010 343041176
00010 344302072
00010 344763234
00010 346066884
00010 353491846
00010 353813122
00010 362704586
00010 364152878
00010 365234588
00010 369344658
00010 371367694
00010 375454386
00010 376298160
00010 376322390
00010 378977366
00010 379722924
00010 379939396
00010 382826018
00010 383872474
00010 384451968
00010 391698312
00010 391924288
00010 394820266
00010 395085886
00010 396011956
00010 398455886
00010 398992844
00010 401668024
00010 403300418
00010 403398612
00010 408365986
00010 410410176
00010 414473658
00010 417898086
00010 421236072
00010 426088088
00010 428983784
00010 429941676
00010 431055842
00010 431410260
00010 434047480
00010 434143154
00010 435885280
00010 437203326
00010 440688262
00010 440803408
00010 440934754
00010 442185410
00010 442631866
00010 442922880
00010 448087072
00010 451161820
00010 453517262
00010 453826018
00010 453848872
00010 454022998
00010 459084524
00010 461450232
00010 464165254
00010 470752438
00010 472994864
00010 473020174
00010 477277752
00010 478678974
00010 484196632
00010 486601958
00010 488698686
00010 489885480
00010 493014368
00010 494453458
00010 499218234
00010 499887572
00010 502688206
00010 503382226
00010 503531862
00010 503647822
00010 505134120
00010 505800524
00010 507264348
00010 507355192
00010 507889538
00010 509974714
00010 511059738
00010 512471318
00010 518036524
00010 518330428
00010 520098326
00010 520544500
00010 520860330
00010 521343166
00010 525117288
00010 525919262
00010 529552142
00010 530038094
00010 531965604
00010 532871514
00010 535137560
00010 538124562
00010 539678874
00010 544537572
00010 547647526
00010 548000042
00010 550409144
00010 554761314
00010 554944826
00010 555109418
00010 555625442
00010 559930702
00010 565543444
00010 568011882
00010 572321292
00010 573971972
00010 574624192
00010 576444708
00010 577466004
00010 577575390
00010 578259414
00010 582692486
00010 582786052
00010 589916418
00010 592485016
00010 593022230
00010 593542634
00010 595365284
00010 595549572
00010 597692346
00010 602935986
00010 604297842
00010 607127480
00010 607390088
00010 610056376
00010 610346644
00010 611685914
00010 615864610
00010 617925860
00010 618582562
00010 619629304
00010 619868146
00010 620740142
00010 622656590
00010 625778740
00010 627209876
00010 631223378
00010 632077936
00010 632349554
00010 632534002
00010 633407998
00010 633858236
00010 635758468
00010 637499976
00010 640205870
00010 643354230
00010 644342264
00010 647634446
00010 650925680
00010 653620790
00010 654900380
00010 654996378
00010 657631170
00010 659858772
00010 661027422
00010 663024202
00010 667690600
00010 667932258
00010 667933216
00010 676251816
00010 676659986
00010 680721894
00010 680815770
00010 680966174
00010 684294080
00010 685261010
00010 686046118
00010 687989640
00010 689457668
00010 691030110
00010 691875752
00010 693944152
00010 697563122
00010 700801276
00010 700930018
00010 703606274
00010 704348490
00010 704772584
00010 705617330
00010 706812860
00010 707778852
00010 708300564
00010 708454070
00010 710943826
00010 712237126
00010 714894852
00010 717960128
00010 718428692
00010 720433496
00010 720597288
00010 721095166
00010 723295318
00010 724997168
00010 726871108
00010 727353968
00010 727516602
00010 730578354
00010 730656810
00010 731486158
00010 732676376
00010 738503888
00010 742043070
00010 743906182
00010 746010778
00010 746299528
00010 750703440
00010 750822952
00010 753434102
00010 754873286
00010 756312642
00010 759710086
00010 760301062
00010 762009518
00010 765254908
00010 765339284
00010 766106866
00010 766555214
00010 768868612
00010 768988914
00010 772419746
00010 773909362
00010 776457110
00010 777897510
00010 779306144
00010 782966430
00010 784811246
00010 787497236
00010 787629992
00010 789591560
00010 794076962
00010 794645468
00010 795439740
00010 798751620
00010 803485540
00010 807871758
00010 811347464
00010 816080116
00010 819760538
00010 822263430
00010 822695706
00010 822767828
00010 823134058
00010 830139462
00010 830850200
00010 832147802
00010 833184284
00010 836302974
00010 838527376
00010 839768586
00010 839904572
00010 843949310
00010 845811170
00010 846854750
00010 847156110
00010 849381936
00010 856448974
00010 856476064
00010 860209274
00010 863406766
00010 863646080
00010 863832014
00010 866241624
00010 870707732
00010 879281910
00010 881744032
00010 883773668
00010 884034196
00010 884174748
00010 897246594
00010 898402234
00010 898749336
00010 898971998
00010 901154960
00010 903228720
00010 904317526
00010 904625708
00010 905960428
00010 909230710
00010 912224602
00010 914404900
00010 916534768
00010 919385632
00010 920113182
00010 920491338
00010 923102636
00010 925595068
00010 926816848
00010 932775120
00010 933164376
00010 933439132
00010 933876578
00010 934908220
00010 935394374
00010 939587526
00010 939655938
00010 941133646
00010 945268666
00010 947008306
00010 947298890
00010 952741102
00010 953809970
00010 954963896
00010 956242084
00010 956428408
00010 959388154
00010 961049226
00010 962466874
00010 962882742
00010 973597772
00010 976593452
00010 978158494
00010 978444858
00010 980446144
00010 982140256
00010 985954978
00010 986295704
00010 988694248
00010 989740526
00010 989894050
00010 995314784
00010 996394904
00010 999126332
00010 999931642
00010 5869436
00010 7054500
00010 9482754
00010 10184438
00010 16873940
00010 17276118
00010 17974434
00010 21706506
00010 32032452
00010 35605796
00010 35739058
00010 39385312
00010 45387790
00010 50473444
00010 51880888
00010 57629152
00010 61445048
00010 61889736
00010 68472018
00010 71874418
00010 76712848
00010 82243100
00010 85142350
00010 90409282
00010 91358778
00010 91498624
00010 92639244
00010 95170662
00010 96397406
00010 96656040
00010 98335026
00010 98510920
00010 98954268
00010 99466598
00010 100122200
00010 102952360
00010 103399004
00010 105668688
00010 107573862
00010 109216682
00010 109478984
00010 112860824
00010 115653776
00010 118276076
00010 119464736
00010 119573040
00010 119970142
00010 121135052
00010 133108422
00010 136923766
00010 137293928
00010 141575186
00010 141792276
00010 146820858
00010 152864588
00010 154563936
00010 159525370
00010 161864108
00010 162740236
00010 164764780
00010 169067596
00010 169071792
00010 182303070
00010 183574946
00010 186844374
00010 186919390
00010 187491346
00010 188205736
00010 188342188
00010 188520092
00010 190405764
00010 190957842
00010 198917484
00010 198965378
00010 200704964
00010 203964126
00010 206003370
00010 206495962
00010 213231628
00010 214142322
00010 214846208
00010 214941540
00010 214988756
00010 215110008
00010 217862124
00010 218725180
00010 218977924
00010 219653704
00010 219803406
00010 220141720
00010 221361202
00010 221597762
00010 223816172
00010 225668538
00010 229009092
00010 229319264
00010 229692932
00010 232656806
00010 233298884
00010 233679348
00010 234001368
00010 236357188
00010 236471910
00010 236534280
00010 238067818
00010 239926542
00010 247743806
00010 249583594
00010 250491972
00010 250705062
00010 252721514
00010 253946742
00010 254180576
00010 254743992
00010 256927986
00010 257474172
00010 266595732
00010 269037702
00010 269352502
00010 273383306
00010 279147508
00010 279535146
00010 279775658
00010 283102112
00010 284836914
00010 284863650
00010 284921964
00010 288798582
00010 289578686
00010 291169180
00010 292342334
00010 292730578
00010 294472382
00010 297267566
00010 299438736
00010 299716118
00010 302159390
00010 303359852
00010 305030578
00010 306742164
00010 306792432
00010 307091298
00010 314011662
00010 316047524
00010 316400266
00010 317245102
00010 317541778
00010 318742658
00010 321192278
00010 321478930
00010 322781226
00010 327246522
00010 327253806
00010 327695562
00010 331419142
00010 331475290
00010 331477180
00010 332810904
00010 333786922
00010 333928660
00010 334521334
00010 335090014
00010 339738568
00010 340929086
00010 342062234
00010 342910622
00010 346197744
00010 348008034
00010 351858288
00010 352147632
00010 356685762
00010 358001862
00010 359277390
00010 363327158
00010 363939148
00010 366596464
00010 371164534
00010 372669146
00010 376242214
00010 376681578
00010 377115922
00010 379768652
00010 382353650
00010 382559874
00010 385594666
00010 387910018
00010 388384100
00010 388896422
00010 389763000
00010 389837102
00010 390236680
00010 391479152
00010 392295032
00010 393041884
00010 405333588
00010 407160544
00010 407250324
00010 409213272
00010 410947610
00010 414248434
00010 417017272
00010 417830150
00010 421650192
00010 421911128
00010 427704670
00010 428166884
00010 432932778
00010 435676670
00010 437478704
00010 438170376
00010 439152490
00010 441103492
00010 441283320
00010 441387780
00010 441490208
00010 443261632
00010 448332514
00010 450903028
00010 450981876
00010 451850710
00010 453033258
00010 453394312
00010 456197820
00010 458429278
00010 466194876
00010 467906892
00010 470545428
00010 474290102
00010 474825356
00010 475208978
00010 475880474
00010 476472686
00010 483095856
00010 487531192
00010 487787808
00010 489927782
00010 489992918
00010 492505582
00010 494064652
00010 494093150
00010 494331266
00010 500092128
00010 501742974
00010 512251106
00010 514180510
00010 519366056
00010 524254108
00010 524502108
00010 524881620
00010 525736196
00010 525946212
00010 526509322
00010 526625360
00010 527477084
00010 527807994
00010 529655534
00010 532435154
00010 534024760
00010 534692990
00010 536234976
00010 537257764
00010 538046794
00010 540032522
00010 541487196
00010 542059178
00010 544269480
00010 545157466
00010 547924402
00010 554399314
00010 554479844
00010 554552282
00010 554928314
00010 558060978
00010 558120422
00010 565567014
00010 565573552
00010 576073806
00010 579894710
00010 581558366
00010 581808982
00010 581875312
00010 584342564
00010 586162232
00010 586669368
00010 587751242
00010 590730872
00010 591080418
00010 591086152
00010 594266244
00010 596582006
00010 599019104
00010 602718604
00010 604470698
00010 606726070
00010 608163328
00010 610527108
00010 610606536
00010 610798408
00010 612090092
00010 612944374
00010 614066786
00010 618418216
00010 623030506
00010 628640946
00010 630451574
00010 631231054
00010 631305898
00010 631933308
00010 636930718
00010 639299382
00010 640066276
00010 640658092
00010 647770298
00010 648732716
00010 655730228
00010 659922898
00010 660534992
00010 662498538
00010 663601124
00010 663866568
00010 663996592
00010 667867102
00010 673982418
00010 675580482
00010 680099016
00010 683259268
00010 685534792
00010 687390886
00010 687422328
00010 690308162
00010 690986244
00010 695987748
00010 696614798
00010 699676532
00010 701351372
00010 702076504
00010 705621848
00010 705918380
00010 706158550
00010 706679832
00010 709349000
00010 712647190
00010 713645266
00010 714412314
00010 715670110
00010 716961800
00010 718797296
00010 721749942
00010 721756488
00010 724246766
00010 725900886
00010 726061398
00010 728515754
00010 736382506
00010 737921544
00010 739086298
00010 740999144
00010 744886134
00010 749459122
00010 753416052
00010 754507342
00010 755003748
00010 763418420
00010 765127098
00010 765691764
00010 768056198
00010 769056724
00010 775896762
00010 775967138
00010 780078904
00010 782172830
00010 782875480
00010 783313174
00010 784769454
00010 787724420
00010 788787490
00010 789610722
00010 790012228
00010 790036722
00010 791128096
00010 791450408
00010 791546014
00010 792698604
00010 795086426
00010 795479186
00010 796134652
00010 796560002
00010 804145126
00010 805136724
00010 807238714
00010 808062592
00010 814839878
00010 818283844
00010 821483192
00010 823224562
00010 826634250
00010 826855918
00010 827173208
00010 827175554
00010 828803866
00010 830716104
00010 834959646
00010 845023944
00010 845979254
00010 846422214
00010 853914926
00010 853968666
00010 854164656
00010 854711744
00010 856672970
00010 857127420
00010 858071650
00010 860618792
00010 862233722
00010 862261216
00010 862449658
00010 862885350
00010 868266092
00010 869893930
00010 872721486
00010 873944224
00010 878085330
00010 881450374
00010 882922884
00010 883414562
00010 883451102
00010 883785010
00010 885068586
00010 887484614
00010 890203500
00010 890743122
00010 892163792
00010 892536556
00010 893085580
00010 896612588
00010 896942552
00010 899489818
00010 901228670
00010 903470964
00010 904139282
00010 910553524
00010 910760502
00010 911136664
00010 911308998
00010 916970788
00010 917223922
00010 919465812
00010 921909724
00010 924158678
00010 924561612
00010 926232756
00010 928275340
00010 928357360
00010 928434910
00010 934253634
00010 935727688
00010 936493716
00010 936856940
00010 938834696
00010 938892352
00010 940506540
00010 948281112
00010 950120294
00010 952928382
00010 955898612
00010 958869794
00010 959185600
00010 959950010
00010 960925608
00010 962467310
00010 964389014
00010 966156384
00010 966615296
00010 966662616
00010 975544868
00010 977123956
00010 979285270
00010 980104016
00010 984064076
00010 984087382
00010 984660982
00010 985680090
00010 989204876
00010 992065156
00010 993181084
00010 994274940
00010 995957210
00010 999142562
00010 1000801632
00010 2285308
00010 3706952
00010 5494510
00010 6239226
00010 6602576
00010 6832020
00010 7204526
00010 14949454
00010 15658658
00010 17850094
00010 18378886
00010 20067266
00010 20955196
00010 22103256
00010 22995350
00010 26280574
00010 27858236
00010 29450776
00010 32076686
00010 35462270
00010 37000472
00010 39520266
00010 40930904
00010 43465742
00010 44581804
00010 44607038
00010 46326830
00010 48327152
00010 53747798
00010 55222998
00010 55605654
00010 67933554
00010 72378874
00010 73117452
00010 74565086
00010 84157830
00010 85259096
00010 85726444
00010 91368776
00010 96723708
00010 101258376
00010 103395100
00010 104232348
00010 106210072
00010 114269560
00010 114304196
00010 117864818
00010 120705484
00010 122868864
00010 124471588
00010 126608698
00010 135737074
00010 137863406
00010 138388646
00010 142565696
00010 143541202
00010 144340572
00010 147553742
00010 150115772
00010 152542604
00010 152766284
00010 154064506
00010 154241302
00010 155225188
00010 155240128
00010 159374310
00010 160602060
00010 162959898
00010 164108376
00010 165794374
00010 167598474
00010 168331000
00010 171139994
00010 171947142
00010 172791528
00010 173689222
00010 174492298
00010 179842656
00010 180019756
00010 188349228
00010 189661822
00010 193419946
00010 196354694
00010 197919456
00010 198895972
00010 203429732
00010 203513138
00010 207442006
00010 207967044
00010 208581370
00010 209262270
00010 209569074
00010 212471512
00010 212582180
00010 216096916
00010 221037466
00010 221522182
00010 223310364
00010 225468986
00010 225582134
00010 225749768
00010 227038330
00010 229213112
00010 229950990
00010 235441594
00010 237702742
00010 242517902
00010 242817054
00010 248772584
00010 248863796
00010 255636576
00010 255703704
00010 256628114
00010 256636980
00010 257139602
00010 259147436
00010 263130272
00010 263539984
00010 263549052
00010 266558286
00010 267711476
00010 268031788
00010 269700362
00010 277850916
00010 282727162
00010 284518022
00010 285060290
00010 287848650
00010 288985026
00010 297935052
00010 299087994
00010 299937822
00010 305172758
00010 305532842
00010 305630984
00010 310038004
00010 311341134
00010 315111380
00010 316783504
00010 318823044
00010 320058702
00010 325465186
00010 326548198
00010 327579252
00010 330040108
00010 332739708
00010 335358306
00010 336562954
00010 338413306
00010 338481806
00010 338875024
00010 338891016
00010 339007176
00010 339575868
00010 339628284
00010 341067362
00010 344148934
00010 344958370
00010 350863142
00010 354115260
00010 356604764
00010 357217694
00010 357585194
00010 362641892
00010 366476136
00010 369770060
00010 375696346
00010 380048520
00010 381481156
00010 382067330
00010 382454606
00010 383860192
00010 384003048
00010 385276178
00010 390640392
00010 391547412
00010 391674848
00010 394223292
00010 396228472
00010 396824436
00010 397827142
00010 399559702
00010 399705394
00010 399749490
00010 400073218
00010 400758774
00010 400879112
00010 401277652
00010 405603818
00010 408343010
00010 411250978
00010 412280622
00010 416661690
00010 418499784
00010 419257980
00010 421860746
00010 422244238
00010 422401762
00010 423447500
00010 424703082
00010 428609184
00010 429182724
00010 433927258
00010 435970388
00010 436740182
00010 442030958
00010 442032570
00010 443145126
00010 444797790
00010 446846782
00010 448082276
00010 452821460
00010 453664084
00010 453774060
00010 453828032
00010 454260802
00010 461677390
00010 462756394
00010 464836780
00010 466241652
00010 467528572
00010 470800968
00010 471431372
00010 473635926
00010 473801688
00010 474868444
00010 476700600
00010 476872822
00010 480435066
00010 481947490
00010 483273024
00010 488040124
00010 489328344
00010 490113564
00010 490511078
00010 491455308
00010 492010024
00010 498424994
00010 499290826
00010 499433806
00010 499491334
00010 502266598
00010 505858424
00010 510960362
00010 512361238
00010 513994140
00010 527042426
00010 528984204
00010 530144438
00010 530330032
00010 531544694
00010 532235890
00010 534160734
00010 534547792
00010 536920190
00010 537011548
00010 540127740
00010 541061400
00010 543088418
00010 543157714
00010 545627134
00010 547395716
00010 547400336
00010 553943980
00010 562459262
00010 562463834
00010 563430892
00010 564519514
00010 565101656
00010 566521822
00010 567207306
00010 569977430
00010 570085744
00010 573755970
00010 574322348
00010 574381812
00010 576840410
00010 580216696
00010 593562894
00010 593603388
00010 595454836
00010 599105600
00010 604399580
00010 604591486
00010 605592900
00010 606050080
00010 606949294
00010 609529464
00010 612969942
00010 617653180
00010 622158466
00010 624317160
00010 625591442
00010 628283718
00010 630484098
00010 637091236
00010 639862380
00010 640973424
00010 641705626
00010 642731720
00010 648219362
00010 650736500
00010 652084268
00010 656312848
00010 657441422
00010 662200922
00010 663938460
00010 665808398
00010 667373034
00010 667998810
00010 668266176
00010 674049250
00010 676840288
00010 677156138
00010 678141126
00010 678435156
00010 687301880
00010 688044258
00010 688840698
00010 690216610
00010 692550412
00010 693603968
00010 696115932
00010 696242356
00010 705434426
00010 705544696
00010 707585346
00010 708138634
00010 710662688
00010 712524122
00010 713884764
00010 714446886
00010 715478374
00010 719907604
00010 719970704
00010 721984424
00010 722493442
00010 726033032
00010 729174168
00010 731475088
00010 735726288
00010 736297030
00010 736905334
00010 739438040
00010 741235900
00010 745531370
00010 747172812
00010 757020136
00010 758605068
00010 760164046
00010 761476890
00010 767602510
00010 770872336
00010 773995804
00010 777433598
00010 778400216
00010 778772618
00010 786366334
00010 786806142
00010 788855592
00010 789255520
00010 790091176
00010 793982622
00010 794972922
00010 795807518
00010 799399314
00010 799855116
00010 799856346
00010 800043426
00010 802054166
00010 803108086
00010 803831070
00010 804330724
00010 804417256
00010 807576374
00010 808347050
00010 808787086
00010 810386630
00010 811778326
00010 814395858
00010 814468036
00010 815905130
00010 817165882
00010 818036798
00010 821588500
00010 824366726
00010 825348440
00010 825478510
00010 829249448
00010 829522796
00010 833465404
00010 833925356
00010 843067268
00010 846080336
00010 849240058
00010 849730918
00010 850294976
00010 851442514
00010 851469640
00010 851765314
00010 851952320
00010 857763454
00010 858288156
00010 867206798
00010 867304454
00010 867765410
00010 868436816
00010 874313052
00010 876857068
00010 880467974
00010 883069736
00010 885580030
00010 890227136
00010 893208218
00010 896994942
00010 897837676
00010 902663472
00010 904684912
00010 906599358
00010 907220364
00010 910699148
00010 913446438
00010 915526992
00010 918146952
00010 924193114
00010 926113624
00010 928398468
00010 930018080
00010 930029052
00010 935476526
00010 938268416
00010 940929842
00010 940932936
00010 943404246
00010 943583038
00010 945751784
00010 946796682
00010 946931484
00010 949369712
00010 950994166
00010 951695828
00010 952629614
00010 953024678
00010 954798362
00010 956480248
00010 958724858
00010 963002930
00010 964755982
00010 967776228
00010 970700848
00010 971462704
00010 980917990
00010 983250464
00010 985042844
00010 985132192
00010 985264378
00010 990810476
00010 991602100
00010 993313774
00010 998381114
00010 999431174
