00010 936790
00010 2085034
00010 7386514
00010 9309452
00010 10392946
00010 12011758
00010 13179604
00010 13528244
00010 14180806
00010 15154458
00010 17399818
00010 20304198
00010 21174394
00010 23549070
00010 24016812
00010 30174794
00010 33367368
00010 33826622
00010 33951622
00010 34195290
00010 35178318
00010 35955794
00010 36856328
00010 38500336
00010 42631644
00010 44634650
00010 46896162
00010 51473752
00010 52997692
00010 54434210
00010 54592284
00010 55622944
00010 57485968
00010 58658918
00010 59373580
00010 59402630
00010 59412230
00010 59473220
00010 63186228
00010 65326526
00010 65727016
00010 66688480
00010 67105772
00010 67960120
00010 68872806
00010 69137620
00010 70466990
00010 71290434
00010 72554736
00010 73106220
00010 75504894
00010 77603808
00010 78195318
00010 84496772
00010 89203346
00010 90568998
00010 90891722
00010 91233340
00010 99088386
00010 100221138
00010 100311576
00010 100907180
00010 102358228
00010 103781058
00010 107052976
00010 107238094
00010 107426034
00010 109574096
00010 110931992
00010 119014154
00010 121719182
00010 123826774
00010 123879806
00010 126484948
00010 127125014
00010 128786456
00010 131654820
00010 137747700
00010 140448096
00010 148973602
00010 154609994
00010 159067596
00010 159371660
00010 160623190
00010 163980186
00010 166409218
00010 167694444
00010 168924542
00010 171304108
00010 171787436
00010 172610446
00010 180434196
00010 181309210
00010 184051506
00010 186334256
00010 187119130
00010 191265410
00010 191996880
00010 192334456
00010 200980152
00010 202511368
00010 202643750
00010 202700580
00010 204316734
00010 205145310
00010 206524824
00010 209388858
00010 209574378
00010 212257016
00010 215872668
00010 216679954
00010 216833104
00010 217078508
00010 217820340
00010 221185952
00010 222718864
00010 226471136
00010 227354858
00010 227995084
00010 228304928
00010 229409528
00010 229623656
00010 232487150
00010 235551352
00010 235801370
00010 236082396
00010 236479232
00010 238235072
00010 241111022
00010 241715518
00010 244953854
00010 247492630
00010 248854914
00010 252223740
00010 254246004
00010 256153296
00010 258952522
00010 259139380
00010 262948222
00010 264888246
00010 265406624
00010 266959244
00010 268053096
00010 269249164
00010 269299192
00010 269445646
00010 271322156
00010 271519998
00010 274354188
00010 276711000
00010 277270690
00010 278779112
00010 278998868
00010 279052878
00010 279124056
00010 282941280
00010 285020116
00010 286455492
00010 287247052
00010 288326102
00010 294645732
00010 295241548
00010 297391632
00010 300543342
00010 300587944
00010 301471392
00010 302088802
00010 302293100
00010 305608886
00010 305780166
00010 306450418
00010 306713614
00010 306732730
00010 312819254
00010 312845134
00010 315330668
00010 317050576
00010 318439650
00010 319412248
00010 326517820
00010 328126248
00010 330382864
00010 330784768
00010 331554642
00010 332363634
00010 332866768
00010 333466792
00010 333799044
00010 333858314
00010 336403958
00010 339342420
00010 346307430
00010 346335796
00010 351443528
00010 352480906
00010 352971480
00010 353867556
00010 356007302
00010 356832462
00010 357194080
00010 360866966
00010 365769058
00010 367018140
00010 372768074
00010 372839542
00010 373704822
00010 376986534
00010 378921548
00010 378971814
00010 379216022
00010 382967794
00010 387189696
00010 391926078
00010 392103686
00010 399050876
00010 406869094
00010 407514668
00010 413390926
00010 416855956
00010 418476138
00010 419160210
00010 420485284
00010 422988180
00010 424616030
00010 425622896
00010 426259440
00010 431635396
00010 433291798
00010 433540418
00010 437591912
00010 444680904
00010 445489428
00010 446994590
00010 453648492
00010 453915590
00010 454500418
00010 455158034
00010 455390000
00010 457786454
00010 458261376
00010 459454988
00010 459522902
00010 460372718
00010 461942386
00010 466304692
00010 469824030
00010 474735140
00010 474747450
00010 475312206
00010 476111982
00010 479799642
00010 480120416
00010 481212344
00010 481697360
00010 482814148
00010 486224970
00010 488358886
00010 488989312
00010 493218318
00010 494458106
00010 494499486
00010 494904206
00010 500626144
00010 503488396
00010 505299596
00010 508816318
00010 513470528
00010 515816172
00010 517551666
00010 519329916
00010 520370196
00010 520379660
00010 521621142
00010 521722580
00010 522046866
00010 522921290
00010 525033764
00010 528132886
00010 531383170
00010 531679544
00010 535810358
00010 539485322
00010 543791346
00010 547141370
00010 547810274
00010 555966202
00010 558461674
00010 563464626
00010 565777808
00010 567082988
00010 568341050
00010 570426604
00010 577584756
00010 577736082
00010 578372524
00010 579183542
00010 579774010
00010 585050526
00010 585574218
00010 591605524
00010 591989070
00010 592444464
00010 593886216
00010 594975402
00010 595370884
00010 597168602
00010 599373766
00010 606987056
00010 608190386
00010 610995170
00010 616104882
00010 619548328
00010 620493242
00010 629365612
00010 630387230
00010 632423666
00010 635621954
00010 636980582
00010 638225816
00010 642339824
00010 642444276
00010 642874280
00010 644612222
00010 647203206
00010 649152164
00010 649786960
00010 651582036
00010 654484324
00010 657681324
00010 664674470
00010 666644158
00010 667792452
00010 675683296
00010 676490520
00010 676986288
00010 679574262
00010 680809502
00010 683105724
00010 683220050
00010 684708540
00010 691742470
00010 693821754
00010 695929264
00010 696317758
00010 699471924
00010 699668364
00010 699978174
00010 700287818
00010 700289384
00010 702194506
00010 702317094
00010 703437464
00010 703727416
00010 704564576
00010 706891606
00010 712307858
00010 717847780
00010 718359040
00010 718675766
00010 720393056
00010 723555220
00010 724565162
00010 728842436
00010 730177118
00010 731134984
00010 732039882
00010 735585282
00010 736368674
00010 743286036
00010 746240304
00010 746287968
00010 746659478
00010 748044204
00010 748911564
00010 749685390
00010 754348924
00010 766808784
00010 771228062
00010 772926358
00010 773744684
00010 774058230
00010 775502796
00010 776724974
00010 779123328
00010 780119876
00010 781181566
00010 784724304
00010 785366818
00010 785689294
00010 788940570
00010 791563406
00010 792389172
00010 793746646
00010 794221372
00010 794343830
00010 796412950
00010 796762864
00010 798958008
00010 802003942
00010 805017970
00010 807677042
00010 816359742
00010 819754860
00010 820389716
00010 821740190
00010 823229994
00010 824338410
00010 824831320
00010 826575728
00010 828321378
00010 829520720
00010 831036010
00010 831193266
00010 831653366
00010 835045064
00010 835521312
00010 838164568
00010 839388248
00010 840325794
00010 846403078
00010 847905606
00010 849286622
00010 852433920
00010 856703282
00010 858000386
00010 858181804
00010 858817058
00010 860984154
00010 861306238
00010 865382200
00010 867673364
00010 867905678
00010 868322884
00010 868889578
00010 869377648
00010 870444134
00010 871329418
00010 873907190
00010 877767264
00010 879962184
00010 885904602
00010 897702516
00010 898165484
00010 898664428
00010 898806876
00010 901061280
00010 901942154
00010 902378366
00010 902548744
00010 902947084
00010 904149546
00010 905249672
00010 907890468
00010 911847516
00010 915989922
00010 918729044
00010 918908622
00010 920119558
00010 920435488
00010 922397990
00010 922483268
00010 922717500
00010 923389136
00010 924459520
00010 924761796
00010 925083212
00010 925865944
00010 929588604
00010 932114976
00010 936679856
00010 940018776
00010 941335558
00010 948066538
00010 949219108
00010 950161270
00010 957334802
00010 958321742
00010 964651832
00010 966069320
00010 968398842
00010 971844880
00010 972473368
00010 980102726
00010 980121752
00010 980549280
00010 981724570
00010 982009336
00010 990115970
00010 990428068
00010 992239438
00010 993068062
00010 1058828
00010 1435950
00010 2297442
00010 6869532
00010 10108510
00010 10740624
00010 12721876
00010 16042594
00010 21621808
00010 23112698
00010 23554904
00010 25227286
00010 25586954
00010 29737874
00010 33239174
00010 33794340
00010 33909098
00010 36399182
00010 40087220
00010 41052264
00010 42774592
00010 43349170
00010 45495228
00010 45533660
00010 45670736
00010 47087806
00010 51642006
00010 52936826
00010 54001464
00010 54762334
00010 57041564
00010 68003130
00010 70687766
00010 73531370
00010 73592670
00010 74304576
00010 75983478
00010 76009068
00010 77252650
00010 77941256
00010 79869812
00010 86250864
00010 87388068
00010 89907334
00010 95002086
00010 96336872
00010 96961528
00010 97347528
00010 97551100
00010 100337802
00010 102270254
00010 102946698
00010 109857584
00010 111015470
00010 111672892
00010 112152778
00010 112838424
00010 112968050
00010 113125026
00010 114133660
00010 116109594
00010 116215734
00010 116894024
00010 119877824
00010 121253416
00010 126563992
00010 126728822
00010 127611726
00010 127791546
00010 131469448
00010 135676622
00010 136286458
00010 136527080
00010 137353162
00010 138933444
00010 139510084
00010 147648528
00010 149437546
00010 155630442
00010 156396094
00010 156904496
00010 157388302
00010 157575918
00010 159231598
00010 160271448
00010 168289668
00010 170116038
00010 170452058
00010 174901898
00010 177319508
00010 180274930
00010 180297808
00010 182718544
00010 189136250
00010 190566182
00010 196717924
00010 200084298
00010 202151730
00010 203021194
00010 207985216
00010 208355284
00010 208469548
00010 208532900
00010 210392530
00010 213669886
00010 213710150
00010 214709906
00010 217606866
00010 217633250
00010 219815480
00010 221639480
00010 224544664
00010 226525984
00010 231774106
00010 231777192
00010 238070286
00010 240596160
00010 243763418
00010 244523048
00010 255215654
00010 255341848
00010 258557352
00010 259496328
00010 261190842
00010 262394942
00010 263745864
00010 265811810
00010 268116288
00010 268490268
00010 268744726
00010 271593954
00010 271868082
00010 274283004
00010 275587474
00010 278718938
00010 279478704
00010 279601494
00010 283426560
00010 283724908
00010 284046914
00010 286577290
00010 287970888
00010 288738610
00010 291473748
00010 293938106
00010 295790696
00010 296765204
00010 302962628
00010 305381824
00010 307969628
00010 309339174
00010 314430788
00010 317296012
00010 319668968
00010 323449986
00010 325651346
00010 325652844
00010 326335872
00010 328516772
00010 328767346
00010 329819810
00010 332226912
00010 333340308
00010 334953584
00010 335386952
00010 336286166
00010 339053066
00010 340525436
00010 340537216
00010 344653830
00010 345044136
00010 348196276
00010 352421774
00010 358428724
00010 359714658
00010 365192130
00010 365369924
00010 367123052
00010 370217626
00010 370739152
00010 371609888
00010 372699646
00010 375734480
00010 377186720
00010 380553326
00010 381002618
00010 383353814
00010 385666312
00010 386385078
00010 389718284
00010 390708700
00010 394005464
00010 396729408
00010 400363020
00010 400754772
00010 401413094
00010 404250734
00010 409195398
00010 415415368
00010 416017318
00010 418535984
00010 418548466
00010 420339614
00010 421886514
00010 422190430
00010 428243428
00010 429391838
00010 431475714
00010 431950912
00010 432282168
00010 436001622
00010 436026856
00010 437004058
00010 440686988
00010 440774276
00010 443797826
00010 444632166
00010 446790876
00010 449743124
00010 450309214
00010 452368836
00010 458214778
00010 458780538
00010 464568914
00010 469919152
00010 471217944
00010 471397826
00010 471767694
00010 473219392
00010 473732936
00010 475297444
00010 476339734
00010 476504716
00010 480769550
00010 484823980
00010 485859698
00010 490411716
00010 490739068
00010 491346168
00010 496640964
00010 498271482
00010 500105092
00010 504027694
00010 504565190
00010 504989988
00010 505266540
00010 505667608
00010 506639854
00010 507178584
00010 509149104
00010 510013166
00010 512636618
00010 516847042
00010 518387104
00010 522869774
00010 525555080
00010 527507220
00010 530654662
00010 532381418
00010 533813690
00010 533985224
00010 534170166
00010 534324500
00010 534385128
00010 536128808
00010 537975544
00010 540362814
00010 540486878
00010 543136318
00010 547453240
00010 547819752
00010 557278834
00010 561227126
00010 561245232
00010 563375434
00010 564875106
00010 566752726
00010 567008924
00010 568677168
00010 572274558
00010 575987002
00010 577383310
00010 578982570
00010 579510512
00010 579828142
00010 580696412
00010 581062176
00010 582150840
00010 585931490
00010 586131324
00010 589965852
00010 591837806
00010 591892950
00010 595940912
00010 596056016
00010 603788936
00010 607337600
00010 607384548
00010 609862990
00010 609898742
00010 613124432
00010 615872566
00010 616230532
00010 616934412
00010 618257238
00010 618770540
00010 627105546
00010 631153148
00010 631496798
00010 632720390
00010 633249012
00010 633346318
00010 633350402
00010 636445976
00010 638640486
00010 639299234
00010 642715636
00010 644297754
00010 644841880
00010 644909086
00010 648489018
00010 650063478
00010 650574890
00010 651922864
00010 655961148
00010 655970468
00010 656348808
00010 662696424
00010 665849590
00010 667734836
00010 668637470
00010 673336898
00010 675951340
00010 678187190
00010 679674390
00010 683781630
00010 684006736
00010 686641364
00010 687150204
00010 687273750
00010 690268486
00010 690835184
00010 693464588
00010 694838950
00010 695751504
00010 699977112
00010 700518122
00010 701842986
00010 706718984
00010 708570226
00010 709139340
00010 710602556
00010 716570084
00010 717706392
00010 717984614
00010 719104456
00010 719460588
00010 720303450
00010 721312532
00010 722004514
00010 722456798
00010 725819048
00010 726597674
00010 730375004
00010 735491968
00010 737696892
00010 741456994
00010 742189628
00010 742739780
00010 744724380
00010 744922944
00010 744967948
00010 747497708
00010 748242430
00010 748475204
00010 750768444
00010 755657428
00010 755659282
00010 757679200
00010 760793920
00010 769426474
00010 769964336
00010 771563402
00010 771665522
00010 775469218
00010 775685650
00010 778239542
00010 778305304
00010 779475820
00010 782654262
00010 783618482
00010 786494980
00010 786798788
00010 786934536
00010 790785448
00010 795343508
00010 797829094
00010 805272694
00010 807904478
00010 808156362
00010 813344290
00010 816060616
00010 817486454
00010 818970998
00010 819013252
00010 819015668
00010 819312722
00010 822749904
00010 824630850
00010 826456606
00010 826780988
00010 832166078
00010 832485298
00010 833747118
00010 836495980
00010 838663792
00010 842056278
00010 844446650
00010 851216494
00010 851654486
00010 852138748
00010 852827574
00010 853844832
00010 854753890
00010 854979750
00010 856189912
00010 856387126
00010 856461958
00010 859954836
00010 860113278
00010 860143132
00010 860286838
00010 860808052
00010 867372674
00010 867898700
00010 868775276
00010 871169126
00010 871784980
00010 872568944
00010 874198092
00010 880076630
00010 881439284
00010 885023338
00010 885534476
00010 885564766
00010 888014504
00010 888294208
00010 890734384
00010 893496556
00010 895878634
00010 896974622
00010 897061792
00010 897726938
00010 898219864
00010 903085510
00010 905691612
00010 907622544
00010 907735210
00010 908956558
00010 911983274
00010 912639426
00010 913224682
00010 913306324
00010 914237150
00010 916324266
00010 921212222
00010 922205754
00010 922545300
00010 923214474
00010 926327752
00010 928785670
00010 930123364
00010 930266922
00010 931397456
00010 936259494
00010 936361898
00010 937977674
00010 938040404
00010 938487200
00010 939129026
00010 941614236
00010 943022042
00010 943207282
00010 945416058
00010 945908400
00010 947021506
00010 949857590
00010 950264712
00010 951811596
00010 953773196
00010 955400920
00010 963523874
00010 963945556
00010 964106104
00010 964858664
00010 968805090
00010 968814576
00010 970173678
00010 970413932
00010 971089602
00010 971847216
00010 973649406
00010 976443320
00010 977264840
00010 978715122
00010 983909158
00010 984136874
00010 985297402
00010 986054182
00010 988390428
00010 988537644
00010 989415030
00010 989484084
00010 991141426
00010 991950658
00010 992130730
00010 997004340
00010 999268442
00010 2214608
00010 4896854
00010 5099322
00010 7535664
00010 8871468
00010 9099156
00010 12695522
00010 17319318
00010 18343166
00010 20724442
00010 23870050
00010 24122866
00010 27122768
00010 29396584
00010 30707742
00010 33329978
00010 36342000
00010 38116440
00010 39686038
00010 40928488
00010 41446552
00010 41500100
00010 42587826
00010 43014660
00010 44445404
00010 44479650
00010 45754822
00010 45969186
00010 46109156
00010 50086078
00010 53938266
00010 54478598
00010 54543018
00010 55421554
00010 57112544
00010 57330978
00010 58969486
00010 61398124
00010 63823342
00010 64240866
00010 64587500
00010 69264988
00010 69689518
00010 72342928
00010 73200172
00010 74485012
00010 77664730
00010 79495038
00010 80451000
00010 80622144
00010 82290678
00010 82497116
00010 83084914
00010 83562978
00010 83932810
00010 84623666
00010 84977342
00010 87674390
00010 88110544
00010 91546374
00010 93599626
00010 94051188
00010 94712912
00010 95128786
00010 95163066
00010 96946960
00010 98128062
00010 102336990
00010 103033768
00010 104408314
00010 104628074
00010 109528356
00010 109564230
00010 110856142
00010 110887414
00010 111171844
00010 114360370
00010 114462322
00010 125993484
00010 128103304
00010 134214226
00010 139220376
00010 141408986
00010 142704928
00010 143687092
00010 144288038
00010 150383488
00010 150957452
00010 151501372
00010 154956184
00010 156003590
00010 156363942
00010 157837500
00010 160249932
00010 165427802
00010 166837926
00010 168095344
00010 169890448
00010 173232282
00010 174765518
00010 177332066
00010 178180568
00010 180448482
00010 180627104
00010 180639842
00010 186514390
00010 186555122
00010 186871610
00010 188281530
00010 188461518
00010 192069956
00010 194286780
00010 194606900
00010 196814476
00010 201554716
00010 201732822
00010 202291868
00010 202293246
00010 203146282
00010 208147740
00010 209299912
00010 211434314
00010 213442580
00010 215460410
00010 216919496
00010 217490126
00010 219976836
00010 223256824
00010 223981586
00010 224821188
00010 230681410
00010 230683254
00010 231157346
00010 232319994
00010 232553146
00010 234802114
00010 235431920
00010 238705744
00010 243825672
00010 244442012
00010 246930710
00010 248866538
00010 248887808
00010 249045016
00010 249482494
00010 249718056
00010 250758410
00010 250842034
00010 259406924
00010 261894700
00010 265836694
00010 267961078
00010 272326296
00010 273150986
00010 273718920
00010 277137148
00010 279654954
00010 279657930
00010 281251588
00010 281261384
00010 282011558
00010 282800994
00010 282922862
00010 283400080
00010 284723826
00010 284935112
00010 285275046
00010 285956276
00010 286188454
00010 289228136
00010 295662060
00010 295961504
00010 297153588
00010 299970298
00010 301167002
00010 301897908
00010 303173162
00010 306058540
00010 307255674
00010 307915750
00010 312510938
00010 314124326
00010 315799918
00010 320302104
00010 321397916
00010 322696284
00010 323139224
00010 324171164
00010 325184172
00010 326739522
00010 330252814
00010 330254612
00010 330762488
00010 334784646
00010 339112240
00010 339246582
00010 341394588
00010 342979150
00010 343319290
00010 347253910
00010 351886734
00010 353553196
00010 362706016
00010 362988324
00010 366181696
00010 367163112
00010 367233726
00010 368411438
00010 369487262
00010 369666020
00010 369945342
00010 370280818
00010 378103770
00010 379700666
00010 383993596
00010 385659168
00010 386019652
00010 389623722
00010 389892224
00010 392514950
00010 392980772
00010 395686606
00010 398426142
00010 403062512
00010 403378372
00010 405806470
00010 405831828
00010 407356922
00010 408304124
00010 408507972
00010 408510304
00010 410001312
00010 410018608
00010 411260614
00010 411409980
00010 416271600
00010 421797882
00010 424528108
00010 424948376
00010 424958374
00010 429234704
00010 429782290
00010 430422668
00010 431499032
00010 433379584
00010 433677570
00010 435094900
00010 436654904
00010 437697034
00010 437855692
00010 438491956
00010 438741212
00010 440263596
00010 440693502
00010 441070932
00010 442368494
00010 442832114
00010 443751514
00010 443883358
00010 447967986
00010 450571716
00010 457103182
00010 458188526
00010 461232340
00010 465509540
00010 465928808
00010 466793184
00010 469590980
00010 469917004
00010 470499758
00010 472716326
00010 473988784
00010 475752722
00010 477421526
00010 478204438
00010 482321334
00010 483503738
00010 487066422
00010 488400600
00010 488838232
00010 488943730
00010 492936998
00010 495607784
00010 495811330
00010 495904672
00010 511081688
00010 515385504
00010 524425704
00010 530006894
00010 530178000
00010 530432520
00010 535593926
00010 537312922
00010 541888420
00010 543913288
00010 544433268
00010 545471292
00010 545582034
00010 546441540
00010 548466342
00010 548528602
00010 550153886
00010 550164780
00010 552383642
00010 553441776
00010 553854150
00010 553950832
00010 555370192
00010 556408554
00010 558402164
00010 561769456
00010 561791406
00010 565851144
00010 569512984
00010 569662404
00010 571527030
00010 574388572
00010 574743192
00010 578937442
00010 582217970
00010 582315234
00010 583013472
00010 583508654
00010 583576672
00010 584169866
00010 584826530
00010 586467348
00010 588045782
00010 588572170
00010 591654642
00010 593004210
00010 593955956
00010 594075646
00010 596192546
00010 596651922
00010 599451198
00010 600407438
00010 603790334
00010 604793036
00010 605217758
00010 609349894
00010 609843562
00010 610792768
00010 611254674
00010 612935376
00010 613808026
00010 622480094
00010 628143600
00010 631744218
00010 633048222
00010 636671892
00010 637449018
00010 637858402
00010 646549208
00010 648401794
00010 648839170
00010 653294342
00010 654443156
00010 655171108
00010 657170042
00010 659283464
00010 659374200
00010 666948950
00010 668320986
00010 674874940
00010 684106968
00010 687161022
00010 690375558
00010 690481902
00010 692727380
00010 700493650
00010 703033064
00010 703855248
00010 704408874
00010 704592946
00010 708444422
00010 709800774
00010 710553526
00010 712183326
00010 712971044
00010 715215380
00010 715864296
00010 716632668
00010 723059014
00010 734046760
00010 735870052
00010 736302542
00010 738089908
00010 739026364
00010 744557076
00010 746322480
00010 749808056
00010 750993260
00010 751395490
00010 756069596
00010 760927884
00010 763643284
00010 765712356
00010 766357390
00010 766529558
00010 773402554
00010 774596332
00010 775752914
00010 776376188
00010 778340010
00010 778821798
00010 784989642
00010 785803312
00010 786735478
00010 791950956
00010 794139692
00010 798085564
00010 800763652
00010 801267338
00010 804138074
00010 805325292
00010 806990064
00010 807988890
00010 808277236
00010 816428038
00010 816777106
00010 818596378
00010 820368696
00010 822215582
00010 822545204
00010 822627710
00010 825447220
00010 826087982
00010 827009322
00010 830604356
00010 831941794
00010 835030172
00010 838651286
00010 840644168
00010 841011260
00010 843001222
00010 844346064
00010 844791396
00010 844856776
00010 845657028
00010 845874118
00010 847782234
00010 848081420
00010 848510276
00010 852537174
00010 856153260
00010 858029878
00010 861691186
00010 863301580
00010 865059056
00010 868433150
00010 868476014
00010 868680198
00010 871622824
00010 873824428
00010 874065316
00010 874441324
00010 874778566
00010 876809442
00010 877512626
00010 877586506
00010 878317878
00010 878958562
00010 884299008
00010 885335952
00010 886025858
00010 886702526
00010 886800764
00010 889158630
00010 892832056
00010 896032874
00010 896107218
00010 896510796
00010 897110184
00010 897305280
00010 897543998
00010 899550012
00010 902318228
00010 904797334
00010 904909468
00010 907218032
00010 913298824
00010 913470250
00010 917226898
00010 921189400
00010 922097478
00010 922718420
00010 925661262
00010 929827270
00010 934232252
00010 934486638
00010 936826374
00010 937017862
00010 940600300
00010 941649006
00010 943456566
00010 946274616
00010 947533104
00010 950129194
00010 950258710
00010 954384610
00010 958555176
00010 958970908
00010 958988666
00010 968325792
00010 970335948
00010 971018764
00010 971048100
00010 971557512
00010 976310186
00010 977965358
00010 979738338
00010 980453540
00010 982312438
00010 986290400
00010 987922564
00010 991578754
00010 992457608
00010 993939274
00010 999831816
00010 2756044
00010 5480740
00010 8634544
00010 12440942
00010 12771764
00010 18155224
00010 19958276
00010 19959428
00010 20536392
00010 20892144
00010 27034650
00010 27627496
00010 30573372
00010 32291482
00010 33624566
00010 34270202
00010 38999226
00010 48586710
00010 48748656
00010 50696702
00010 52138606
00010 52152538
00010 53372036
00010 54076224
00010 60959620
00010 62143570
00010 65080614
00010 67721576
00010 70321254
00010 70809674
00010 73633140
00010 73699670
00010 74023930
00010 76914060
00010 86111888
00010 90083376
00010 95304564
00010 95972490
00010 99986568
00010 101889006
00010 101901662
00010 103257004
00010 105859420
00010 106401936
00010 108446600
00010 111074236
00010 111448188
00010 111496980
00010 111810784
00010 116065594
00010 119538406
00010 123949250
00010 124170000
00010 125962354
00010 129131746
00010 134263754
00010 135089736
00010 137885836
00010 141059974
00010 141167870
00010 143516420
00010 144739070
00010 146537414
00010 146985710
00010 148859116
00010 149558548
00010 151636606
00010 152006362
00010 152168252
00010 157390570
00010 158163318
00010 159174860
00010 160992492
00010 163697974
00010 165142860
00010 165776958
00010 166062554
00010 168644010
00010 170067518
00010 174735756
00010 175730178
00010 180815268
00010 181581088
00010 183059782
00010 184051122
00010 185129782
00010 185895870
00010 186242376
00010 186725338
00010 187177812
00010 190516680
00010 190997480
00010 196317234
00010 201811414
00010 206023962
00010 206507934
00010 211948040
00010 211959336
00010 214645242
00010 217109752
00010 218212844
00010 218361004
00010 218391328
00010 218879304
00010 219579236
00010 221834834
00010 223238214
00010 225327994
00010 225716696
00010 226148564
00010 228662044
00010 229202002
00010 230884106
00010 231895620
00010 233198796
00010 234195646
00010 236005448
00010 236782612
00010 244177160
00010 244258216
00010 244308514
00010 247802968
00010 251835414
00010 252228832
00010 253792170
00010 253841302
00010 261358670
00010 261544466
00010 262416096
00010 263545612
00010 268107628
00010 272473486
00010 272706860
00010 272877546
00010 274399630
00010 275180946
00010 275460934
00010 276042978
00010 278526522
00010 281153244
00010 281863334
00010 282215804
00010 284328698
00010 286684872
00010 289165194
00010 289519466
00010 293972546
00010 297572776
00010 298069068
00010 301697342
00010 302160904
00010 304026300
00010 306406986
00010 309804654
00010 312745962
00010 314291382
00010 318171360
00010 320893046
00010 321114964
00010 321541366
00010 324272908
00010 327633998
00010 327719204
00010 328203964
00010 328441826
00010 333612856
00010 334872036
00010 337397392
00010 338083814
00010 338129218
00010 340731688
00010 343055158
00010 346314328
00010 346634928
00010 354978090
00010 358826832
00010 359731688
00010 365081062
00010 370007548
00010 370952618
00010 371231398
00010 372153706
00010 373516978
00010 373708036
00010 378289240
00010 378716942
00010 380549442
00010 380656206
00010 380762790
00010 386736660
00010 390814384
00010 393838820
00010 395509672
00010 397555410
00010 398954390
00010 401138026
00010 401381600
00010 402655754
00010 403579670
00010 406241032
00010 406644662
00010 407082004
00010 411344670
00010 411353868
00010 411806426
00010 412189522
00010 417202224
00010 417495970
00010 418636006
00010 420477762
00010 425671392
00010 425784582
00010 426649838
00010 428466360
00010 430559568
00010 433731436
00010 435843678
00010 437252010
00010 437788766
00010 441080458
00010 441295584
00010 442891724
00010 444397682
00010 446296830
00010 450278658
00010 451215924
00010 451509968
00010 455549234
00010 458118280
00010 461439118
00010 462917596
00010 464401900
00010 464941902
00010 472406330
00010 479188452
00010 479816016
00010 480359172
00010 480517250
00010 483536808
00010 485734384
00010 491750524
00010 494059764
00010 494813268
00010 499456072
00010 501007362
00010 504412024
00010 506040310
00010 507624500
00010 510392990
00010 512988388
00010 513917550
00010 514269626
00010 529169840
00010 533806350
00010 535640482
00010 535896696
00010 537513786
00010 540866708
00010 543795994
00010 549261760
00010 553215264
00010 564162860
00010 566187664
00010 567853122
00010 569275200
00010 570378806
00010 574595640
00010 578437666
00010 578450106
00010 580765862
00010 581479902
00010 585945692
00010 588382790
00010 588526220
00010 588619686
00010 594087500
00010 596912712
00010 600657430
00010 602838696
00010 602966992
00010 603471434
00010 605755778
00010 607677986
00010 607953748
00010 611809872
00010 612478358
00010 619080040
00010 621249694
00010 622140064
00010 622968762
00010 624147050
00010 624761260
00010 636446954
00010 640250408
00010 646545896
00010 647865116
00010 650049508
00010 650256296
00010 650939148
00010 651402462
00010 653640316
00010 656394576
00010 657918820
00010 659486114
00010 659982042
00010 660946772
00010 665302696
00010 665954184
00010 666355452
00010 666430342
00010 666803522
00010 668327212
00010 670770936
00010 673873646
00010 675325620
00010 678276290
00010 678388916
00010 682322088
00010 685846508
00010 685904452
00010 686288520
00010 689603866
00010 691826328
00010 692970696
00010 694628396
00010 696627308
00010 697371058
00010 699047992
00010 701699758
00010 702349230
00010 703965708
00010 706521388
00010 706952914
00010 711744660
00010 713469766
00010 714644638
00010 717305750
00010 718293204
00010 720523728
00010 721112722
00010 724322848
00010 725744042
00010 726703912
00010 727047416
00010 729498872
00010 730946550
00010 731152244
00010 736817586
00010 739214812
00010 747371492
00010 754495328
00010 761718244
00010 764484996
00010 765503112
00010 765580320
00010 770985562
00010 771259970
00010 774150538
00010 775448870
00010 778123574
00010 779433826
00010 788079992
00010 789251886
00010 789294022
00010 793900512
00010 794810768
00010 796578234
00010 796716420
00010 800124422
00010 800160286
00010 801940458
00010 802261584
00010 803442468
00010 803965840
00010 804747582
00010 804805994
00010 810745248
00010 813654920
00010 813732284
00010 814558000
00010 814716126
00010 814803384
00010 817843604
00010 823444354
00010 827410542
00010 827509882
00010 828827280
00010 831176850
00010 833114590
00010 839711648
00010 844648740
00010 846644178
00010 850713936
00010 851096516
00010 852484714
00010 854476096
00010 854515704
00010 857659398
00010 858387168
00010 858881104
00010 863666988
00010 864283142
00010 864371076
00010 865002922
00010 867830846
00010 867931602
00010 868867080
00010 869353664
00010 869472986
00010 869502172
00010 871858978
00010 875466032
00010 877440376
00010 884743070
00010 884791050
00010 887084606
00010 887396388
00010 889864324
00010 894691152
00010 899187160
00010 900782668
00010 901959470
00010 905171512
00010 907102686
00010 907381642
00010 907901428
00010 909209876
00010 910688574
00010 912402754
00010 912823064
00010 914095450
00010 916148804
00010 922888276
00010 925790832
00010 926837622
00010 936018916
00010 936268794
00010 937775188
00010 944191522
00010 945868940
00010 946003084
00010 950220798
00010 953454024
00010 953459104
00010 954577408
00010 956423724
00010 958154344
00010 959489748
00010 961579980
00010 966501056
00010 966516606
00010 967407814
00010 968993006
00010 972206702
00010 975410454
00010 975786278
00010 975787330
00010 976270512
00010 977665546
00010 978563208
00010 978681916
00010 980986392
00010 985972326
00010 987903206
00010 990056788
00010 991509906
00010 992502078
00010 996763584
00010 1000200752
00010 1000456200
00010 701868
00010 3075720
00010 5238974
00010 9367916
00010 13437800
00010 18603024
00010 19469220
00010 22477010
00010 29572888
00010 31139354
00010 32116230
00010 32616428
00010 33933524
00010 33938666
00010 34510010
00010 34685558
00010 34913262
00010 35257324
00010 41984612
00010 42772268
00010 47049036
00010 47339126
00010 48343288
00010 49882068
00010 50292050
00010 56274890
00010 56682810
00010 58716324
00010 59449698
00010 62026214
00010 63358546
00010 63403406
00010 68362618
00010 76110014
00010 83931130
00010 86250560
00010 87072644
00010 87353934
00010 88229666
00010 88231440
00010 91448530
00010 91456804
00010 95523860
00010 95569530
00010 97380320
00010 98699770
00010 99977060
00010 102682932
00010 104401346
00010 109085370
00010 111008042
00010 111808494
00010 113408912
00010 113851548
00010 114672868
00010 115352700
00010 117599452
00010 117945340
00010 118712990
00010 119166456
00010 119652558
00010 121157006
00010 126974582
00010 127606380
00010 129285968
00010 130870538
00010 137477112
00010 138448980
00010 138799990
00010 141539648
00010 143290372
00010 143396544
00010 146155756
00010 150829290
00010 151879404
00010 153157162
00010 154528264
00010 156025150
00010 158438042
00010 161596364
00010 172068388
00010 172951336
00010 174737494
00010 175376030
00010 175984752
00010 176357072
00010 181027772
00010 181932140
00010 181951286
00010 182633510
00010 187639456
00010 190309076
00010 191247996
00010 196960518
00010 196965612
00010 197143436
00010 197652934
00010 204263246
00010 206783298
00010 211250336
00010 211376448
00010 212928058
00010 213113214
00010 213582044
00010 214091266
00010 215335390
00010 219956568
00010 220433658
00010 231329834
00010 231504640
00010 241268058
00010 241965924
00010 245100608
00010 249058380
00010 252313922
00010 253269958
00010 257743680
00010 257748694
00010 257858976
00010 265387526
00010 267952956
00010 270850374
00010 272057392
00010 278636710
00010 280022906
00010 283313550
00010 283525006
00010 285140602
00010 288590758
00010 288607962
00010 290177492
00010 290222940
00010 290259002
00010 290677442
00010 291652534
00010 292444296
00010 293978858
00010 294252410
00010 295469764
00010 295843146
00010 297446008
00010 300452462
00010 300543716
00010 300707142
00010 303321258
00010 303757258
00010 308629830
00010 312275726
00010 312277034
00010 313994402
00010 314543266
00010 314895342
00010 315118552
00010 316193922
00010 317912134
00010 326504916
00010 327844656
00010 328563066
00010 330112178
00010 330272810
00010 334071714
00010 334309942
00010 334891360
00010 338333460
00010 345368916
00010 345568066
00010 350010054
00010 354432232
00010 356815580
00010 358169638
00010 362817022
00010 362818184
00010 363042892
00010 363360130
00010 366557618
00010 368255356
00010 368953718
00010 368974782
00010 369741628
00010 372557940
00010 374542382
00010 375327906
00010 376638304
00010 379434264
00010 379561342
00010 380776578
00010 381928874
00010 382078106
00010 383460984
00010 386049254
00010 387068894
00010 389799052
00010 390289738
00010 393050066
00010 393069972
00010 393883160
00010 395432912
00010 395864140
00010 402850084
00010 402912254
00010 408581900
00010 409003606
00010 411740378
00010 415594982
00010 416097582
00010 418156028
00010 418215984
00010 420413242
00010 424499036
00010 431940314
00010 432108350
00010 434463930
00010 435083720
00010 440832878
00010 441994298
00010 442341016
00010 444887832
00010 445524246
00010 448536340
00010 451668204
00010 453042226
00010 453707474
00010 457789642
00010 459802168
00010 469744698
00010 477592842
00010 479661930
00010 482260788
00010 483548322
00010 492137872
00010 494679874
00010 495208512
00010 495405750
00010 496319658
00010 496929852
00010 500020276
00010 500464990
00010 500884374
00010 501219142
00010 503481196
00010 503526540
00010 503634640
00010 504690648
00010 505666274
00010 506658936
00010 509109750
00010 510496308
00010 511944972
00010 514542548
00010 514843510
00010 516869280
00010 521272656
00010 525281260
00010 526266824
00010 526523520
00010 526534920
00010 531028212
00010 531830410
00010 534348700
00010 535080678
00010 538613794
00010 539124118
00010 539384534
00010 542386092
00010 542460880
00010 543567180
00010 543961624
00010 544967788
00010 546772002
00010 547130186
00010 547935284
00010 553697784
00010 556458134
00010 560374224
00010 562568134
00010 565406032
00010 567210944
00010 568758902
00010 573571142
00010 574443458
00010 574482318
00010 575223306
00010 575799292
00010 577332200
00010 582380952
00010 584958448
00010 586599188
00010 586680842
00010 590450534
00010 591003570
00010 592853814
00010 599345512
00010 604026210
00010 608555590
00010 611994824
00010 614828642
00010 615110998
00010 616442850
00010 630761184
00010 638082460
00010 639379766
00010 642420408
00010 644807616
00010 651624682
00010 651914884
00010 657837910
00010 660378646
00010 660449320
00010 662528944
00010 667415084
00010 670832958
00010 673951742
00010 674871626
00010 676981504
00010 680243932
00010 681050820
00010 682258438
00010 683382130
00010 683895328
00010 683932420
00010 692825674
00010 695367370
00010 696310218
00010 698288614
00010 700121140
00010 700144518
00010 701143486
00010 702177058
00010 703133114
00010 707198946
00010 711460294
00010 713615662
00010 714266820
00010 716149474
00010 717510770
00010 718219440
00010 719054326
00010 719850382
00010 722682266
00010 725363744
00010 726234284
00010 726925230
00010 727922330
00010 734230262
00010 735907740
00010 736588898
00010 737822918
00010 739625038
00010 743455610
00010 745386226
00010 746826528
00010 748915882
00010 749279594
00010 756556874
00010 757408340
00010 757448648
00010 761678702
00010 763491858
00010 764750926
00010 765393710
00010 771675714
00010 771977960
00010 773260696
00010 779305098
00010 780798222
00010 783325664
00010 783420244
00010 783500560
00010 784856936
00010 784902172
00010 784987764
00010 785206014
00010 785208706
00010 786986832
00010 789449904
00010 795556454
00010 797501716
00010 798119678
00010 800871766
00010 801833920
00010 803374004
00010 813397094
00010 813605228
00010 816236716
00010 817207058
00010 818055546
00010 822163108
00010 822759286
00010 823415776
00010 828491442
00010 830562922
00010 832984418
00010 834476462
00010 835061182
00010 837768238
00010 839740988
00010 840289254
00010 840484962
00010 847611816
00010 851438162
00010 853288244
00010 856925846
00010 858692118
00010 859330030
00010 861451048
00010 862687700
00010 863672230
00010 863730312
00010 867020306
00010 869660132
00010 869746386
00010 870289212
00010 875755674
00010 879954056
00010 880505000
00010 880575172
00010 883182026
00010 883383842
00010 885717396
00010 889730420
00010 890518140
00010 891926800
00010 897861702
00010 899647560
00010 904050580
00010 904298674
00010 904647652
00010 906131826
00010 906201662
00010 911835380
00010 913081438
00010 914031364
00010 915561750
00010 919315610
00010 919895486
00010 920065106
00010 921652118
00010 924614924
00010 929421954
00010 931364934
00010 932094522
00010 933250024
00010 936653324
00010 940672882
00010 945762258
00010 946924588
00010 948848782
00010 950074962
00010 951764662
00010 951919808
00010 953299488
00010 957419864
00010 960466428
00010 960981392
00010 961675928
00010 961952066
00010 963121016
00010 964394530
00010 964508760
00010 969311716
00010 970740080
00010 974917334
00010 974924702
00010 981113078
00010 981383696
00010 985711766
00010 987438944
00010 990142518
00010 991111936
00010 993250994
00010 1000005182
00010 2255302
00010 7105880
00010 10343046
00010 14771830
00010 16208728
00010 21072646
00010 23813852
00010 24158178
00010 26932214
00010 27523158
00010 28368240
00010 30470474
00010 36302974
00010 36621278
00010 37277686
00010 38044704
00010 43028514
00010 44274446
00010 44748108
00010 47306124
00010 48822764
00010 50509518
00010 54230488
00010 55164368
00010 58502628
00010 59961082
00010 60546552
00010 62048492
00010 65740526
00010 66364242
00010 66602870
00010 67656598
00010 71314716
00010 72045520
00010 72230388
00010 72832760
00010 77082024
00010 77214100
00010 85498266
00010 88596022
00010 90002024
00010 91268296
00010 95637272
00010 99813870
00010 103020966
00010 104697294
00010 106238126
00010 112719312
00010 116363900
00010 117229572
00010 118185798
00010 120957280
00010 121775616
00010 122816356
00010 122994848
00010 127867772
00010 130869680
00010 132115450
00010 134111830
00010 134363548
00010 134443528
00010 139530966
00010 139651686
00010 140094544
00010 141648150
00010 142165698
00010 143329090
00010 143998410
00010 145105580
00010 145202092
00010 145763758
00010 146402932
00010 147242010
00010 148762938
00010 149070252
00010 150918640
00010 151406008
00010 155969822
00010 156374704
00010 157173908
00010 157614632
00010 161988462
00010 162470416
00010 162499418
00010 163200360
00010 163404122
00010 165179956
00010 165837008
00010 170249274
00010 171348678
00010 172618126
00010 172651656
00010 173813528
00010 174560282
00010 174925282
00010 176859498
00010 177940200
00010 178131506
00010 185775774
00010 186445810
00010 186611336
00010 192964366
00010 194804816
00010 195893114
00010 202240456
00010 203619052
00010 204064718
00010 206458420
00010 207240454
00010 208733170
00010 210848362
00010 211447858
00010 212297840
00010 215221170
00010 217461020
00010 217510696
00010 218238672
00010 219181514
00010 226648318
00010 230516494
00010 232262546
00010 232934070
00010 246587486
00010 247579434
00010 249046270
00010 249129110
00010 257689238
00010 261413500
00010 265228866
00010 267591790
00010 272059186
00010 273113770
00010 275942778
00010 281453364
00010 281605622
00010 282132046
00010 282324350
00010 282396178
00010 282759868
00010 282988056
00010 287931112
00010 294345008
00010 295962962
00010 300139340
00010 305742902
00010 306287354
00010 306437430
00010 307646174
00010 307739256
00010 309086802
00010 312732846
00010 316514652
00010 317962288
00010 320087426
00010 320933222
00010 324770678
00010 330040812
00010 331935584
00010 340251638
00010 340582086
00010 341368548
00010 351829462
00010 353808380
00010 358341072
00010 363437700
00010 369327008
00010 370772840
00010 375193392
00010 384581542
00010 386207446
00010 390127918
00010 390817886
00010 396135456
00010 405501184
00010 408066838
00010 408721422
00010 410715826
00010 411658964
00010 412637750
00010 413735184
00010 416488894
00010 418296186
00010 425643216
00010 428242788
00010 431803508
00010 435628180
00010 437825422
00010 439967404
00010 441261312
00010 444129522
00010 446547756
00010 446696616
00010 446981894
00010 448890344
00010 450785518
00010 453208708
00010 455959052
00010 459335024
00010 461870198
00010 464171484
00010 464449262
00010 468237088
00010 471024186
00010 475027586
00010 479179104
00010 481959752
00010 482957502
00010 483785814
00010 484726532
00010 484898052
00010 489638310
00010 490184898
00010 491989460
00010 492319206
00010 497709500
00010 498143828
00010 498602412
00010 498727614
00010 504878258
00010 506742070
00010 509184954
00010 510133850
00010 513396122
00010 516767466
00010 517797998
00010 520045766
00010 521671534
00010 522209242
00010 522780810
00010 523393138
00010 526002412
00010 527913428
00010 528307952
00010 532089834
00010 534503290
00010 540610486
00010 543254102
00010 544377316
00010 552318082
00010 552942300
00010 553429650
00010 557552988
00010 559108374
00010 560121724
00010 560327526
00010 560553032
00010 569425782
00010 571419556
00010 579591924
00010 581252560
00010 581257462
00010 582141386
00010 582934280
00010 584754526
00010 587086030
00010 587348210
00010 588016838
00010 590533764
00010 592563934
00010 595097382
00010 599963226
00010 600334470
00010 600485206
00010 600798792
00010 602140020
00010 605959680
00010 611172494
00010 613083220
00010 617480232
00010 618808040
00010 618826730
00010 621166564
00010 622717128
00010 626320628
00010 627783294
00010 628592888
00010 629188806
00010 632600026
00010 635791756
00010 638048466
00010 639185966
00010 639820406
00010 644186898
00010 645164054
00010 645206790
00010 646329390
00010 647518440
00010 649043528
00010 649847722
00010 652090242
00010 653001564
00010 656583290
00010 659515802
00010 661012594
00010 661199988
00010 661732204
00010 664614662
00010 665779684
00010 668304136
00010 675880636
00010 680028370
00010 684249386
00010 688375900
00010 689209724
00010 689742204
00010 691219086
00010 691654944
00010 692712212
00010 693791132
00010 695561074
00010 697713878
00010 698569572
00010 699006894
00010 699162948
00010 699584156
00010 706171880
00010 707579966
00010 709159412
00010 710347704
00010 710468120
00010 711565578
00010 715636800
00010 715759298
00010 718778042
00010 720839194
00010 722091482
00010 723049974
00010 725620666
00010 726422590
00010 726633362
00010 729179420
00010 729503452
00010 732590512
00010 733816446
00010 738144370
00010 738312248
00010 740146840
00010 741061428
00010 744532390
00010 744871202
00010 745144038
00010 745618634
00010 748505938
00010 750629196
00010 751895352
00010 751954908
00010 756414614
00010 759458584
00010 762291186
00010 766623786
00010 767902508
00010 769091250
00010 770039044
00010 771203342
00010 771989028
00010 773647610
00010 779006968
00010 779462178
00010 785355140
00010 785501430
00010 786137718
00010 791287518
00010 793821326
00010 793896942
00010 809391150
00010 810008110
00010 811030280
00010 812493282
00010 813122976
00010 814187862
00010 817151798
00010 820609480
00010 821021790
00010 822518380
00010 823593014
00010 824631296
00010 829907592
00010 831136320
00010 831667534
00010 832696926
00010 834552788
00010 834690720
00010 836866292
00010 838745006
00010 839519924
00010 839713376
00010 840004816
00010 842807544
00010 843042756
00010 845806172
00010 846003796
00010 846319934
00010 856558832
00010 858062052
00010 859490056
00010 862811364
00010 866148884
00010 866763206
00010 867523568
00010 868861288
00010 869764722
00010 874625200
00010 875986930
00010 876362036
00010 876467966
00010 879806154
00010 880163660
00010 883019336
00010 884040580
00010 884188004
00010 884457628
00010 884800478
00010 889425968
00010 890898060
00010 893909786
00010 896129878
00010 896583116
00010 896784382
00010 897810056
00010 898631138
00010 903940194
00010 903943850
00010 914258980
00010 914814046
00010 920158682
00010 920360512
00010 922891396
00010 925343910
00010 925949306
00010 929629990
00010 934533494
00010 937251110
00010 938872368
00010 941040250
00010 941581778
00010 950946278
00010 953953604
00010 955956266
00010 956446754
00010 957561662
00010 958211730
00010 961532066
00010 962652288
00010 963724194
00010 964695886
00010 965214624
00010 966119076
00010 967876152
00010 969529422
00010 969920818
00010 970739680
00010 971605466
00010 973557782
00010 978059976
00010 978060988
00010 981099792
00010 981530648
00010 982570128
00010 982750866
00010 983151280
00010 985159844
00010 987966322
00010 988565096
00010 991965178
00010 992522048
00010 993113162
00010 994355076
00010 998716966
00010 1000454986
00010 3051498
00010 3190856
00010 3596292
00010 6868740
00010 6958638
00010 11296398
00010 13549118
00010 13995768
00010 14683982
00010 16911092
00010 19769126
00010 23692300
00010 26857146
00010 31634888
00010 31796884
00010 35860908
00010 37172448
00010 41128278
00010 44568038
00010 48520008
00010 49402696
00010 51204768
00010 59268090
00010 63654938
00010 72426798
00010 73233990
00010 77100224
00010 78365542
00010 78812230
00010 82025614
00010 82262726
00010 83408984
00010 87465482
00010 88115850
00010 89744196
00010 92024478
00010 95671936
00010 96941080
00010 96953110
00010 100296044
00010 101241672
00010 103348990
00010 104783086
00010 106744106
00010 108263836
00010 109401448
00010 109727432
00010 114113088
00010 114986722
00010 117317362
00010 118843314
00010 120841978
00010 123716636
00010 124082180
00010 125544178
00010 125705822
00010 127344108
00010 128106356
00010 129621146
00010 131339882
00010 132068986
00010 134216446
00010 134344906
00010 135443952
00010 136632906
00010 138307008
00010 143709926
00010 144659596
00010 144764122
00010 150186198
00010 150513062
00010 155348290
00010 167801718
00010 170994824
00010 171812454
00010 176376568
00010 176460584
00010 181121276
00010 181269200
00010 182494242
00010 183063974
00010 185251506
00010 186458754
00010 190226818
00010 192265354
00010 193743578
00010 195476672
00010 198904366
00010 202158956
00010 202650768
00010 203115152
00010 203144112
00010 203469306
00010 206324306
00010 214059866
00010 215629862
00010 217349362
00010 225513154
00010 227062116
00010 234494768
00010 234596434
00010 235727492
00010 237952382
00010 242750592
00010 245207294
00010 245511370
00010 246374180
00010 247081814
00010 248776026
00010 248823926
00010 249557268
00010 250850536
00010 253027062
00010 254725066
00010 255060822
00010 259244392
00010 263615074
00010 268515108
00010 270247124
00010 270464958
00010 271368556
00010 272575036
00010 276856280
00010 279024390
00010 280527424
00010 281219456
00010 282063298
00010 283356692
00010 283572926
00010 284991918
00010 286653830
00010 286752996
00010 289181484
00010 289661344
00010 291361274
00010 291452666
00010 291813150
00010 291967952
00010 292063582
00010 299589104
00010 300770892
00010 304840810
00010 305406174
00010 307893098
00010 311180020
00010 311505916
00010 311958548
00010 318565062
00010 321782872
00010 323387994
00010 326025658
00010 327461908
00010 333573468
00010 333877970
00010 334110234
00010 336283848
00010 336711566
00010 342153334
00010 343734774
00010 343767774
00010 344252584
00010 344932202
00010 345585854
00010 345783434
00010 347312420
00010 348052092
00010 350757826
00010 352474256
00010 352658698
00010 352705298
00010 354548656
00010 355250862
00010 358038610
00010 361784542
00010 362294618
00010 363122968
00010 364649714
00010 372036040
00010 374379752
00010 377922032
00010 378993642
00010 379218482
00010 383634384
00010 383664472
00010 385867326
00010 390335004
00010 392426712
00010 394074898
00010 394642064
00010 394812010
00010 394875470
00010 396834780
00010 399064026
00010 400301882
00010 402770858
00010 407713086
00010 410852242
00010 410899228
00010 412351390
00010 413404300
00010 416851576
00010 417066374
00010 419231384
00010 420386350
00010 423048522
00010 423444892
00010 426298948
00010 428206338
00010 429930134
00010 430366648
00010 432173864
00010 433400718
00010 433891564
00010 437382448
00010 440130274
00010 441881932
00010 449680186
00010 450524404
00010 452980140
00010 456494356
00010 457170756
00010 457455824
00010 457638788
00010 459334624
00010 460778146
00010 461663194
00010 463506908
00010 464293108
00010 468041140
00010 468887582
00010 469932322
00010 470823898
00010 473147558
00010 475539408
00010 476681012
00010 478667870
00010 480573844
00010 483003290
00010 484604062
00010 486737502
00010 490252352
00010 492124576
00010 492161314
00010 492718192
00010 493534280
00010 495384234
00010 497452902
00010 499716394
00010 501139322
00010 502353096
00010 504225294
00010 505653968
00010 506215656
00010 506929886
00010 510368750
00010 510435120
00010 511304798
00010 511306148
00010 512074076
00010 515530494
00010 516026228
00010 516722704
00010 516832930
00010 522519704
00010 524624824
00010 524807154
00010 527724002
00010 531257766
00010 531258836
00010 531393464
00010 539389678
00010 540885598
00010 543219842
00010 543700904
00010 545326186
00010 545328566
00010 547417494
00010 550993598
00010 552825166
00010 553138082
00010 553206620
00010 556503366
00010 558441658
00010 558614550
00010 560273832
00010 560293030
00010 564471032
00010 566750790
00010 567407866
00010 572834214
00010 573363072
00010 574075002
00010 575450138
00010 579404204
00010 580729762
00010 582101178
00010 584498660
00010 586521924
00010 587092318
00010 588562548
00010 590645032
00010 591368556
00010 591490778
00010 594909038
00010 595226350
00010 595369170
00010 597908250
00010 598307096
00010 599637966
00010 600166642
00010 601797094
00010 604244178
00010 605109094
00010 605575420
00010 611990744
00010 614329574
00010 614711044
00010 615569496
00010 616169806
00010 616862452
00010 628043116
00010 631702492
00010 632486636
00010 633394460
00010 633877884
00010 634284898
00010 636089340
00010 639231332
00010 640886980
00010 640997906
00010 642148846
00010 642830960
00010 646090746
00010 646262090
00010 646545144
00010 648100912
00010 648590016
00010 653687246
00010 657348614
00010 657709562
00010 660778450
00010 662472314
00010 663559530
00010 663722230
00010 664828642
00010 666019038
00010 666278630
00010 671881376
00010 675032512
00010 676674126
00010 678935392
00010 679128860
00010 684184888
00010 687378092
00010 687475752
00010 691557060
00010 692358114
00010 699621720
00010 700268438
00010 701879916
00010 703793172
00010 707832876
00010 710965144
00010 711085554
00010 715964904
00010 719004684
00010 721329240
00010 723612626
00010 723704664
00010 725559912
00010 727340898
00010 727641282
00010 731110494
00010 731709094
00010 732758698
00010 734794178
00010 734870200
00010 736360422
00010 736675648
00010 738318134
00010 740669030
00010 740702520
00010 742039074
00010 745039618
00010 748472850
00010 751731534
00010 752648702
00010 754095758
00010 754536382
00010 754569920
00010 762041456
00010 763151120
00010 767369256
00010 774272318
00010 775247524
00010 777583558
00010 783133050
00010 783400902
00010 785265168
00010 785391712
00010 787952136
00010 789507390
00010 791682704
00010 792604654
00010 792644564
00010 792843494
00010 793782516
00010 797425928
00010 797982502
00010 798061556
00010 800672300
00010 802349552
00010 803577548
00010 805032738
00010 808731578
00010 811191154
00010 812654064
00010 813573742
00010 814158344
00010 817743900
00010 819530634
00010 820245628
00010 823484216
00010 823824312
00010 824139886
00010 827425916
00010 832076674
00010 838675242
00010 839798368
00010 840606576
00010 841911836
00010 842299610
00010 843028508
00010 843384296
00010 845092348
00010 848567262
00010 850265010
00010 850298218
00010 850493198
00010 850601706
00010 854135498
00010 854137280
00010 854260336
00010 854276822
00010 859778980
00010 860772710
00010 861006424
00010 861093340
00010 865825464
00010 867056406
00010 870879206
00010 871553114
00010 872768986
00010 873294528
00010 873311238
00010 877233722
00010 877414768
00010 877986320
00010 885859894
00010 889357298
00010 891208644
00010 892610276
00010 893754486
00010 894269136
00010 894376388
00010 894840632
00010 894928400
00010 895924380
00010 903192668
00010 903972000
00010 906788788
00010 908404718
00010 910695008
00010 916722702
00010 917340682
00010 917765318
00010 919332714
00010 919610762
00010 919643472
00010 919674832
00010 920851470
00010 921068428
00010 921129264
00010 922741718
00010 925148378
00010 925196332
00010 926412158
00010 929226442
00010 932590332
00010 935673020
00010 937437270
00010 937756852
00010 938548232
00010 939342018
00010 939812994
00010 940758788
00010 942371584
00010 943457774
00010 943923322
00010 944378592
00010 944384268
00010 945924518
00010 946388100
00010 949620466
00010 949640886
00010 950564922
00010 950665502
00010 952210094
00010 952546938
00010 957732940
00010 959299524
00010 959308774
00010 959707832
00010 960001852
00010 960273590
00010 960364218
00010 965721516
00010 967315208
00010 969119024
00010 971019008
00010 972052676
00010 973116798
00010 978895404
00010 979244738
00010 979676880
00010 981452924
00010 985171970
00010 986285232
00010 989028682
00010 994751538
00010 997490572
00010 997703438
00010 999197598
00010 999310094
00010 1658032
00010 2610590
00010 2613992
00010 3156464
00010 13090352
00010 13693588
00010 16515224
00010 23626666
00010 23846886
00010 24890042
00010 26038412
00010 26197112
00010 27394534
00010 33489760
00010 37992652
00010 39402694
00010 41749598
00010 43340934
00010 47089522
00010 48171544
00010 48278242
00010 51435988
00010 51832764
00010 52192952
00010 53041552
00010 53257202
00010 54829030
00010 55685840
00010 57651378
00010 61293396
00010 62821492
00010 65123232
00010 65204078
00010 66830440
00010 68216374
00010 68400456
00010 68561778
00010 68760554
00010 71066434
00010 73858014
00010 74299834
00010 76429638
00010 78176464
00010 79438422
00010 84790024
00010 87703558
00010 87882520
00010 90628538
00010 91942512
00010 93292178
00010 95842092
00010 97393938
00010 100027246
00010 101448222
00010 102107624
00010 102661202
00010 108671888
00010 111120680
00010 113473650
00010 116287142
00010 117376082
00010 118186624
00010 120499812
00010 123017820
00010 123142824
00010 123549278
00010 124196428
00010 127480908
00010 127730088
00010 136766636
00010 138154214
00010 139211192
00010 143264350
00010 143572254
00010 144074616
00010 147331694
00010 149053630
00010 149152962
00010 150429800
00010 153295096
00010 154165296
00010 154823474
00010 160165434
00010 161920532
00010 162924426
00010 164791984
00010 166014596
00010 166041710
00010 167075622
00010 167606426
00010 168869750
00010 169379074
00010 173069060
00010 175334998
00010 180399200
00010 181289764
00010 184486014
00010 185745186
00010 187008048
00010 190336282
00010 190725666
00010 190809992
00010 202301094
00010 203528376
00010 204418696
00010 204463992
00010 206332340
00010 208275480
00010 215906114
00010 216275666
00010 216440026
00010 216771004
00010 218986544
00010 222066686
00010 225333428
00010 225830448
00010 227794906
00010 232076634
00010 237510618
00010 242886344
00010 246875588
00010 249485794
00010 251151800
00010 251807736
00010 252284592
00010 254464562
00010 258060378
00010 259760254
00010 260326402
00010 261605090
00010 269240916
00010 271083686
00010 271477192
00010 273785948
00010 274482474
00010 279172402
00010 279415284
00010 281711816
00010 282284376
00010 283929576
00010 287390584
00010 290269004
00010 293203458
00010 299826940
00010 301230208
00010 303909270
00010 306601130
00010 315145600
00010 317940076
00010 318851166
00010 319623348
00010 320430404
00010 321844622
00010 322652042
00010 323330998
00010 324690832
00010 326342324
00010 330433168
00010 330683244
00010 330823338
00010 331478246
00010 331639220
00010 335115346
00010 336626432
00010 340941498
00010 342091788
00010 343286084
00010 351809942
00010 351947210
00010 352236282
00010 352322264
00010 354259814
00010 355308240
00010 355374424
00010 355598910
00010 356242598
00010 361498156
00010 365776834
00010 366109770
00010 366274054
00010 368051548
00010 369570636
00010 370106340
00010 370567140
00010 374171906
00010 375423426
00010 375516914
00010 375874356
00010 384085582
00010 384224996
00010 385165010
00010 385429212
00010 385493834
00010 385775038
00010 387678796
00010 389940908
00010 390816722
00010 391983786
00010 392952536
00010 393382374
00010 395134458
00010 395339538
00010 396557008
00010 397753122
00010 398815216
00010 401662570
00010 402240808
00010 403501676
00010 406287182
00010 406971208
00010 407967456
00010 410460672
00010 410553902
00010 411357024
00010 411862766
00010 414353004
00010 419583254
00010 419899350
00010 423119356
00010 424540942
00010 428528378
00010 431351028
00010 433028604
00010 434850156
00010 435043976
00010 435988546
00010 437104872
00010 440358572
00010 440545976
00010 441594446
00010 447017244
00010 449709734
00010 451970762
00010 455839790
00010 456979814
00010 457641260
00010 458226960
00010 458542732
00010 459294648
00010 459419384
00010 460908012
00010 461844312
00010 465163038
00010 467935548
00010 468126530
00010 468136202
00010 468743960
00010 469980682
00010 471047780
00010 472859804
00010 477188170
00010 477459288
00010 481847814
00010 484800796
00010 487047534
00010 487767354
00010 488918706
00010 490328316
00010 492417102
00010 493417084
00010 495388444
00010 497803288
00010 498118142
00010 498250122
00010 501630864
00010 502287772
00010 504434860
00010 506231940
00010 507872164
00010 512924070
00010 513938522
00010 516290120
00010 520558340
00010 521367460
00010 521663310
00010 525859088
00010 532061802
00010 533347312
00010 534830326
00010 535129666
00010 540372176
00010 542791222
00010 544037864
00010 556572444
00010 559928604
00010 562792044
00010 563111136
00010 564069252
00010 565760418
00010 572544700
00010 574013180
00010 574818986
00010 575291226
00010 577316240
00010 579462326
00010 582031198
00010 583798278
00010 586380170
00010 586727192
00010 589084094
00010 590504134
00010 593355600
00010 593815026
00010 595609598
00010 601750998
00010 603506438
00010 603692006
00010 610258490
00010 611227248
00010 611951824
00010 613468276
00010 616212816
00010 616972862
00010 619066664
00010 619497544
00010 621540272
00010 623660392
00010 625909846
00010 626160440
00010 629182212
00010 629298876
00010 629368086
00010 631426950
00010 631992924
00010 632721252
00010 634402940
00010 635461770
00010 637128784
00010 637608978
00010 639754540
00010 642014054
00010 644007818
00010 649140394
00010 649930176
00010 650981818
00010 652329766
00010 656278240
00010 658885920
00010 659127006
00010 661595486
00010 662113874
00010 663238742
00010 669645790
00010 670162622
00010 673167454
00010 674112000
00010 678771744
00010 679035828
00010 679089254
00010 680098212
00010 687796468
00010 688976802
00010 693974792
00010 693979664
00010 694749396
00010 695518884
00010 698429780
00010 702794046
00010 704728206
00010 705908132
00010 706148092
00010 708679940
00010 708681004
00010 710670024
00010 714042416
00010 719130208
00010 722168172
00010 722431182
00010 726644092
00010 731642974
00010 734081456
00010 738297414
00010 741395274
00010 742224500
00010 747458844
00010 749257622
00010 750631778
00010 755745594
00010 758302186
00010 759758980
00010 760187414
00010 760306970
00010 760646934
00010 760924650
00010 763484736
00010 764741162
00010 766280604
00010 769339480
00010 778091960
00010 778148484
00010 778387152
00010 782579338
00010 790101004
00010 790598228
00010 793104558
00010 794685564
00010 799648476
00010 799681886
00010 800102160
00010 800436532
00010 808552362
00010 812306556
00010 814783498
00010 816257560
00010 817554672
00010 819711480
00010 826773204
00010 827526252
00010 827843796
00010 830412772
00010 831353056
00010 833685050
00010 833708430
00010 835612152
00010 836063306
00010 836831996
00010 839202886
00010 840343414
00010 844572590
00010 846693436
00010 851739614
00010 854032406
00010 860120026
00010 860348546
00010 860538116
00010 861310124
00010 863117368
00010 863724900
00010 864454484
00010 865821102
00010 866231834
00010 866247360
00010 866886212
00010 867034312
00010 867044332
00010 867252002
00010 868540518
00010 869925426
00010 871824222
00010 876538312
00010 878385324
00010 881769272
00010 884309358
00010 884643916
00010 890337578
00010 890442780
00010 890579776
00010 891442114
00010 897794596
00010 901244650
00010 901448790
00010 901848902
00010 903655688
00010 903870954
00010 905663356
00010 906455228
00010 909452130
00010 910471938
00010 911402818
00010 911408390
00010 912835828
00010 917287836
00010 917968166
00010 919291496
00010 919785636
00010 919852216
00010 920676168
00010 921444780
00010 924346812
00010 924867690
00010 925665314
00010 925712636
00010 926312510
00010 927339892
00010 927631570
00010 928328872
00010 934998754
00010 935284198
00010 936718996
00010 938127578
00010 938550414
00010 942614170
00010 947761834
00010 949628694
00010 950320790
00010 953264440
00010 954537946
00010 958269346
00010 958707714
00010 961326266
00010 964715984
00010 965806720
00010 966758020
00010 970391594
00010 971014010
00010 972961948
00010 985987188
00010 986488162
00010 986489484
00010 987122788
00010 987235926
00010 990008206
00010 990855380
00010 996256616
00010 999977632
