00010 5835022
00010 15420856
00010 16224128
00010 16709184
00010 17145844
00010 17307886
00010 17890382
00010 20302394
00010 23360676
00010 24614520
00010 29269944
00010 30065878
00010 31312400
00010 34006754
00010 35359200
00010 38575790
00010 39667614
00010 46560002
00010 55345994
00010 58114282
00010 58653484
00010 59007442
00010 59826574
00010 67956122
00010 69481650
00010 72175810
00010 74239856
00010 74617004
00010 79918904
00010 85818324
00010 86311070
00010 90349674
00010 90405044
00010 92797862
00010 94658632
00010 97057010
00010 97709202
00010 98777518
00010 99712136
00010 102884782
00010 103575712
00010 104337206
00010 104557446
00010 111633604
00010 114304688
00010 115626410
00010 116611284
00010 118461134
00010 118808276
00010 123510508
00010 125741728
00010 127749558
00010 128636198
00010 130404476
00010 138484582
00010 144476552
00010 148254050
00010 148762296
00010 150332364
00010 154413072
00010 154933758
00010 158063344
00010 164720016
00010 166705236
00010 168243874
00010 171866728
00010 175573170
00010 176175904
00010 176947054
00010 182920718
00010 184747066
00010 187158622
00010 187791182
00010 189974022
00010 191321632
00010 202743188
00010 204253140
00010 205148540
00010 211664104
00010 212204514
00010 212487508
00010 213067810
00010 213415438
00010 214153202
00010 217415374
00010 217771230
00010 222071720
00010 222444532
00010 222918038
00010 223818278
00010 225155530
00010 227379808
00010 227841318
00010 229198628
00010 230674084
00010 233720364
00010 234775824
00010 235087010
00010 236901862
00010 238894216
00010 239345986
00010 244121618
00010 244135634
00010 246554110
00010 248730792
00010 248950526
00010 250492912
00010 250541092
00010 254044594
00010 254151204
00010 255535354
00010 255774426
00010 255822386
00010 256624302
00010 256729024
00010 258946854
00010 260701526
00010 261128898
00010 266077984
00010 267038410
00010 267170954
00010 269033502
00010 271993210
00010 272987986
00010 274421738
00010 274955618
00010 277622626
00010 284960880
00010 287204014
00010 287401014
00010 295330156
00010 296094514
00010 297093422
00010 299439572
00010 299939510
00010 300882750
00010 301272266
00010 301597210
00010 301619506
00010 301894932
00010 303414328
00010 303490936
00010 306936090
00010 307087150
00010 312756624
00010 316257116
00010 318701210
00010 322318586
00010 322741338
00010 323267232
00010 326109714
00010 328250984
00010 333807538
00010 340264732
00010 340269710
00010 341123624
00010 343864152
00010 344761222
00010 349269000
00010 349400604
00010 354586254
00010 367589174
00010 371008706
00010 371292892
00010 380159380
00010 380348028
00010 384603818
00010 389971174
00010 390850912
00010 391983994
00010 394187130
00010 397776898
00010 397996430
00010 407574988
00010 408145186
00010 409116586
00010 411468364
00010 413076062
00010 415781078
00010 420122918
00010 421856282
00010 422843946
00010 422862814
00010 433034622
00010 433053202
00010 433752708
00010 434838666
00010 437117346
00010 441427188
00010 441922070
00010 444574216
00010 445457706
00010 446912910
00010 451681158
00010 453171930
00010 453334726
00010 453612912
00010 454485844
00010 459592904
00010 461174332
00010 461885652
00010 462029400
00010 464679338
00010 470464396
00010 471294300
00010 471952818
00010 477391498
00010 480048888
00010 480580890
00010 481533072
00010 482804564
00010 483740508
00010 492405212
00010 493661806
00010 497805608
00010 499125288
00010 500948304
00010 502195464
00010 503858850
00010 503911426
00010 503976242
00010 507024116
00010 508767756
00010 508818710
00010 513973822
00010 518610342
00010 523318288
00010 524980318
00010 527194956
00010 527462166
00010 537131780
00010 537175400
00010 537271754
00010 537410790
00010 540075656
00010 540192356
00010 544381206
00010 553274368
00010 553575832
00010 553591642
00010 554738630
00010 555044710
00010 556687158
00010 557304374
00010 564569312
00010 565218368
00010 571893906
00010 573704264
00010 573709198
00010 575145444
00010 576566702
00010 576802984
00010 588515986
00010 593264910
00010 596071782
00010 604520944
00010 604826988
00010 606684538
00010 607148360
00010 609474832
00010 610696696
00010 611764922
00010 611955152
00010 613947996
00010 615469632
00010 615920110
00010 616793050
00010 622487878
00010 622851628
00010 622980998
00010 623008902
00010 623116728
00010 624434806
00010 625539674
00010 626551250
00010 640391330
00010 641581480
00010 641856914
00010 645039874
00010 646860084
00010 651026110
00010 655477604
00010 657605024
00010 660983752
00010 662750474
00010 666021032
00010 667757066
00010 671579602
00010 672148570
00010 674228368
00010 676849856
00010 679611378
00010 680742680
00010 681009752
00010 681104902
00010 683277822
00010 685493968
00010 685495080
00010 695869832
00010 695953582
00010 699803710
00010 701785038
00010 702046998
00010 702154996
00010 704117024
00010 706659674
00010 710010084
00010 710894084
00010 710980798
00010 710982062
00010 717636904
00010 719191078
00010 722454552
00010 724536060
00010 729899702
00010 729916652
00010 731130282
00010 731588806
00010 731859332
00010 735914194
00010 738664668
00010 739028858
00010 739865160
00010 740560106
00010 742055112
00010 742246658
00010 751076302
00010 757990012
00010 761270056
00010 764452746
00010 765678170
00010 766729460
00010 768856174
00010 769219496
00010 770849810
00010 772982588
00010 777555698
00010 778385802
00010 780342046
00010 786167556
00010 788446494
00010 789766222
00010 790624328
00010 790654248
00010 792677568
00010 792726824
00010 793739492
00010 795637670
00010 799090340
00010 803746738
00010 805130310
00010 812649900
00010 812994504
00010 815611008
00010 816162630
00010 816280538
00010 817245630
00010 819760536
00010 819787318
00010 823115096
00010 824358268
00010 825393728
00010 828609566
00010 831120988
00010 832188556
00010 832959486
00010 837220894
00010 838533330
00010 838542966
00010 840511614
00010 841429838
00010 843111434
00010 849528686
00010 850321118
00010 852819660
00010 852955884
00010 855537094
00010 857550268
00010 860131858
00010 860133820
00010 860394900
00010 860484808
00010 861132256
00010 861306224
00010 863667626
00010 868323540
00010 869222234
00010 869569806
00010 873831320
00010 874515596
00010 875489986
00010 879459878
00010 880750252
00010 881405178
00010 884508982
00010 885834976
00010 885940728
00010 888578364
00010 890908172
00010 893905666
00010 895863894
00010 897474426
00010 898985940
00010 901466914
00010 902980898
00010 903757466
00010 906998428
00010 908346576
00010 910428230
00010 912114184
00010 914586906
00010 916159658
00010 916771118
00010 927337744
00010 928030074
00010 928469666
00010 928646390
00010 937704032
00010 939168098
00010 942556486
00010 944276668
00010 951001578
00010 951253344
00010 956346350
00010 960389818
00010 961584598
00010 967429608
00010 969617888
00010 969846902
00010 970622164
00010 970982102
00010 971176500
00010 971264806
00010 973525704
00010 977842816
00010 982022086
00010 982643954
00010 989488306
00010 991603236
00010 994527218
00010 995694614
00010 996751460
00010 997996986
00010 1973778
00010 2127684
00010 2276158
00010 2303978
00010 2671190
00010 4566920
00010 7981000
00010 9139606
00010 9447146
00010 11047238
00010 12102292
00010 12456998
00010 13079006
00010 14793280
00010 22286828
00010 22339938
00010 22772744
00010 24983704
00010 27941346
00010 29295562
00010 32505570
00010 32875040
00010 42245248
00010 43995838
00010 54218152
00010 54782980
00010 54914492
00010 56067724
00010 60492410
00010 64826626
00010 65387892
00010 69620512
00010 73196316
00010 73988928
00010 75866294
00010 77997494
00010 80581424
00010 81192604
00010 81194548
00010 81506332
00010 84083618
00010 84521556
00010 86016238
00010 88321908
00010 91382640
00010 91426992
00010 92385714
00010 96121608
00010 96979754
00010 100564812
00010 101673182
00010 104336396
00010 106433230
00010 107238862
00010 112762106
00010 112933668
00010 113462272
00010 113808892
00010 115063868
00010 118244194
00010 118901352
00010 119618844
00010 121488118
00010 128961810
00010 131694954
00010 131697430
00010 131927466
00010 132521208
00010 133398994
00010 137190818
00010 137543570
00010 138091900
00010 139145284
00010 139976442
00010 142697866
00010 146645558
00010 148812358
00010 150122460
00010 150867710
00010 150965482
00010 153593938
00010 153698878
00010 157349306
00010 158806194
00010 159274722
00010 161798156
00010 161800538
00010 170107578
00010 170260008
00010 172083512
00010 173240682
00010 174016110
00010 174166146
00010 175089296
00010 177491424
00010 179672444
00010 180009546
00010 189976048
00010 192737770
00010 199107854
00010 200731020
00010 203393394
00010 207506564
00010 211858298
00010 215307348
00010 218710588
00010 219246052
00010 221804086
00010 224106380
00010 224234136
00010 226383498
00010 226527502
00010 228583856
00010 230342536
00010 231180966
00010 233131354
00010 233239126
00010 233336958
00010 234569532
00010 238717964
00010 244156470
00010 246011356
00010 246373450
00010 246588498
00010 247027924
00010 247862416
00010 251565876
00010 257108754
00010 259128134
00010 259198106
00010 259846746
00010 260568682
00010 260892404
00010 261417010
00010 270889006
00010 271911384
00010 274376260
00010 274692798
00010 280302966
00010 285095612
00010 286901126
00010 287139668
00010 289737264
00010 294962634
00010 295064318
00010 295714392
00010 295856786
00010 296975174
00010 297249474
00010 307013576
00010 308527976
00010 309825164
00010 312484072
00010 313152524
00010 322096052
00010 323249856
00010 323258994
00010 325142416
00010 327958096
00010 329274222
00010 330047972
00010 334144680
00010 335101020
00010 336688390
00010 344224996
00010 344323738
00010 346448142
00010 348101672
00010 348985684
00010 349309894
00010 349560404
00010 349845406
00010 350469984
00010 350939602
00010 351605920
00010 351932500
00010 352450670
00010 356981880
00010 357604234
00010 359595046
00010 362831906
00010 363544528
00010 366567982
00010 366654974
00010 370014434
00010 370492998
00010 376845732
00010 379232800
00010 380416354
00010 380521648
00010 380594114
00010 384221646
00010 388421856
00010 390114482
00010 391030988
00010 392004474
00010 393395828
00010 393400072
00010 393402130
00010 394216568
00010 398058890
00010 403028954
00010 406156404
00010 407156288
00010 409439236
00010 411026456
00010 412440312
00010 413298228
00010 414644946
00010 422483338
00010 422955382
00010 426851758
00010 428934794
00010 430265018
00010 431214672
00010 432164488
00010 432224434
00010 435530246
00010 437017264
00010 439480058
00010 440769380
00010 440805082
00010 446434544
00010 450456932
00010 451344748
00010 452396692
00010 453066562
00010 453683544
00010 456550914
00010 457292352
00010 457637794
00010 458221250
00010 460439748
00010 469035034
00010 470379626
00010 470538554
00010 473306914
00010 474093112
00010 477839748
00010 477933322
00010 480170628
00010 480814602
00010 492272186
00010 494364936
00010 495759064
00010 499144364
00010 499221314
00010 501669630
00010 502240664
00010 509582744
00010 511726086
00010 512584266
00010 514248292
00010 514593902
00010 517048578
00010 517719810
00010 517854754
00010 522926148
00010 523105644
00010 524452172
00010 526866510
00010 528099386
00010 530335604
00010 531180624
00010 533211424
00010 536217244
00010 536686776
00010 541461288
00010 542071054
00010 545233692
00010 550882214
00010 551554838
00010 551699130
00010 554357104
00010 555251086
00010 559553820
00010 559858890
00010 560269680
00010 562283112
00010 565643250
00010 568716888
00010 572747228
00010 572827674
00010 577670468
00010 577941806
00010 578251264
00010 580413510
00010 591281384
00010 595891154
00010 600067052
00010 607217324
00010 611341824
00010 614771066
00010 615173258
00010 617786744
00010 618431408
00010 618631658
00010 619132002
00010 619797608
00010 622710120
00010 624071104
00010 628388772
00010 629241444
00010 636766970
00010 642715950
00010 653546824
00010 655209460
00010 656464290
00010 657810610
00010 660141472
00010 665017798
00010 666549580
00010 669998300
00010 681475966
00010 686991180
00010 687691574
00010 688425362
00010 689916886
00010 690449254
00010 691056828
00010 691277172
00010 693095878
00010 693729458
00010 697514328
00010 698468280
00010 699670350
00010 701996394
00010 702667660
00010 705476478
00010 705479332
00010 706811598
00010 706948540
00010 711906870
00010 712127558
00010 716188708
00010 719171402
00010 719986216
00010 720369328
00010 722261570
00010 727724518
00010 728171576
00010 731221258
00010 732028780
00010 735143750
00010 735315288
00010 735324678
00010 741823248
00010 741932510
00010 744551514
00010 745468210
00010 746497806
00010 747695560
00010 747904272
00010 755875988
00010 756971754
00010 759837296
00010 763351368
00010 763887202
00010 764395736
00010 767076236
00010 767127064
00010 768521822
00010 769882922
00010 771250004
00010 776089746
00010 777918886
00010 783742272
00010 785395974
00010 789384802
00010 795755212
00010 796449030
00010 802453326
00010 803580194
00010 805050808
00010 805654090
00010 805952096
00010 808668108
00010 822977126
00010 824028838
00010 825174052
00010 830504628
00010 834079062
00010 836989280
00010 838279638
00010 839655592
00010 841183266
00010 841324170
00010 842911236
00010 845129992
00010 850548452
00010 851260790
00010 853339582
00010 854871568
00010 861291712
00010 865570014
00010 866439732
00010 867758628
00010 871071298
00010 879687942
00010 888740426
00010 889972464
00010 891630874
00010 892785516
00010 895444330
00010 895947836
00010 896884210
00010 898024084
00010 900942478
00010 901378842
00010 902403440
00010 904062848
00010 907815078
00010 908273632
00010 909277218
00010 910579130
00010 912481770
00010 914094336
00010 917420942
00010 921336626
00010 921340110
00010 923471476
00010 924022232
00010 924203094
00010 928863028
00010 929046618
00010 929241302
00010 930334304
00010 934493722
00010 935824488
00010 936468204
00010 937863224
00010 943091880
00010 943713242
00010 944802788
00010 946457996
00010 946776748
00010 947435932
00010 947590750
00010 949160312
00010 949272382
00010 951365598
00010 953675346
00010 954849838
00010 961930862
00010 965845952
00010 966395532
00010 966409622
00010 967272544
00010 969981516
00010 971647404
00010 974433628
00010 976632510
00010 977142802
00010 978163846
00010 979089018
00010 979610772
00010 982090388
00010 983961692
00010 985900554
00010 993830520
00010 996148306
00010 997396286
00010 997401654
00010 765646
00010 5061268
00010 8186008
00010 8850346
00010 10713986
00010 11341724
00010 19790408
00010 20278014
00010 22215940
00010 23589964
00010 23697018
00010 24193684
00010 24199610
00010 27326468
00010 27336670
00010 29190036
00010 33458752
00010 35041982
00010 35315070
00010 35795188
00010 38024988
00010 40550472
00010 40553082
00010 40658288
00010 41974442
00010 42818516
00010 42864020
00010 43352992
00010 44423798
00010 50397038
00010 50957614
00010 52267890
00010 53035438
00010 53046168
00010 54353174
00010 60126032
00010 60801462
00010 60836276
00010 61063330
00010 61479688
00010 62234360
00010 62603086
00010 63431150
00010 64142768
00010 65702978
00010 69792038
00010 71798480
00010 78467990
00010 80027636
00010 81439886
00010 81788378
00010 86522726
00010 87412784
00010 87724076
00010 88078456
00010 93775936
00010 94272160
00010 96495234
00010 97848754
00010 100004550
00010 102448802
00010 111216794
00010 111890098
00010 114540800
00010 115805932
00010 118741434
00010 120785778
00010 125289090
00010 132967694
00010 139941490
00010 141406824
00010 141959874
00010 143293822
00010 145211758
00010 147156054
00010 155836578
00010 157423426
00010 159091422
00010 159092940
00010 161747988
00010 161877596
00010 163502686
00010 164311182
00010 164339534
00010 164814752
00010 165541770
00010 166213260
00010 166278274
00010 166308438
00010 167087442
00010 170507286
00010 175003758
00010 179088810
00010 179763646
00010 181371310
00010 187599886
00010 187862272
00010 188064652
00010 191065784
00010 192126940
00010 194296950
00010 195693772
00010 197725728
00010 198584950
00010 203689824
00010 210953942
00010 212218106
00010 213323942
00010 217857124
00010 219136058
00010 221487250
00010 222751886
00010 222829896
00010 224880598
00010 225438944
00010 225520580
00010 228033554
00010 229791834
00010 231535768
00010 243358604
00010 243451400
00010 243751444
00010 243920230
00010 244527514
00010 244593734
00010 247769844
00010 247973490
00010 250422854
00010 254443788
00010 258780296
00010 259175466
00010 261005044
00010 262015446
00010 265600224
00010 268597262
00010 269137962
00010 272160752
00010 274045092
00010 276403330
00010 276526774
00010 281704994
00010 281729270
00010 286411790
00010 286462180
00010 288623516
00010 290310798
00010 290351528
00010 291959064
00010 292313026
00010 292942630
00010 293500696
00010 295246392
00010 295672588
00010 296477646
00010 299078354
00010 307029232
00010 309104812
00010 309154726
00010 311840264
00010 312932962
00010 313933734
00010 314513138
00010 320003936
00010 320397940
00010 320446432
00010 322460518
00010 324714370
00010 326763310
00010 329756560
00010 331259850
00010 331697820
00010 332146508
00010 333415410
00010 336773666
00010 341213352
00010 341438842
00010 341740918
00010 342242930
00010 342692774
00010 344579656
00010 344759322
00010 347954342
00010 352008624
00010 352424784
00010 354017648
00010 358782998
00010 362022324
00010 363317846
00010 365301020
00010 373882738
00010 375085600
00010 375114428
00010 380574950
00010 382071094
00010 382411728
00010 383459886
00010 386379150
00010 387249156
00010 388250744
00010 392024956
00010 392223628
00010 393903190
00010 394577280
00010 401403324
00010 403132598
00010 404004730
00010 406976112
00010 408240738
00010 408242348
00010 409795322
00010 410781676
00010 410878928
00010 411006968
00010 415480626
00010 417824294
00010 418526684
00010 421068680
00010 425200874
00010 426743168
00010 428764722
00010 428961610
00010 429390240
00010 430914588
00010 430963006
00010 434007112
00010 441384988
00010 444612406
00010 445648586
00010 447409964
00010 451460290
00010 453796106
00010 458327152
00010 459795314
00010 461464756
00010 461468234
00010 463603096
00010 463983204
00010 466905932
00010 470493040
00010 472713200
00010 478219348
00010 478936738
00010 482798910
00010 485730312
00010 485941080
00010 486758594
00010 486910596
00010 488727888
00010 491790220
00010 492780510
00010 492852732
00010 497678982
00010 501045608
00010 501300486
00010 502172684
00010 511404714
00010 512296198
00010 512833682
00010 514625438
00010 515840756
00010 518783322
00010 519779334
00010 523796812
00010 524512258
00010 524872782
00010 527814814
00010 530433040
00010 538029932
00010 540111810
00010 540995140
00010 541503328
00010 541762820
00010 543975882
00010 555722706
00010 555754162
00010 557162222
00010 557207672
00010 557614054
00010 558305520
00010 560158844
00010 560304464
00010 561260308
00010 561675896
00010 564010590
00010 565925958
00010 569400840
00010 572152600
00010 572201640
00010 577455838
00010 581177406
00010 582600912
00010 585430192
00010 588708110
00010 590312162
00010 591379732
00010 593001156
00010 594826334
00010 595681302
00010 596735212
00010 599792298
00010 600808624
00010 601895986
00010 606574756
00010 607509346
00010 611546918
00010 612914090
00010 612968466
00010 614837882
00010 620416944
00010 624770974
00010 627001746
00010 629485090
00010 630993970
00010 635492678
00010 641272280
00010 642709106
00010 645585750
00010 650095626
00010 657025320
00010 657628444
00010 661797644
00010 663261726
00010 665677314
00010 666483790
00010 669675694
00010 670210282
00010 672466762
00010 673943242
00010 678671620
00010 680327998
00010 682493412
00010 683300280
00010 684993766
00010 685268294
00010 686093890
00010 687283742
00010 687875980
00010 689525466
00010 696814010
00010 699183656
00010 699357334
00010 702660306
00010 706772004
00010 710891304
00010 717240678
00010 719407604
00010 719798924
00010 722222668
00010 724317650
00010 729354522
00010 732837748
00010 733285612
00010 733287872
00010 733706638
00010 734022060
00010 734669730
00010 746167560
00010 746373822
00010 746401038
00010 752637510
00010 753754208
00010 753756400
00010 754102594
00010 754607568
00010 759163200
00010 759802824
00010 761754856
00010 763650666
00010 767525164
00010 769384064
00010 771684900
00010 772627756
00010 773431406
00010 774261108
00010 776104856
00010 776899882
00010 778031830
00010 778449486
00010 780149852
00010 780211480
00010 783159464
00010 784918306
00010 786585372
00010 789891844
00010 793881932
00010 793887814
00010 794275250
00010 796571254
00010 801634334
00010 803160630
00010 803191154
00010 803898588
00010 805313416
00010 805514756
00010 805612820
00010 806489170
00010 806491324
00010 807552566
00010 808201528
00010 809533534
00010 811074210
00010 811897400
00010 816091414
00010 818056492
00010 822636644
00010 830203678
00010 834238326
00010 835688510
00010 837285080
00010 841312702
00010 845057972
00010 845562978
00010 846475210
00010 846855022
00010 853234906
00010 854720498
00010 855348298
00010 857484704
00010 858051636
00010 858733170
00010 859176712
00010 860720508
00010 863696352
00010 865716718
00010 870105732
00010 871076562
00010 874919446
00010 875337594
00010 875466894
00010 880761952
00010 882441270
00010 882524254
00010 883995470
00010 884646910
00010 885764602
00010 887872468
00010 891594294
00010 894034102
00010 894497296
00010 894601486
00010 895367796
00010 897754400
00010 898094706
00010 898906352
00010 899236260
00010 899421616
00010 910166864
00010 922244328
00010 924685740
00010 924751346
00010 925099920
00010 930244718
00010 932486442
00010 936309710
00010 936563130
00010 939090858
00010 941711464
00010 942921736
00010 944160252
00010 945313808
00010 949702390
00010 949848952
00010 951012182
00010 952203244
00010 952522522
00010 954438230
00010 956320234
00010 957332542
00010 958515918
00010 960234498
00010 969240284
00010 969923128
00010 972174024
00010 975036272
00010 976792136
00010 977781206
00010 978694018
00010 983387194
00010 983505938
00010 984149488
00010 987369140
00010 988092932
00010 988817176
00010 989247302
00010 989619908
00010 989627086
00010 992664084
00010 994671884
00010 995376118
00010 997011936
00010 3669168
00010 3907016
00010 4735936
00010 5401330
00010 9217360
00010 9246640
00010 11187188
00010 11822482
00010 14727966
00010 16536022
00010 16742324
00010 16757192
00010 18995326
00010 20249424
00010 21550200
00010 22509860
00010 26743564
00010 28995018
00010 29732728
00010 30362884
00010 32223926
00010 33449656
00010 42010940
00010 43668336
00010 44486442
00010 45984788
00010 51954728
00010 53666296
00010 58489778
00010 60653280
00010 64915080
00010 65988096
00010 66122974
00010 66646180
00010 69067648
00010 71026734
00010 71128442
00010 72098086
00010 72600728
00010 74066156
00010 75576370
00010 77511326
00010 80423212
00010 81089856
00010 84647600
00010 87046284
00010 87093276
00010 91688984
00010 92297248
00010 95318390
00010 95760628
00010 98120834
00010 98816952
00010 100541102
00010 100912302
00010 101501988
00010 101502982
00010 102584916
00010 106653372
00010 108729212
00010 111651240
00010 118633672
00010 120101498
00010 122377490
00010 122448864
00010 124384226
00010 124395698
00010 125820460
00010 126874086
00010 127868864
00010 129529602
00010 129694126
00010 133640262
00010 136142636
00010 140981632
00010 142256848
00010 142280250
00010 144977990
00010 145811758
00010 147579562
00010 150452122
00010 150770172
00010 151840102
00010 155809150
00010 157985504
00010 158443778
00010 161381802
00010 161946084
00010 162463976
00010 168548966
00010 173023616
00010 173913922
00010 184803872
00010 184806170
00010 188436768
00010 189336424
00010 190474690
00010 191622310
00010 193529710
00010 199313864
00010 200278610
00010 200715580
00010 201987262
00010 203260706
00010 206664976
00010 207515528
00010 209368826
00010 211544246
00010 211682226
00010 214273908
00010 225945008
00010 234165378
00010 235280860
00010 238755396
00010 238756528
00010 239594652
00010 239794720
00010 241196488
00010 249275730
00010 254835404
00010 255220214
00010 257380952
00010 259214606
00010 260534264
00010 261015172
00010 262895142
00010 266245158
00010 267582290
00010 267761378
00010 271926698
00010 275793274
00010 276733448
00010 277018828
00010 278785964
00010 280874038
00010 285180258
00010 290993788
00010 291259794
00010 292204650
00010 292616286
00010 292640274
00010 292968532
00010 294293252
00010 295505728
00010 296364404
00010 299317656
00010 299830014
00010 301354972
00010 302503162
00010 302533374
00010 302740992
00010 303938576
00010 304900178
00010 306617248
00010 307464534
00010 308430556
00010 310096104
00010 310843102
00010 312206880
00010 312720172
00010 312872544
00010 313818108
00010 317660974
00010 319867740
00010 323665362
00010 329107106
00010 331094764
00010 331221638
00010 332698174
00010 340697172
00010 342997824
00010 344503374
00010 349541884
00010 350163832
00010 350166190
00010 354746922
00010 354757288
00010 355100036
00010 355394930
00010 361162210
00010 361735524
00010 361798334
00010 362119196
00010 365575100
00010 366329562
00010 371787234
00010 372970124
00010 383409732
00010 385600588
00010 386064702
00010 386476118
00010 388709166
00010 389927608
00010 390688716
00010 391286664
00010 391639572
00010 396876866
00010 396904920
00010 399397314
00010 399776694
00010 400364042
00010 403227226
00010 403956734
00010 404022734
00010 404561154
00010 411832460
00010 412558438
00010 415259858
00010 419487914
00010 421925818
00010 423616262
00010 425850172
00010 427661196
00010 429387326
00010 434945262
00010 440817488
00010 442928066
00010 443537252
00010 443550766
00010 444862630
00010 447118474
00010 448243450
00010 449494174
00010 450794720
00010 451321560
00010 451322582
00010 454214122
00010 458984708
00010 461307810
00010 462152888
00010 465910748
00010 466146782
00010 466865694
00010 468431276
00010 471533674
00010 471599500
00010 475280942
00010 475495614
00010 475872470
00010 476696064
00010 477113380
00010 483824146
00010 493424594
00010 499171510
00010 500452546
00010 501823414
00010 502642898
00010 508446920
00010 509231848
00010 514541992
00010 518448484
00010 522534410
00010 524742528
00010 527316184
00010 530026792
00010 530531680
00010 532071106
00010 532340714
00010 532886880
00010 538159824
00010 539246212
00010 539556150
00010 542643502
00010 543375332
00010 544234122
00010 545444136
00010 545855470
00010 547715852
00010 547970530
00010 548662276
00010 549660206
00010 549876510
00010 551062784
00010 554198884
00010 559220360
00010 559687298
00010 563632832
00010 563791480
00010 565009352
00010 565013690
00010 567164042
00010 567543864
00010 567658744
00010 568352566
00010 568747974
00010 572074842
00010 572164948
00010 572940764
00010 574465002
00010 574798556
00010 576340688
00010 578224350
00010 579333438
00010 589269408
00010 592680602
00010 593056704
00010 593257226
00010 594373316
00010 595146878
00010 597759400
00010 601270392
00010 602396344
00010 602685260
00010 603498522
00010 604115400
00010 605048280
00010 606060828
00010 608049928
00010 612603846
00010 619798832
00010 624132250
00010 630233570
00010 633648414
00010 639223580
00010 639394570
00010 640226984
00010 642132932
00010 644925638
00010 645332272
00010 647410226
00010 648213350
00010 650994618
00010 653852010
00010 654227730
00010 658493346
00010 659051480
00010 661364744
00010 661457548
00010 662248718
00010 662731300
00010 665639876
00010 666182736
00010 666923718
00010 667771282
00010 672488806
00010 673239832
00010 674665632
00010 677153498
00010 685604872
00010 687306484
00010 690485522
00010 690492914
00010 692401744
00010 692483154
00010 696487814
00010 700243312
00010 700472784
00010 701702482
00010 702941466
00010 704116614
00010 704461684
00010 706220008
00010 707039542
00010 708116356
00010 708432116
00010 709909448
00010 711067702
00010 712818578
00010 713803002
00010 713871454
00010 714434500
00010 716063094
00010 716723242
00010 721534768
00010 722528588
00010 725218084
00010 725473704
00010 727419340
00010 733703626
00010 733939714
00010 737973944
00010 742458554
00010 742881788
00010 743353124
00010 745430764
00010 748471118
00010 748618262
00010 749055298
00010 755712232
00010 757142436
00010 757431004
00010 757700494
00010 758667652
00010 761406158
00010 763516142
00010 765415382
00010 769663792
00010 769841144
00010 771750010
00010 773788048
00010 775885516
00010 781387852
00010 782370396
00010 782399408
00010 783909296
00010 785075288
00010 785415798
00010 786514304
00010 786680382
00010 788223626
00010 790903468
00010 793695554
00010 800273542
00010 803750186
00010 805093598
00010 806514524
00010 806966106
00010 807154174
00010 807376904
00010 807927758
00010 813943876
00010 818947612
00010 823503880
00010 825267590
00010 826542928
00010 827279708
00010 829685188
00010 833088506
00010 835213582
00010 838297376
00010 839241238
00010 840160550
00010 840253116
00010 843095312
00010 846703086
00010 846721906
00010 848631136
00010 851759496
00010 853511722
00010 856962396
00010 857128544
00010 857367208
00010 859359186
00010 859856182
00010 860145928
00010 862672530
00010 867371890
00010 868122804
00010 871956192
00010 872650420
00010 877145110
00010 880969846
00010 889622714
00010 890146786
00010 891561508
00010 893171940
00010 894316436
00010 894951662
00010 895259662
00010 904041886
00010 906315984
00010 909474600
00010 917420694
00010 919916126
00010 927232256
00010 927705664
00010 928118242
00010 929586016
00010 932553932
00010 938607448
00010 939176286
00010 941192952
00010 942929764
00010 943298214
00010 943785190
00010 950949024
00010 953014252
00010 954680650
00010 955182514
00010 955644772
00010 959187186
00010 962769184
00010 967662820
00010 967758696
00010 967794016
00010 974131646
00010 978279282
00010 979015358
00010 983651452
00010 984682742
00010 989667264
00010 992511228
00010 992548652
00010 994949106
00010 995455296
00010 996002604
00010 996526982
00010 392112
00010 2822874
00010 6452190
00010 14004038
00010 14274496
00010 15846542
00010 20236978
00010 23749700
00010 25416656
00010 26528052
00010 27391718
00010 27906124
00010 29747036
00010 38813458
00010 38983914
00010 39878554
00010 40078678
00010 41925568
00010 43189554
00010 47213266
00010 47875610
00010 49576064
00010 49850990
00010 53731122
00010 53832394
00010 54927772
00010 59065948
00010 61047494
00010 62907660
00010 66364960
00010 66915910
00010 68641732
00010 69661364
00010 71274926
00010 73101768
00010 75333328
00010 76042272
00010 76955772
00010 79329070
00010 80845380
00010 81644260
00010 84281102
00010 85306384
00010 85665942
00010 86273498
00010 89515224
00010 90879846
00010 91146494
00010 92101512
00010 97555930
00010 98019794
00010 102041274
00010 105782266
00010 107981512
00010 108067802
00010 111616138
00010 112749488
00010 116316770
00010 116331402
00010 116482306
00010 117999348
00010 120544904
00010 122259082
00010 124511074
00010 130071796
00010 136317346
00010 141750456
00010 142221046
00010 146336880
00010 146875390
00010 147752304
00010 148497074
00010 149090504
00010 149990412
00010 150108430
00010 150357398
00010 155313120
00010 156214316
00010 159934836
00010 165145180
00010 165300722
00010 168116398
00010 168411812
00010 171808670
00010 174183520
00010 175436374
00010 176940660
00010 177608654
00010 177662736
00010 179440310
00010 180222334
00010 180382462
00010 182042344
00010 182527510
00010 183148196
00010 187596504
00010 188357810
00010 189665568
00010 192002122
00010 192399496
00010 192968514
00010 195202178
00010 198969804
00010 204028910
00010 205067140
00010 208330242
00010 209192136
00010 210285606
00010 210499538
00010 211573666
00010 216538494
00010 219730454
00010 220145794
00010 220498840
00010 228429140
00010 229674168
00010 230714018
00010 231520026
00010 231684046
00010 233985900
00010 234019546
00010 234443980
00010 235077564
00010 238294052
00010 245016324
00010 246298094
00010 246299686
00010 246677630
00010 247257462
00010 247981572
00010 251773886
00010 253347582
00010 254439154
00010 255784538
00010 256389586
00010 260861966
00010 261413244
00010 261898548
00010 262791366
00010 265701390
00010 267468972
00010 267816496
00010 270291938
00010 272541638
00010 273101136
00010 273348330
00010 276477746
00010 279162542
00010 279338420
00010 279471646
00010 282189318
00010 282440764
00010 287194370
00010 294596622
00010 294744256
00010 295660908
00010 300923764
00010 303023782
00010 311178186
00010 319148698
00010 319258744
00010 319749906
00010 322140172
00010 323918658
00010 325258654
00010 326053928
00010 327987360
00010 328626120
00010 330597710
00010 332067388
00010 336697052
00010 340020250
00010 346444616
00010 351433664
00010 351477440
00010 352772776
00010 355261124
00010 356631162
00010 357595714
00010 358049408
00010 358310340
00010 359151994
00010 359509100
00010 359853340
00010 362542964
00010 362878262
00010 364436806
00010 364635454
00010 365669156
00010 366593668
00010 367466336
00010 368460998
00010 369951196
00010 370489406
00010 371091170
00010 371143278
00010 371250896
00010 372143694
00010 372702934
00010 373534426
00010 377250412
00010 378400692
00010 379279402
00010 379468186
00010 381753056
00010 387684722
00010 392277176
00010 392560454
00010 393263464
00010 397123346
00010 400254236
00010 400438716
00010 401428942
00010 401568774
00010 403179884
00010 405749630
00010 406603722
00010 408368720
00010 408678866
00010 411314358
00010 412579972
00010 414382978
00010 415423008
00010 416436248
00010 417943874
00010 418765496
00010 421052890
00010 425301162
00010 425824114
00010 426618050
00010 428566362
00010 429385364
00010 430010878
00010 430087080
00010 437359350
00010 438170376
00010 443997848
00010 445205886
00010 446831820
00010 448203726
00010 449384240
00010 449630358
00010 450683482
00010 455852656
00010 456193614
00010 456444594
00010 462584656
00010 465289628
00010 467146912
00010 471097392
00010 473480868
00010 475522320
00010 475937518
00010 476594844
00010 480804398
00010 482375550
00010 483187984
00010 485969160
00010 486117840
00010 488978312
00010 489796456
00010 492035138
00010 494381448
00010 494710128
00010 496351992
00010 497235648
00010 497990756
00010 499292654
00010 509333308
00010 511864650
00010 512720256
00010 514363602
00010 516063836
00010 516179650
00010 516976864
00010 520649738
00010 524123092
00010 525458776
00010 526511680
00010 526767768
00010 526918110
00010 527590064
00010 530509198
00010 531337982
00010 532228322
00010 532501302
00010 533551566
00010 536418562
00010 536428022
00010 537627772
00010 538036884
00010 538559436
00010 539622924
00010 541432564
00010 543343260
00010 543537334
00010 546707756
00010 548144530
00010 548248440
00010 548282044
00010 551621788
00010 553430454
00010 554911238
00010 557946340
00010 558086040
00010 558410114
00010 558438330
00010 558582374
00010 558890294
00010 561754892
00010 561820966
00010 563525230
00010 570160806
00010 573648474
00010 577027526
00010 588745890
00010 594480866
00010 601057288
00010 603133746
00010 604100032
00010 605226910
00010 606982920
00010 607834456
00010 609956484
00010 610099516
00010 612871088
00010 612972166
00010 612982766
00010 613791254
00010 615323516
00010 616359464
00010 619057224
00010 619670644
00010 620348146
00010 626951384
00010 630378540
00010 631887174
00010 632263756
00010 633327352
00010 633809712
00010 635651142
00010 636513976
00010 638423270
00010 644558124
00010 647755042
00010 647831960
00010 651281628
00010 651881094
00010 653154828
00010 655011258
00010 661582918
00010 663112374
00010 664391240
00010 665242014
00010 665795072
00010 666878470
00010 667177102
00010 668144664
00010 668242148
00010 668254348
00010 669630184
00010 670804338
00010 671867260
00010 672078300
00010 672545680
00010 676299770
00010 679254334
00010 679290380
00010 680756650
00010 682907800
00010 683175510
00010 684457394
00010 685461814
00010 686896886
00010 688186808
00010 691795778
00010 694499504
00010 697577380
00010 699270672
00010 699434572
00010 699806740
00010 699980372
00010 710150744
00010 710527988
00010 711372700
00010 712912414
00010 716055394
00010 716385070
00010 717129486
00010 717800128
00010 723988768
00010 724289934
00010 730279592
00010 735238494
00010 738096644
00010 739457184
00010 739535634
00010 743232980
00010 749801134
00010 759644572
00010 759689514
00010 761580266
00010 762811446
00010 763094384
00010 766416674
00010 767097628
00010 770380292
00010 773391054
00010 777701250
00010 777702554
00010 780289512
00010 781061600
00010 783078686
00010 787167488
00010 788246780
00010 788346940
00010 788830324
00010 793241080
00010 794867898
00010 800886886
00010 801943350
00010 803859540
00010 803972856
00010 804495210
00010 805411458
00010 808866930
00010 809967372
00010 811577936
00010 813022268
00010 814263962
00010 814507778
00010 816692400
00010 817793698
00010 819747296
00010 824608712
00010 826379878
00010 829367186
00010 834513566
00010 838256396
00010 839542396
00010 843095784
00010 848726462
00010 850009316
00010 850453708
00010 852567368
00010 857081020
00010 858777082
00010 859242190
00010 859766086
00010 864146760
00010 864734390
00010 868266016
00010 869922274
00010 870043172
00010 872173790
00010 875128358
00010 875326368
00010 875338264
00010 888487208
00010 890783110
00010 894530414
00010 897098068
00010 897372076
00010 902389140
00010 904123184
00010 910298380
00010 911336292
00010 912627898
00010 915775240
00010 916165574
00010 917438486
00010 919387084
00010 919993986
00010 922780538
00010 923627000
00010 924800044
00010 928096108
00010 928244466
00010 929919372
00010 930901480
00010 930981206
00010 931236164
00010 931274044
00010 937412194
00010 938365138
00010 939796422
00010 940014600
00010 943648316
00010 943688796
00010 944154868
00010 944380422
00010 947314628
00010 951414826
00010 951626912
00010 952358930
00010 955456806
00010 955655064
00010 956033656
00010 957560006
00010 962409504
00010 963484198
00010 964222544
00010 968354396
00010 969696936
00010 973107190
00010 975061796
00010 975610370
00010 976184538
00010 976767504
00010 978226616
00010 982335130
00010 982534766
00010 983424154
00010 985870284
00010 989400534
00010 996876932
00010 997923324
00010 1841238
00010 4345722
00010 6011502
00010 7958468
00010 8673600
00010 9797010
00010 10050854
00010 10168416
00010 11120830
00010 11293282
00010 11683148
00010 16575184
00010 16859554
00010 17590630
00010 18337196
00010 20532198
00010 22279494
00010 24579382
00010 27141616
00010 28776914
00010 30052960
00010 32656862
00010 32719242
00010 33931966
00010 35021372
00010 35713358
00010 37200806
00010 41217606
00010 41701682
00010 42114280
00010 43505662
00010 43623248
00010 45267788
00010 46138314
00010 48985186
00010 49990868
00010 50441092
00010 51160158
00010 51905062
00010 53635734
00010 53718108
00010 58066804
00010 58396628
00010 61573224
00010 61613402
00010 65190220
00010 69508420
00010 72212154
00010 73082608
00010 74230138
00010 74405362
00010 79977680
00010 84007648
00010 86925442
00010 87308022
00010 89334846
00010 95567124
00010 95595198
00010 97298674
00010 98246424
00010 102351006
00010 105223366
00010 106615834
00010 107543976
00010 108260424
00010 108616384
00010 108936310
00010 108997536
00010 109377722
00010 113884016
00010 116235138
00010 116334586
00010 116342336
00010 117112044
00010 117841170
00010 118899722
00010 134786840
00010 135722110
00010 136753198
00010 139210120
00010 140456626
00010 140777150
00010 141656692
00010 142649162
00010 146692470
00010 148566820
00010 154838498
00010 156974756
00010 164078588
00010 166996746
00010 174074100
00010 176739158
00010 176958754
00010 183616572
00010 185117714
00010 185830914
00010 186683586
00010 187744158
00010 189106188
00010 190450998
00010 192643596
00010 192833994
00010 197982262
00010 199924922
00010 207988078
00010 216257010
00010 217442286
00010 221713494
00010 222160818
00010 224609376
00010 227154810
00010 229130838
00010 229333142
00010 230861818
00010 231879518
00010 232429168
00010 235101696
00010 237762140
00010 239594604
00010 240428022
00010 240843880
00010 243802672
00010 250181792
00010 251712488
00010 251768726
00010 254082270
00010 255296098
00010 258179668
00010 259854256
00010 261108744
00010 261961928
00010 265367912
00010 266306836
00010 266998626
00010 267743216
00010 269166066
00010 272043162
00010 273654366
00010 274830596
00010 279668246
00010 279674904
00010 282892690
00010 288286258
00010 289739354
00010 292255074
00010 293966406
00010 295773482
00010 295974026
00010 296292118
00010 299508386
00010 299743686
00010 299825584
00010 300074368
00010 300753228
00010 303284378
00010 303579010
00010 304490532
00010 306757732
00010 306785648
00010 307048460
00010 307748388
00010 309526830
00010 313846690
00010 313980320
00010 314175608
00010 315717766
00010 325521570
00010 326274582
00010 327706696
00010 333260584
00010 334864142
00010 334924358
00010 336710526
00010 338059126
00010 339188814
00010 340102638
00010 341078634
00010 343989932
00010 347369910
00010 348029082
00010 348818862
00010 348844858
00010 350778932
00010 354639230
00010 355840946
00010 357130838
00010 362707172
00010 363010190
00010 374883454
00010 375255392
00010 375844266
00010 376122268
00010 376605182
00010 378925608
00010 379589568
00010 380751538
00010 386319188
00010 387271798
00010 389556576
00010 391743796
00010 396354830
00010 401246674
00010 403155408
00010 406275628
00010 408220510
00010 411211860
00010 412804822
00010 413104402
00010 413692468
00010 417349130
00010 420729284
00010 424648216
00010 426339916
00010 426353004
00010 427461798
00010 428138412
00010 432395858
00010 433325470
00010 433925998
00010 437437688
00010 437914674
00010 441258942
00010 442566432
00010 445643094
00010 449458214
00010 452463950
00010 453784772
00010 455912704
00010 459516908
00010 459965874
00010 460373002
00010 461712858
00010 462145450
00010 470144958
00010 471734166
00010 475135680
00010 475361478
00010 476864554
00010 480054908
00010 480985200
00010 486000306
00010 487109242
00010 489860790
00010 490428678
00010 496394476
00010 498455784
00010 499256208
00010 499380122
00010 499872126
00010 501088808
00010 503230952
00010 503960178
00010 504768874
00010 505230060
00010 510389444
00010 510430678
00010 516031492
00010 516681576
00010 517940528
00010 518143174
00010 519927340
00010 519991936
00010 524177046
00010 525063084
00010 528337022
00010 532083094
00010 533752462
00010 535936344
00010 537500876
00010 538004384
00010 538361478
00010 539376070
00010 540277966
00010 540631912
00010 540885784
00010 544903084
00010 546251254
00010 547166384
00010 556338914
00010 557090400
00010 560547064
00010 561133224
00010 565262380
00010 565266572
00010 569248952
00010 570929998
00010 571984300
00010 574969870
00010 575226934
00010 576291110
00010 577885318
00010 585417602
00010 585820842
00010 590144814
00010 591001348
00010 591885800
00010 593549222
00010 593729450
00010 593861542
00010 594705780
00010 594945444
00010 596132268
00010 596409918
00010 597206364
00010 604064588
00010 605131024
00010 605997712
00010 608941360
00010 610372354
00010 610807058
00010 610832870
00010 612838634
00010 613554192
00010 614252466
00010 616826692
00010 618654376
00010 618868690
00010 620893946
00010 624566784
00010 626523514
00010 627733070
00010 630989726
00010 631855034
00010 631927344
00010 632950280
00010 635732788
00010 638481310
00010 638663894
00010 638721794
00010 638871298
00010 640801748
00010 642849354
00010 643430166
00010 644842702
00010 647181242
00010 649329482
00010 649865780
00010 650674426
00010 652666698
00010 652849292
00010 657602232
00010 659218412
00010 664754718
00010 667499312
00010 669879436
00010 672216516
00010 673551302
00010 673655756
00010 675174762
00010 675331126
00010 677781366
00010 681100258
00010 684488414
00010 691098496
00010 691994820
00010 693521982
00010 693771256
00010 694206560
00010 694307156
00010 703829506
00010 704536774
00010 709884390
00010 710156988
00010 713041090
00010 714919738
00010 715951410
00010 719652078
00010 722164900
00010 725281582
00010 725363682
00010 726387976
00010 734626822
00010 735298672
00010 736035892
00010 737388006
00010 739188780
00010 740025876
00010 742207142
00010 742743592
00010 744485486
00010 744490960
00010 745126836
00010 747182840
00010 748833508
00010 751621580
00010 753706034
00010 756628302
00010 758245016
00010 758902898
00010 762616412
00010 766336648
00010 768384740
00010 772503524
00010 773261000
00010 774292770
00010 777554964
00010 781406100
00010 784024892
00010 787893646
00010 788425428
00010 790380282
00010 793675790
00010 794440280
00010 794688228
00010 796888486
00010 799067082
00010 799688432
00010 804867748
00010 805370644
00010 807628322
00010 808426360
00010 811067774
00010 812833996
00010 812958630
00010 814831200
00010 816223314
00010 816457308
00010 819546164
00010 825356764
00010 825382070
00010 828399650
00010 831298500
00010 831647232
00010 832230126
00010 834210000
00010 837387846
00010 841671320
00010 842232496
00010 842485842
00010 843287388
00010 843572524
00010 843779326
00010 845755906
00010 846770376
00010 847471446
00010 852430702
00010 854645472
00010 863674584
00010 864351670
00010 865699624
00010 865873686
00010 865961698
00010 868553500
00010 872616478
00010 872820352
00010 876176252
00010 880112102
00010 888066144
00010 889024474
00010 890675978
00010 891011776
00010 895149424
00010 904448682
00010 905420630
00010 911955098
00010 914531244
00010 915916306
00010 920862010
00010 921902966
00010 928931670
00010 930110532
00010 931976552
00010 932015226
00010 932429050
00010 933962410
00010 934817944
00010 940519614
00010 940558872
00010 942411438
00010 942415872
00010 946193428
00010 947336388
00010 947720038
00010 948680408
00010 948894644
00010 949893184
00010 950046648
00010 950188666
00010 953093432
00010 953135768
00010 953527490
00010 953799428
00010 954692806
00010 956626940
00010 956855902
00010 961816694
00010 968666818
00010 969607958
00010 969980378
00010 972730202
00010 973072864
00010 974873798
00010 976429064
00010 976957284
00010 979078370
00010 980464510
00010 980498816
00010 980868160
00010 985009818
00010 986317614
00010 986551844
00010 988535544
00010 988539652
00010 988544082
00010 988545524
00010 988610560
00010 989227644
00010 989713796
00010 992647622
00010 994642818
00010 994654554
00010 994720786
00010 995682918
00010 998673920
00010 999632280
00010 1000592006
00010 5041350
00010 7198776
00010 19158390
00010 24898318
00010 24947670
00010 27857082
00010 35126920
00010 38499296
00010 42926106
00010 45005082
00010 48734234
00010 49231170
00010 53008050
00010 53090474
00010 56554766
00010 66877668
00010 71397464
00010 72162740
00010 72964910
00010 73908856
00010 75339792
00010 75997028
00010 76778850
00010 77920572
00010 81984710
00010 86310806
00010 88620514
00010 89769092
00010 91379898
00010 93117510
00010 95123458
00010 95339680
00010 95632910
00010 100056852
00010 104753142
00010 106173030
00010 106485270
00010 107149532
00010 108296884
00010 108767560
00010 110421860
00010 113899690
00010 114641694
00010 118838600
00010 118839896
00010 119455234
00010 121368736
00010 122694510
00010 124975554
00010 125047074
00010 125554682
00010 126877280
00010 126992412
00010 129194406
00010 131720028
00010 132750274
00010 133187688
00010 135755236
00010 136341268
00010 137386390
00010 140150086
00010 146167386
00010 147259172
00010 147856846
00010 147926172
00010 149487338
00010 149572402
00010 150658858
00010 155710410
00010 160257982
00010 165237848
00010 165294086
00010 166726768
00010 167378734
00010 167408800
00010 167778862
00010 169684214
00010 169753588
00010 170152980
00010 170190634
00010 171567280
00010 173321986
00010 179591914
00010 182202032
00010 183995692
00010 188933994
00010 189216492
00010 192541082
00010 195062648
00010 195120862
00010 197840390
00010 202434256
00010 202830874
00010 203572882
00010 205434258
00010 206052126
00010 211309292
00010 211430882
00010 215072720
00010 219054802
00010 222346856
00010 226921446
00010 227815894
00010 228666580
00010 228960552
00010 228966196
00010 231855618
00010 231883982
00010 233111506
00010 233326466
00010 242535690
00010 243485064
00010 252424222
00010 253074234
00010 255632970
00010 255707514
00010 259525898
00010 260626614
00010 264040192
00010 265826706
00010 268285772
00010 269150278
00010 270032234
00010 272640616
00010 274214474
00010 288165160
00010 288724448
00010 289919194
00010 290410996
00010 290422980
00010 290499054
00010 291017588
00010 294742752
00010 297844096
00010 302295900
00010 302934190
00010 309509208
00010 309589048
00010 310052834
00010 310280174
00010 313184812
00010 316775216
00010 317327000
00010 319086052
00010 321544210
00010 321922562
00010 327199136
00010 329619214
00010 331533472
00010 331652416
00010 332016756
00010 332388554
00010 333343278
00010 334916600
00010 335717538
00010 335845798
00010 336843130
00010 336844142
00010 340383550
00010 340409686
00010 341167794
00010 342053346
00010 343055778
00010 343878128
00010 344369268
00010 344570208
00010 345397832
00010 345950392
00010 347012126
00010 350042688
00010 356146196
00010 357645956
00010 358797268
00010 363080164
00010 365137416
00010 369536404
00010 369968244
00010 371018218
00010 372535044
00010 374828844
00010 375188820
00010 375736500
00010 376784050
00010 378431894
00010 379032676
00010 379486672
00010 379906726
00010 380247082
00010 381290626
00010 385131216
00010 387446800
00010 387897724
00010 391556928
00010 394485674
00010 397170890
00010 398113806
00010 398116958
00010 400836598
00010 401775964
00010 403040832
00010 404723022
00010 405019742
00010 405463262
00010 407211060
00010 409994352
00010 416825206
00010 417901104
00010 420013174
00010 424958130
00010 427104706
00010 427584070
00010 427802084
00010 429815562
00010 430513642
00010 432406178
00010 438978036
00010 442521654
00010 443645772
00010 445187152
00010 448759588
00010 455148548
00010 460131684
00010 460559994
00010 463769440
00010 466384272
00010 473494116
00010 473807592
00010 474835726
00010 477129662
00010 477720394
00010 477731970
00010 478505486
00010 483808120
00010 484925942
00010 485768416
00010 486590592
00010 487637116
00010 489120930
00010 489915246
00010 491619460
00010 491883226
00010 493498124
00010 496296810
00010 498359348
00010 498626120
00010 499074178
00010 501969496
00010 505966918
00010 506214948
00010 509424162
00010 509800636
00010 510510758
00010 511611842
00010 512923454
00010 513280838
00010 515394256
00010 515395826
00010 517542508
00010 521562174
00010 525253164
00010 529030660
00010 529474066
00010 530323416
00010 532356912
00010 532705102
00010 535258860
00010 535781178
00010 536064846
00010 536253490
00010 538883098
00010 540265118
00010 543212976
00010 545076608
00010 545728308
00010 545963462
00010 547035206
00010 551415492
00010 551587096
00010 554786392
00010 558080134
00010 558423906
00010 563662480
00010 564327714
00010 569066178
00010 571509672
00010 573440486
00010 575443614
00010 576142082
00010 578401306
00010 581245368
00010 582202392
00010 582912558
00010 585175728
00010 585177036
00010 588999458
00010 590790006
00010 594357606
00010 594359350
00010 597290920
00010 599135254
00010 599332886
00010 601518754
00010 601586006
00010 601988370
00010 605362410
00010 607933232
00010 608161558
00010 613794498
00010 614467984
00010 615219602
00010 618370074
00010 618821950
00010 619989626
00010 620009294
00010 625438046
00010 627946682
00010 633404300
00010 640976498
00010 645563860
00010 647335566
00010 647414854
00010 648041658
00010 648608010
00010 656145926
00010 656837716
00010 658246114
00010 662734292
00010 667533226
00010 676430052
00010 680124580
00010 681087346
00010 681424012
00010 686466506
00010 689883036
00010 692042774
00010 692242228
00010 694529758
00010 697914990
00010 702540236
00010 703891494
00010 705041692
00010 710405374
00010 711324874
00010 713820426
00010 714331666
00010 718510424
00010 721271708
00010 722552040
00010 722804922
00010 726040046
00010 731848340
00010 732624032
00010 734653702
00010 740824720
00010 749341262
00010 750891206
00010 751703588
00010 754336562
00010 756162676
00010 756218372
00010 756506208
00010 760949884
00010 763322050
00010 763874628
00010 764245008
00010 766129864
00010 766265722
00010 767160056
00010 768558274
00010 768964694
00010 768966168
00010 769139558
00010 769594180
00010 769742118
00010 769864924
00010 779899840
00010 781320474
00010 782810724
00010 783375928
00010 784154386
00010 786293986
00010 789240634
00010 790756624
00010 791448054
00010 795450570
00010 800097786
00010 801424850
00010 801842380
00010 802648926
00010 802956718
00010 804023776
00010 804911244
00010 805568162
00010 811390824
00010 812333336
00010 815909034
00010 816225114
00010 817189334
00010 818570248
00010 818617936
00010 819340090
00010 821434694
00010 822781044
00010 823484920
00010 827877090
00010 835055602
00010 835059692
00010 837359416
00010 841667810
00010 843315840
00010 846629624
00010 848191882
00010 850550074
00010 854278402
00010 857592612
00010 860454614
00010 862673842
00010 862774636
00010 862834080
00010 864645028
00010 865898684
00010 867915280
00010 868361434
00010 869243524
00010 872468660
00010 873660446
00010 876401716
00010 876562084
00010 876915758
00010 877326234
00010 879492956
00010 880814166
00010 885689902
00010 887428380
00010 887861080
00010 890816168
00010 891866504
00010 893740740
00010 898220322
00010 899640024
00010 900386384
00010 903155944
00010 905333654
00010 906874970
00010 909058140
00010 909300372
00010 911719020
00010 912625532
00010 913267554
00010 916495008
00010 918095176
00010 918878354
00010 920875914
00010 921669588
00010 925545968
00010 926487970
00010 934376746
00010 938544564
00010 940877958
00010 944881926
00010 948000382
00010 949662714
00010 955777400
00010 958010886
00010 958277118
00010 960263794
00010 968001186
00010 970151588
00010 973955820
00010 974488412
00010 975037594
00010 977161644
00010 979433078
00010 979944174
00010 981949422
00010 983163610
00010 984813026
00010 988659016
00010 990866384
00010 993246242
00010 994397364
00010 998109366
00010 999159832
00010 1568352
00010 2545374
00010 4649942
00010 5588098
00010 10075330
00010 11766180
00010 16253540
00010 17535012
00010 17746708
00010 22287326
00010 29444888
00010 30034156
00010 38531576
00010 39706996
00010 41296626
00010 41870494
00010 49330036
00010 49335402
00010 49527128
00010 53781156
00010 54392290
00010 56888616
00010 58880848
00010 62452818
00010 63268918
00010 63926768
00010 64315732
00010 64743388
00010 66926670
00010 68287228
00010 71029224
00010 71234706
00010 72670806
00010 75012350
00010 75189932
00010 76094694
00010 76323204
00010 79317744
00010 80905730
00010 85514368
00010 86203392
00010 89042744
00010 89483028
00010 92839972
00010 94090310
00010 95333318
00010 95387216
00010 97165468
00010 101978294
00010 103244786
00010 111783366
00010 113147878
00010 115086572
00010 116574970
00010 117252190
00010 117896682
00010 123394306
00010 126294108
00010 126458182
00010 129578892
00010 132392856
00010 133067008
00010 136932040
00010 138709340
00010 142112902
00010 143790846
00010 149308138
00010 150134060
00010 150438314
00010 151334082
00010 151458210
00010 155122546
00010 156332002
00010 156485614
00010 157115224
00010 159699142
00010 160115224
00010 162304844
00010 162718358
00010 163782224
00010 163787112
00010 169937232
00010 172375558
00010 172378746
00010 175137784
00010 178941166
00010 179059014
00010 180807400
00010 181600394
00010 185925132
00010 186114194
00010 191406676
00010 196903472
00010 197296598
00010 197754374
00010 198750036
00010 199246454
00010 199373454
00010 199919058
00010 199994514
00010 203139172
00010 206702924
00010 208578514
00010 211034778
00010 214565798
00010 222567600
00010 223019876
00010 223917434
00010 226454206
00010 226583638
00010 226955426
00010 227536794
00010 229852926
00010 233246916
00010 234683904
00010 235924532
00010 236416372
00010 239113188
00010 242119856
00010 242446654
00010 244287362
00010 245780938
00010 248268936
00010 249013678
00010 249041474
00010 250303480
00010 255548820
00010 261467114
00010 268193438
00010 274163382
00010 277168584
00010 280918460
00010 282082420
00010 282403832
00010 282937686
00010 285047926
00010 286019486
00010 292280290
00010 292642202
00010 295260580
00010 296091746
00010 297284216
00010 297748554
00010 298040382
00010 300907026
00010 306546096
00010 307352072
00010 311972506
00010 313114064
00010 313545534
00010 314063994
00010 314520236
00010 315500050
00010 316418150
00010 319354564
00010 319383702
00010 320020184
00010 320565466
00010 321610084
00010 321958828
00010 322443794
00010 323180696
00010 323400334
00010 324833408
00010 326804274
00010 327071222
00010 330164794
00010 331160954
00010 332197920
00010 332328092
00010 338254148
00010 339025312
00010 340354346
00010 341230730
00010 343414406
00010 343917756
00010 345350950
00010 347266788
00010 351047708
00010 356137182
00010 357651286
00010 359291008
00010 362255058
00010 364787988
00010 365654846
00010 367321504
00010 368428644
00010 370229394
00010 370288302
00010 374565328
00010 376828500
00010 377243938
00010 378102586
00010 381621338
00010 385225768
00010 385499486
00010 392056096
00010 395898034
00010 396192358
00010 397652018
00010 398425456
00010 401508922
00010 403193176
00010 403804486
00010 406926698
00010 407527026
00010 421677722
00010 422912194
00010 423027622
00010 431906286
00010 433574460
00010 436299864
00010 436973138
00010 441029652
00010 442117528
00010 446026122
00010 446063820
00010 449257018
00010 450742530
00010 458000466
00010 458465004
00010 459287990
00010 463909332
00010 466788270
00010 469318200
00010 471984680
00010 473274888
00010 475652706
00010 478609010
00010 480106246
00010 481876432
00010 482289892
00010 486250778
00010 488200284
00010 488463880
00010 492686388
00010 494666626
00010 496111788
00010 498216508
00010 498893916
00010 498979578
00010 499996862
00010 500037496
00010 501597768
00010 505253548
00010 507237470
00010 507643440
00010 507771228
00010 509019304
00010 511081088
00010 513413504
00010 513510664
00010 514991894
00010 516522040
00010 523980290
00010 526400062
00010 529362656
00010 530147788
00010 530968884
00010 531397842
00010 532175098
00010 532529746
00010 534981952
00010 535586304
00010 547212056
00010 552391964
00010 554285650
00010 555934548
00010 556725416
00010 558091104
00010 558632462
00010 559831216
00010 561786828
00010 565359444
00010 567192566
00010 569584986
00010 569719798
00010 570921716
00010 572764452
00010 576163708
00010 576987550
00010 584751588
00010 587698080
00010 590638582
00010 592772426
00010 592781108
00010 593264166
00010 594828698
00010 595211384
00010 596502128
00010 599358074
00010 601038956
00010 601123160
00010 601345668
00010 603518348
00010 609936368
00010 611935510
00010 612045938
00010 613590498
00010 615776438
00010 618533064
00010 620016424
00010 620708148
00010 621138840
00010 622451220
00010 623335934
00010 623620104
00010 623705246
00010 623993730
00010 625749756
00010 627094072
00010 632157832
00010 634918364
00010 635671818
00010 638164376
00010 642873880
00010 643008038
00010 648470034
00010 649322730
00010 653480664
00010 657754360
00010 659145964
00010 661186282
00010 661616122
00010 663986916
00010 666676516
00010 667758694
00010 673706070
00010 676170256
00010 676447902
00010 677281888
00010 677814608
00010 679711968
00010 679750638
00010 681053238
00010 681387216
00010 683466114
00010 684079172
00010 685572772
00010 686467856
00010 686871338
00010 691232080
00010 691582432
00010 692948858
00010 698129312
00010 699861566
00010 700980508
00010 706368780
00010 706942162
00010 707850946
00010 708372162
00010 712262924
00010 713263348
00010 714444932
00010 715760340
00010 718463274
00010 721552374
00010 723516782
00010 725900226
00010 727363540
00010 728750300
00010 730371450
00010 735362392
00010 736797302
00010 736850652
00010 736985616
00010 737144762
00010 740504612
00010 741048818
00010 742153866
00010 743461780
00010 744239772
00010 745872764
00010 748479470
00010 754656856
00010 756710636
00010 759003400
00010 761150364
00010 762063870
00010 764785120
00010 767212668
00010 767926816
00010 771881534
00010 775699698
00010 778811150
00010 778820106
00010 780149324
00010 780375990
00010 790260354
00010 792411842
00010 792803964
00010 793582140
00010 794228294
00010 796144872
00010 796293716
00010 801170394
00010 803981412
00010 804651952
00010 805838482
00010 814122740
00010 816456958
00010 819959982
00010 820742572
00010 820887676
00010 821733442
00010 826047482
00010 826171452
00010 828493860
00010 829204742
00010 830136366
00010 830484060
00010 831981520
00010 832644154
00010 832944512
00010 833255968
00010 833840860
00010 834041550
00010 835761768
00010 835819738
00010 836902844
00010 838214218
00010 838384826
00010 838667510
00010 839531864
00010 840677826
00010 842317670
00010 842479124
00010 842814346
00010 843531462
00010 844108164
00010 845017016
00010 845199652
00010 848795130
00010 850838614
00010 851766792
00010 854889862
00010 858696158
00010 859256092
00010 859426448
00010 862300690
00010 863103776
00010 863532256
00010 865584900
00010 865769672
00010 866598514
00010 867812254
00010 868629534
00010 869740910
00010 872580396
00010 876498076
00010 877075974
00010 878464458
00010 885151718
00010 885165724
00010 887191872
00010 889925934
00010 890149744
00010 891208284
00010 893808030
00010 894647450
00010 898281236
00010 901447902
00010 902210364
00010 903777816
00010 911960792
00010 912185352
00010 915936682
00010 917654112
00010 920480138
00010 921047710
00010 923344046
00010 924206206
00010 925983052
00010 928163246
00010 936089700
00010 937011786
00010 944502922
00010 947453864
00010 950512160
00010 955246046
00010 956084618
00010 956462678
00010 959775310
00010 965501802
00010 967317598
00010 969758200
00010 970390146
00010 971773090
00010 972076272
00010 976801510
00010 977049780
00010 977469652
00010 978927958
00010 979946698
00010 981073724
00010 981680430
00010 981717454
00010 981975244
00010 985063724
00010 987922658
00010 994140482
00010 994770188
00010 995474702
00010 995620624
00010 1000272608
00010 3521628
00010 4163420
00010 11335052
00010 14445424
00010 15764670
00010 17224746
00010 17475698
00010 17792324
00010 18410894
00010 19267196
00010 20065266
00010 20828806
00010 23670430
00010 26730590
00010 26778346
00010 27229890
00010 28270244
00010 28747030
00010 29903734
00010 30114304
00010 30744382
00010 42894684
00010 43774230
00010 44743208
00010 51039526
00010 51209846
00010 51991264
00010 52139364
00010 53336276
00010 55131172
00010 57634584
00010 59047062
00010 60550166
00010 60802488
00010 61611986
00010 63501682
00010 64995290
00010 65474060
00010 66269214
00010 68373884
00010 72327302
00010 73077088
00010 75494378
00010 81094434
00010 84133752
00010 85651264
00010 86215208
00010 88770636
00010 89216812
00010 90243414
00010 90282598
00010 91342174
00010 91528156
00010 91778280
00010 92539714
00010 92675180
00010 93352196
00010 96911004
00010 97926696
00010 99182888
00010 101933206
00010 103383730
00010 103882326
00010 105105496
00010 109270480
00010 110950800
00010 111926454
00010 113391080
00010 114061356
00010 114946122
00010 115559490
00010 116222238
00010 120309634
00010 121261444
00010 123204152
00010 127598242
00010 128723532
00010 130437182
00010 130856746
00010 133790644
00010 134293132
00010 136478914
00010 136588984
00010 142024402
00010 145588116
00010 152117758
00010 152737606
00010 153098466
00010 154718452
00010 161106968
00010 165861312
00010 166627442
00010 166761434
00010 166796156
00010 170101484
00010 170824374
00010 170893332
00010 173161440
00010 173189140
00010 174996236
00010 175463968
00010 176145022
00010 176207944
00010 176262494
00010 176730726
00010 177198046
00010 178482896
00010 181079602
00010 184001638
00010 187364798
00010 189033832
00010 189988100
00010 191203244
00010 192024848
00010 193630724
00010 195877486
00010 197824792
00010 197934590
00010 201549620
00010 207783510
00010 209074692
00010 212280714
00010 220762088
00010 226118228
00010 229312238
00010 229674906
00010 230225206
00010 233225182
00010 233849696
00010 242925142
00010 243256866
00010 244734750
00010 252460458
00010 253535718
00010 255924636
00010 258556522
00010 259437420
00010 260217890
00010 261058634
00010 263877056
00010 268043458
00010 268887210
00010 269447908
00010 272115626
00010 273301786
00010 273992948
00010 274714708
00010 275711948
00010 276078456
00010 280364782
00010 281521794
00010 282353388
00010 285441680
00010 290019414
00010 291975170
00010 293192770
00010 293336138
00010 298084056
00010 298488884
00010 300455926
00010 307973962
00010 308093176
00010 314380968
00010 314784622
00010 317728124
00010 317988564
00010 321329076
00010 321869012
00010 325750284
00010 326379508
00010 326433918
00010 327072692
00010 327135832
00010 327569488
00010 328941288
00010 332412624
00010 333820340
00010 334114414
00010 336949944
00010 338369696
00010 339206192
00010 340887666
00010 348772542
00010 349523552
00010 350956900
00010 352784406
00010 356867150
00010 359747972
00010 361628970
00010 361639028
00010 363487378
00010 364219208
00010 367950920
00010 369444372
00010 369500304
00010 370679664
00010 370930750
00010 371290464
00010 371445732
00010 372391752
00010 372748324
00010 374362412
00010 374415588
00010 381741984
00010 382227166
00010 387852738
00010 388211074
00010 388748826
00010 388926486
00010 392440124
00010 392977258
00010 393409048
00010 393999566
00010 394539218
00010 395333252
00010 396227690
00010 396702386
00010 399736752
00010 401459808
00010 401856178
00010 403377674
00010 406092004
00010 411098422
00010 415060586
00010 418765072
00010 421333444
00010 421872244
00010 425337082
00010 425419700
00010 425916232
00010 430978776
00010 433665296
00010 439645054
00010 439839176
00010 445074402
00010 447270448
00010 447870866
00010 451114770
00010 455226880
00010 457111442
00010 459529576
00010 460759546
00010 463126064
00010 465127552
00010 465730708
00010 469792450
00010 470634562
00010 475227006
00010 478128484
00010 479240098
00010 480536734
00010 483018250
00010 483328226
00010 483761344
00010 484676950
00010 486448806
00010 486542988
00010 487396072
00010 489434576
00010 489641880
00010 490616226
00010 493837838
00010 497624868
00010 501445946
00010 501713646
00010 502152026
00010 502303052
00010 506932052
00010 508192762
00010 510129310
00010 510404662
00010 511548656
00010 512824320
00010 513154712
00010 513646158
00010 515773166
00010 516004740
00010 516208872
00010 520991968
00010 522851316
00010 524304570
00010 524710262
00010 524869344
00010 527502708
00010 528738858
00010 529010256
00010 536753878
00010 545329800
00010 546930790
00010 546984814
00010 547285714
00010 547517928
00010 550523064
00010 550583486
00010 552301606
00010 552797616
00010 553028176
00010 554420506
00010 556616754
00010 559498694
00010 559650220
00010 559778126
00010 559902548
00010 562351176
00010 562390914
00010 565485356
00010 568416274
00010 572855856
00010 573522378
00010 573971040
00010 575631312
00010 578976644
00010 583223970
00010 585311774
00010 590665606
00010 590685696
00010 591071476
00010 591325402
00010 595506130
00010 595631056
00010 596674908
00010 602280148
00010 603482538
00010 604566120
00010 605790218
00010 606908384
00010 608626732
00010 616839594
00010 617238278
00010 617917050
00010 618300820
00010 621272710
00010 621377532
00010 623148484
00010 624853842
00010 627020258
00010 628415694
00010 629758624
00010 632660600
00010 633935028
00010 634948594
00010 637126568
00010 637746102
00010 639045310
00010 639685114
00010 641676278
00010 642070344
00010 643436562
00010 646667716
00010 646886730
00010 647774978
00010 648727456
00010 651297334
00010 652093992
00010 663634214
00010 663868078
00010 664370632
00010 664656292
00010 664782324
00010 665396436
00010 667933508
00010 668107348
00010 668111746
00010 668447432
00010 679873336
00010 680069288
00010 680345356
00010 680545660
00010 681043836
00010 682072676
00010 683437364
00010 684242402
00010 684981480
00010 690233366
00010 691783590
00010 692890440
00010 695622844
00010 697216480
00010 699453410
00010 704437902
00010 708481242
00010 711679526
00010 711685762
00010 714498180
00010 715568068
00010 721023070
00010 725652602
00010 725723758
00010 725858128
00010 729035494
00010 729415268
00010 729763910
00010 730161498
00010 731004616
00010 732221740
00010 733871736
00010 733924902
00010 734265666
00010 734270932
00010 735768544
00010 736927852
00010 738254386
00010 741122450
00010 741342834
00010 742686858
00010 744453654
00010 745173538
00010 746593208
00010 748710142
00010 751955278
00010 757780072
00010 758031748
00010 758299586
00010 758757970
00010 759493324
00010 760480544
00010 763828630
00010 764840008
00010 766019776
00010 767674580
00010 768895702
00010 773059292
00010 773845036
00010 780419446
00010 781872586
00010 783126708
00010 783250948
00010 783445230
00010 786274592
00010 790320548
00010 791009336
00010 794268318
00010 795327968
00010 795343490
00010 797257912
00010 797313642
00010 797903476
00010 798694988
00010 799249700
00010 801207408
00010 801572810
00010 804381362
00010 808023316
00010 808583148
00010 812563308
00010 813470902
00010 818542698
00010 818737098
00010 821186410
00010 824706690
00010 824952404
00010 827209410
00010 827573762
00010 829562292
00010 829703718
00010 831629996
00010 831958602
00010 832122552
00010 832897936
00010 833452182
00010 834491508
00010 834913088
00010 835079948
00010 835708208
00010 837306828
00010 839258296
00010 848393892
00010 850106574
00010 850299158
00010 851219628
00010 852767360
00010 853845694
00010 854943096
00010 856682876
00010 858228590
00010 860185196
00010 862442452
00010 866774626
00010 876688424
00010 877706994
00010 882301680
00010 882400566
00010 883247778
00010 885279736
00010 888960984
00010 891435636
00010 892779708
00010 893224210
00010 897246756
00010 898528682
00010 900571718
00010 904176046
00010 905131942
00010 905452784
00010 907326176
00010 907760644
00010 908124832
00010 909924414
00010 913525678
00010 913541880
00010 922075506
00010 923890598
00010 925582536
00010 927252218
00010 929941942
00010 930032900
00010 931817632
00010 932390014
00010 936203480
00010 940000190
00010 944088744
00010 947635984
00010 949387152
00010 951319974
00010 953430458
00010 955310546
00010 958207638
00010 962362506
00010 964040814
00010 964682212
00010 964775680
00010 968147520
00010 968157310
00010 971285012
00010 971908128
00010 972215744
00010 972374410
00010 972861822
00010 974010100
00010 979660542
00010 981657208
00010 983809256
00010 984661964
00010 989244114
00010 989621152
00010 989840444
00010 990261870
00010 995240398
