00010 1309176
00010 4686316
00010 6303742
00010 9209202
00010 9998910
00010 12372078
00010 12446686
00010 12805680
00010 14378048
00010 15640810
00010 23341484
00010 24924220
00010 26364710
00010 31024254
00010 31617930
00010 32417256
00010 34517748
00010 39669934
00010 44425058
00010 45126596
00010 47719590
00010 49841186
00010 51084270
00010 51329748
00010 58633826
00010 60490360
00010 61029604
00010 66006018
00010 66372706
00010 73493846
00010 76311200
00010 76775202
00010 77520952
00010 78370046
00010 79708306
00010 83325564
00010 85705334
00010 89569232
00010 90084140
00010 90829928
00010 94675118
00010 96789552
00010 108363956
00010 109554372
00010 116034352
00010 117332424
00010 118108568
00010 122416770
00010 126387648
00010 128471802
00010 135511080
00010 135545324
00010 135765670
00010 135787948
00010 137791652
00010 141223464
00010 144604484
00010 145756186
00010 147885684
00010 148290728
00010 148329370
00010 150684972
00010 150997816
00010 153174554
00010 157654584
00010 159485518
00010 163179406
00010 164082528
00010 167400228
00010 168685248
00010 169064390
00010 170087584
00010 171857888
00010 174135574
00010 174523358
00010 180927766
00010 185252684
00010 185870760
00010 186260414
00010 187037586
00010 187124388
00010 189543996
00010 199743090
00010 204939578
00010 205760092
00010 206696560
00010 208944278
00010 214696566
00010 214744356
00010 216407862
00010 218051876
00010 218588056
00010 219315166
00010 223438062
00010 224741286
00010 227312958
00010 233306546
00010 242539686
00010 243680570
00010 245113052
00010 246935186
00010 247071520
00010 247124854
00010 247793980
00010 250341522
00010 251338962
00010 255510666
00010 256052636
00010 256954928
00010 258816382
00010 260633496
00010 273287380
00010 283228926
00010 284832358
00010 287425808
00010 292466804
00010 294751032
00010 295960590
00010 296493438
00010 297683474
00010 301936670
00010 302655082
00010 303465136
00010 314979270
00010 316272826
00010 318247132
00010 323782488
00010 325142578
00010 325220228
00010 331112602
00010 331714934
00010 336792714
00010 340896986
00010 342286152
00010 342508562
00010 343171484
00010 343939258
00010 346845912
00010 347664146
00010 348682566
00010 351938250
00010 354303348
00010 355151700
00010 355219186
00010 358802198
00010 360659812
00010 365899650
00010 366872442
00010 372518274
00010 375238156
00010 375525396
00010 381730682
00010 387725486
00010 391098490
00010 391288686
00010 394791760
00010 399782992
00010 401957114
00010 404504812
00010 407978462
00010 414533342
00010 421997424
00010 427501810
00010 430100440
00010 433153900
00010 433162084
00010 435686610
00010 437270200
00010 439904680
00010 440975718
00010 441574620
00010 441817658
00010 441912578
00010 442616470
00010 444337626
00010 459010538
00010 462863318
00010 463071316
00010 464133950
00010 464293820
00010 466810666
00010 467133236
00010 468687614
00010 472626980
00010 473564594
00010 476257106
00010 477565130
00010 480764768
00010 483698084
00010 488473742
00010 490655634
00010 490858516
00010 492583916
00010 494057884
00010 494153440
00010 502340790
00010 507784436
00010 510080034
00010 510369146
00010 511781552
00010 511784204
00010 514700860
00010 523410688
00010 524922738
00010 527368338
00010 527694412
00010 533312216
00010 534942844
00010 542887804
00010 547503202
00010 549761516
00010 551090370
00010 552410616
00010 554545348
00010 558927060
00010 560782516
00010 562967758
00010 562990248
00010 563401840
00010 563736420
00010 565320460
00010 566410778
00010 567788506
00010 570202902
00010 571469452
00010 573908006
00010 576041362
00010 581467398
00010 581624852
00010 584593502
00010 585766306
00010 589213474
00010 589450362
00010 590725726
00010 591948654
00010 593067640
00010 594821064
00010 596363288
00010 598332384
00010 598505872
00010 602682658
00010 606356162
00010 606417686
00010 608090050
00010 610122148
00010 611624054
00010 614459966
00010 615191522
00010 615398564
00010 617340144
00010 618533046
00010 620678500
00010 620987576
00010 621526528
00010 626400948
00010 626950560
00010 627778596
00010 628024546
00010 628427274
00010 631207672
00010 633663632
00010 634121816
00010 636307342
00010 636824242
00010 639891480
00010 639917472
00010 640851716
00010 644234896
00010 649351388
00010 649809466
00010 650610676
00010 651748184
00010 652277576
00010 653261022
00010 655005162
00010 663067996
00010 663714650
00010 665404612
00010 668084732
00010 668095826
00010 668623054
00010 669841388
00010 670200192
00010 670929586
00010 672176590
00010 673999694
00010 681704190
00010 682175512
00010 682607754
00010 684726840
00010 686595214
00010 689717812
00010 690994188
00010 691486030
00010 694607618
00010 696000624
00010 699704758
00010 701506706
00010 702863306
00010 703118724
00010 706237458
00010 711521424
00010 713267058
00010 714149036
00010 718536844
00010 720273658
00010 726146244
00010 729064518
00010 736925088
00010 738774686
00010 739167554
00010 739190634
00010 741466112
00010 742213408
00010 743058302
00010 744501870
00010 745442708
00010 745622750
00010 748550192
00010 753793448
00010 755578932
00010 755624860
00010 757409082
00010 757608554
00010 762482274
00010 764579806
00010 766633124
00010 768437490
00010 768746154
00010 774965292
00010 778519968
00010 781217730
00010 781856274
00010 782766110
00010 782981130
00010 783363178
00010 785984644
00010 787263532
00010 787890014
00010 788850602
00010 789875488
00010 795372442
00010 797017916
00010 799339354
00010 800069504
00010 801116860
00010 802909746
00010 802996234
00010 807962348
00010 813920988
00010 814341962
00010 815690676
00010 815968646
00010 821673002
00010 822280054
00010 822620546
00010 826086796
00010 831600954
00010 835247794
00010 837865764
00010 842428680
00010 843218124
00010 843863706
00010 844877516
00010 848211498
00010 849207374
00010 852997914
00010 855173888
00010 855182774
00010 855785256
00010 857653136
00010 861936838
00010 877426406
00010 881271448
00010 882492820
00010 888966914
00010 889112456
00010 890947642
00010 892189082
00010 894481060
00010 896053038
00010 897169304
00010 897576478
00010 901327202
00010 901629108
00010 902167936
00010 904922438
00010 907005038
00010 907394878
00010 911946718
00010 913758300
00010 913830250
00010 920404562
00010 923810432
00010 925214750
00010 926189768
00010 926221882
00010 926393910
00010 926395358
00010 926722582
00010 928978234
00010 934627356
00010 935273348
00010 937284506
00010 939012448
00010 941710186
00010 942100938
00010 942719574
00010 946578788
00010 947095836
00010 947326000
00010 950144888
00010 954048186
00010 958049640
00010 960391102
00010 965391530
00010 966602710
00010 967630902
00010 967650116
00010 971633180
00010 973113282
00010 973371940
00010 977440404
00010 978139078
00010 978423544
00010 982612456
00010 984010440
00010 991363890
00010 994564288
00010 999821968
00010 999968400
00010 4851292
00010 4898484
00010 5231138
00010 5846592
00010 8176232
00010 12137666
00010 13467802
00010 13686294
00010 14376218
00010 16701350
00010 17202262
00010 18881098
00010 19832368
00010 21732694
00010 23559120
00010 27575704
00010 27801740
00010 28740050
00010 28856380
00010 31219334
00010 33116644
00010 33269214
00010 33721330
00010 34276584
00010 38878348
00010 39068752
00010 39613264
00010 41822116
00010 46542316
00010 50566218
00010 56323480
00010 59056480
00010 60014450
00010 60837256
00010 61153484
00010 61696332
00010 65946144
00010 66037608
00010 66319620
00010 73173422
00010 75541710
00010 77635050
00010 80760356
00010 80906776
00010 81241414
00010 84213616
00010 84526592
00010 87874818
00010 88412132
00010 90531038
00010 91299264
00010 92367786
00010 93892316
00010 94178220
00010 97288680
00010 102362344
00010 103570182
00010 107418094
00010 108308426
00010 111020796
00010 115114862
00010 119252828
00010 119692812
00010 120086578
00010 121216174
00010 123741822
00010 124404714
00010 128397918
00010 132595250
00010 132754652
00010 134842766
00010 136130936
00010 140186564
00010 143254834
00010 152033686
00010 152380772
00010 153206428
00010 157344710
00010 158065286
00010 161740742
00010 166409530
00010 167646784
00010 168422536
00010 174218718
00010 174289262
00010 175553806
00010 177971958
00010 185550342
00010 188400346
00010 189443128
00010 193922146
00010 194154702
00010 195206278
00010 200300576
00010 200478078
00010 202764372
00010 202893614
00010 204920748
00010 208107202
00010 211820546
00010 215671184
00010 217674240
00010 218279052
00010 222012084
00010 224375500
00010 225482040
00010 228852032
00010 232476190
00010 237107928
00010 238219398
00010 240977782
00010 245531798
00010 250687022
00010 254809254
00010 254861038
00010 255424782
00010 257026938
00010 257539634
00010 258491502
00010 260113750
00010 260831188
00010 262363902
00010 262629464
00010 270660920
00010 270798122
00010 274987538
00010 277415910
00010 278267946
00010 278344834
00010 280453946
00010 280636464
00010 284725388
00010 287421208
00010 288213882
00010 294269864
00010 299993766
00010 300122358
00010 310313492
00010 310952772
00010 311776136
00010 315058280
00010 325422142
00010 328815190
00010 333758374
00010 335577504
00010 335930610
00010 339854662
00010 340346356
00010 342333440
00010 346166946
00010 351692266
00010 359508674
00010 359560060
00010 361035732
00010 363879976
00010 363940054
00010 369706916
00010 370354456
00010 372177974
00010 372201970
00010 375705508
00010 376497846
00010 377743380
00010 378940564
00010 379015666
00010 385102468
00010 389008272
00010 395888458
00010 398901858
00010 402067636
00010 406875890
00010 407756742
00010 410513898
00010 411566780
00010 412551588
00010 415404188
00010 419776108
00010 423455108
00010 424239744
00010 426268260
00010 428341352
00010 431631514
00010 435728314
00010 435912102
00010 440665130
00010 448862080
00010 450582734
00010 456809334
00010 461080080
00010 461214928
00010 464910172
00010 468722548
00010 470417168
00010 475360396
00010 476780992
00010 477047308
00010 478013464
00010 480379964
00010 481473486
00010 487080492
00010 489473498
00010 491116456
00010 493148314
00010 494028218
00010 494888230
00010 497127346
00010 498028568
00010 506225726
00010 510966766
00010 513186876
00010 515419766
00010 517355462
00010 518120744
00010 518957420
00010 519939510
00010 520433476
00010 525224704
00010 525845484
00010 528504634
00010 528519848
00010 529199052
00010 532617732
00010 533431976
00010 534544986
00010 534810712
00010 537686618
00010 539236310
00010 543580008
00010 544566052
00010 544915430
00010 546683542
00010 555931354
00010 557216326
00010 559771864
00010 562697982
00010 566762946
00010 569018672
00010 570535862
00010 573469984
00010 578246194
00010 578297368
00010 578864514
00010 579355936
00010 579579034
00010 581617686
00010 585117072
00010 586023654
00010 587476960
00010 589187404
00010 590905822
00010 591225692
00010 593061160
00010 594126022
00010 596047662
00010 598015670
00010 611464686
00010 613320116
00010 613330490
00010 613547304
00010 616199534
00010 616467070
00010 616963210
00010 620249486
00010 621215264
00010 623161680
00010 625561494
00010 631168806
00010 632798690
00010 634972978
00010 635977984
00010 636183746
00010 640509778
00010 645768656
00010 648097172
00010 648348992
00010 655427204
00010 655499854
00010 657292010
00010 657595714
00010 658223306
00010 659248086
00010 662781252
00010 664457906
00010 667770996
00010 670493404
00010 676312862
00010 676947270
00010 678556226
00010 679737506
00010 682656682
00010 682852744
00010 685562274
00010 686473436
00010 688329086
00010 690327888
00010 692374978
00010 697981546
00010 698896842
00010 699654862
00010 700296980
00010 700593678
00010 702969396
00010 703172016
00010 705359252
00010 706438978
00010 709729660
00010 710698574
00010 711573158
00010 717553686
00010 718333782
00010 721498124
00010 721808920
00010 727207262
00010 729775548
00010 734483648
00010 735951926
00010 738295612
00010 740089352
00010 741868182
00010 742776280
00010 742858718
00010 746781804
00010 749729126
00010 750364006
00010 751873934
00010 753074936
00010 753157072
00010 754850822
00010 762479732
00010 762644638
00010 766157802
00010 769270990
00010 770000676
00010 770881538
00010 771274570
00010 775593442
00010 777425144
00010 777593596
00010 779339948
00010 783155656
00010 786524936
00010 792672094
00010 793079860
00010 793569208
00010 793937630
00010 795604668
00010 796115024
00010 796305782
00010 796924460
00010 798339326
00010 800174666
00010 801519164
00010 803700654
00010 803984196
00010 804917774
00010 807015120
00010 808974378
00010 809375336
00010 813334098
00010 816606394
00010 817358828
00010 820158550
00010 821759856
00010 826801878
00010 827080278
00010 827736422
00010 827849900
00010 829036504
00010 833529850
00010 840194712
00010 842160094
00010 844012550
00010 845552670
00010 849366536
00010 849370458
00010 850144062
00010 850161234
00010 851603218
00010 852193268
00010 861395124
00010 863290406
00010 865351478
00010 865424822
00010 867097948
00010 867099858
00010 868816706
00010 868843948
00010 869618346
00010 872938646
00010 875137144
00010 875339610
00010 875918680
00010 876876448
00010 885228528
00010 885256694
00010 885946576
00010 887361026
00010 889844200
00010 889932548
00010 892739462
00010 894386704
00010 896690024
00010 899067196
00010 902512508
00010 905622960
00010 906759778
00010 907900072
00010 909057088
00010 918285504
00010 918679948
00010 918920512
00010 919425280
00010 922929184
00010 925511642
00010 928457572
00010 929922374
00010 931864592
00010 933856860
00010 937438610
00010 942113556
00010 943707586
00010 945162490
00010 947937100
00010 948873058
00010 960635382
00010 962363690
00010 962711696
00010 963997884
00010 964330430
00010 967346864
00010 967700004
00010 969232528
00010 976593026
00010 980657362
00010 981102180
00010 983643806
00010 985241866
00010 989448996
00010 989997140
00010 992263870
00010 993576288
00010 997879366
00010 1302822
00010 3036002
00010 4548190
00010 8130354
00010 8341822
00010 10306944
00010 10800352
00010 11333842
00010 11474142
00010 11883576
00010 12415938
00010 12423710
00010 15203648
00010 15766658
00010 19019324
00010 22183636
00010 22283700
00010 22468532
00010 23449808
00010 23550058
00010 23834648
00010 27592600
00010 27782862
00010 27830790
00010 33255754
00010 33972902
00010 46899572
00010 46906540
00010 47795868
00010 49538942
00010 50431712
00010 53704622
00010 53718302
00010 53779292
00010 54296212
00010 60157802
00010 63489644
00010 64410270
00010 64781440
00010 64949666
00010 65904338
00010 68569910
00010 71362368
00010 74983886
00010 75472334
00010 76001702
00010 76009034
00010 82793908
00010 82837120
00010 82867526
00010 83220844
00010 83619644
00010 83768024
00010 84234066
00010 85306396
00010 89249182
00010 91288226
00010 92706002
00010 94073398
00010 96479312
00010 97968722
00010 105055940
00010 107272536
00010 111020718
00010 111805580
00010 112441122
00010 112699770
00010 117420536
00010 118541570
00010 119578010
00010 123283488
00010 123311452
00010 123706676
00010 124419088
00010 124898238
00010 125448554
00010 127604362
00010 128260004
00010 129985128
00010 131389018
00010 133353554
00010 135574842
00010 136511556
00010 139014170
00010 140042740
00010 140072420
00010 144800416
00010 145367830
00010 147689242
00010 151682142
00010 152677450
00010 155291822
00010 156322310
00010 157945196
00010 162484494
00010 165108358
00010 167345294
00010 168449552
00010 169786218
00010 171580850
00010 171883128
00010 173204466
00010 173495026
00010 174881784
00010 175271620
00010 175652502
00010 175752132
00010 178067630
00010 180256792
00010 180843608
00010 181150166
00010 182749506
00010 184068186
00010 187565342
00010 187822400
00010 189248696
00010 189836802
00010 192428266
00010 193657114
00010 194622210
00010 195293830
00010 198933282
00010 199731172
00010 202397158
00010 203067242
00010 204346898
00010 205355538
00010 207249960
00010 211231406
00010 212701774
00010 213100080
00010 214059120
00010 214185804
00010 214358290
00010 214552044
00010 215137562
00010 217039094
00010 217688148
00010 226298476
00010 229239808
00010 229870412
00010 232751424
00010 236190202
00010 236413750
00010 237403530
00010 238173702
00010 238603000
00010 238888602
00010 239974170
00010 243361570
00010 246194976
00010 247137610
00010 253322320
00010 258613166
00010 259371064
00010 259834936
00010 261852560
00010 262043720
00010 263992630
00010 267388366
00010 270989676
00010 274953302
00010 275908130
00010 283563526
00010 284986820
00010 291113148
00010 291177224
00010 292858206
00010 295911908
00010 298187422
00010 302282264
00010 303645464
00010 306849258
00010 307428474
00010 307713966
00010 307898174
00010 309068528
00010 313865984
00010 318525818
00010 318617418
00010 321872840
00010 323082282
00010 324378438
00010 324633846
00010 331154752
00010 334022762
00010 335452846
00010 337757090
00010 341171110
00010 341172330
00010 341287590
00010 343275352
00010 346523930
00010 347506766
00010 353278706
00010 354175076
00010 359028264
00010 362971432
00010 364309972
00010 364548856
00010 364566116
00010 366692186
00010 369960980
00010 372368808
00010 372662396
00010 372974840
00010 373238196
00010 374076510
00010 378038050
00010 381702286
00010 382393932
00010 384122220
00010 386872928
00010 387442784
00010 390174604
00010 393944700
00010 394152958
00010 398888170
00010 399065504
00010 399621082
00010 401091652
00010 401092904
00010 403087956
00010 408621806
00010 411119286
00010 415731498
00010 415860284
00010 416008236
00010 416270300
00010 425670910
00010 427235262
00010 427322378
00010 428464832
00010 428567888
00010 430133904
00010 430641664
00010 433999634
00010 434301408
00010 436066254
00010 439135726
00010 441232122
00010 442444512
00010 442796834
00010 443071770
00010 444530568
00010 446552944
00010 446562820
00010 449486982
00010 449546540
00010 450091646
00010 452563182
00010 452742236
00010 454748540
00010 456455630
00010 457706998
00010 460085914
00010 460540624
00010 462095054
00010 462628478
00010 464882548
00010 474543158
00010 477974738
00010 479051216
00010 482471856
00010 484568718
00010 486413194
00010 488915296
00010 489668426
00010 492149086
00010 492331802
00010 492370102
00010 493727172
00010 494809166
00010 495743562
00010 499804216
00010 500241462
00010 504365252
00010 505906782
00010 506558184
00010 510392260
00010 512382988
00010 513969698
00010 516728434
00010 518428372
00010 519989908
00010 521114752
00010 521876680
00010 522747630
00010 524970952
00010 527248426
00010 527800282
00010 530724102
00010 533581062
00010 535882094
00010 537190894
00010 537611186
00010 540212758
00010 541420330
00010 546083520
00010 548223258
00010 548708066
00010 554612978
00010 557225674
00010 565960074
00010 567593564
00010 567866834
00010 571866522
00010 572295682
00010 578116092
00010 579977702
00010 583480170
00010 585125614
00010 585966950
00010 590050972
00010 591231282
00010 591832774
00010 592035374
00010 593290542
00010 595657426
00010 596433336
00010 600654116
00010 600698274
00010 601316560
00010 606015408
00010 608951578
00010 610748214
00010 611366286
00010 614619416
00010 616783170
00010 619225654
00010 621507502
00010 621608728
00010 621870644
00010 626068768
00010 626069832
00010 626558594
00010 626878994
00010 626961934
00010 627495954
00010 627621470
00010 629120060
00010 635693354
00010 635805618
00010 636845638
00010 637547868
00010 638385640
00010 643349614
00010 646032950
00010 646539496
00010 647829676
00010 648906460
00010 658027344
00010 659865044
00010 667162288
00010 667192320
00010 667608878
00010 668635738
00010 669533186
00010 673612986
00010 673867486
00010 674827404
00010 675345772
00010 676776788
00010 676880920
00010 678223310
00010 678957986
00010 680896270
00010 682261104
00010 682527472
00010 683390698
00010 687046576
00010 687410134
00010 690613538
00010 691577372
00010 696961418
00010 701020844
00010 706002406
00010 711659452
00010 711801426
00010 711995344
00010 717245834
00010 717887712
00010 719108554
00010 720286874
00010 720470628
00010 720486808
00010 720776166
00010 720934614
00010 721610892
00010 723908672
00010 728330196
00010 730649996
00010 733899974
00010 736352178
00010 739287030
00010 739488570
00010 740443710
00010 741414942
00010 741886732
00010 745686400
00010 750628652
00010 753852690
00010 754783972
00010 757053538
00010 757891172
00010 758361124
00010 760389238
00010 762055914
00010 764178224
00010 764652840
00010 766735024
00010 767325994
00010 768197426
00010 769467906
00010 769692132
00010 773533820
00010 773640366
00010 773688726
00010 779843034
00010 779962474
00010 781314380
00010 782090694
00010 782861772
00010 782888518
00010 788509302
00010 790908334
00010 793565978
00010 794330418
00010 794943774
00010 796124246
00010 797484888
00010 798505988
00010 802545412
00010 806198036
00010 806477218
00010 808009890
00010 808774212
00010 809279668
00010 809629854
00010 814539726
00010 815616150
00010 818007802
00010 818068548
00010 822833084
00010 825854792
00010 826809080
00010 827226424
00010 827596654
00010 828023626
00010 828208710
00010 834066394
00010 834624406
00010 835752130
00010 837766028
00010 838825078
00010 839350634
00010 841288696
00010 841974934
00010 842875288
00010 845778234
00010 849001426
00010 851989170
00010 853363256
00010 855290654
00010 858153388
00010 863466034
00010 865365302
00010 871546022
00010 873860172
00010 876080782
00010 879624870
00010 879626354
00010 880688356
00010 880912030
00010 883841214
00010 884413626
00010 885778498
00010 891605462
00010 892244476
00010 892471438
00010 892693228
00010 896249172
00010 900483812
00010 901101706
00010 901967226
00010 903087808
00010 904866546
00010 911989750
00010 916048616
00010 916618282
00010 918373254
00010 919059034
00010 923630012
00010 927793038
00010 928774374
00010 929470566
00010 934692950
00010 936245608
00010 939818886
00010 941039364
00010 941474504
00010 943285052
00010 943338474
00010 943466598
00010 944168434
00010 945492416
00010 946923562
00010 953172612
00010 961371598
00010 962346100
00010 972155804
00010 973454184
00010 973869096
00010 975379970
00010 975635768
00010 975993718
00010 977240308
00010 979980386
00010 989603582
00010 991661808
00010 991971062
00010 995652926
00010 997505070
00010 1008340
00010 3552888
00010 3674450
00010 5780772
00010 11003252
00010 12920878
00010 14625694
00010 21018690
00010 22163470
00010 25434424
00010 27628670
00010 35679486
00010 37016120
00010 37116060
00010 37228944
00010 37820194
00010 40389630
00010 41490734
00010 42495732
00010 42701002
00010 43329190
00010 45351286
00010 54155674
00010 56199908
00010 64860218
00010 65084472
00010 69325710
00010 69781134
00010 71025210
00010 74444234
00010 76671878
00010 76842734
00010 87378690
00010 95862994
00010 98044542
00010 99480946
00010 100271882
00010 103209900
00010 116124844
00010 120958158
00010 127624880
00010 130022922
00010 132509866
00010 132934996
00010 133551146
00010 134932232
00010 137288006
00010 138924146
00010 139470060
00010 141895742
00010 141922724
00010 142129502
00010 144702592
00010 150003530
00010 151699988
00010 154057918
00010 154294160
00010 154957872
00010 157042334
00010 160269912
00010 162182336
00010 162736468
00010 162848870
00010 163099392
00010 163226214
00010 164309812
00010 172420950
00010 175497236
00010 176520448
00010 176609498
00010 177414160
00010 177554998
00010 183027072
00010 184401518
00010 185418330
00010 189111656
00010 201483454
00010 203448578
00010 206978174
00010 206988936
00010 207932744
00010 209406466
00010 209784064
00010 217263632
00010 217922106
00010 220695006
00010 223978900
00010 225924088
00010 229220086
00010 229766790
00010 230514372
00010 232571126
00010 232930738
00010 232932286
00010 236440232
00010 241986946
00010 246702870
00010 247712638
00010 248322170
00010 250186146
00010 251036862
00010 252577874
00010 258617394
00010 260632860
00010 261623692
00010 262002670
00010 262701146
00010 267230988
00010 267874250
00010 269111706
00010 270499446
00010 270503962
00010 270603722
00010 272664852
00010 274081086
00010 276485958
00010 278131058
00010 281084454
00010 283154334
00010 286703168
00010 286868468
00010 288752764
00010 289314936
00010 289442944
00010 290800378
00010 291921606
00010 293297080
00010 293666714
00010 297004948
00010 298899294
00010 300043124
00010 305036204
00010 307027454
00010 308553494
00010 312604944
00010 312886992
00010 316081336
00010 319145514
00010 319791896
00010 320122496
00010 320172096
00010 322436194
00010 324401442
00010 324490756
00010 326023644
00010 326371752
00010 327010740
00010 327317936
00010 331251562
00010 340108428
00010 340255218
00010 341236932
00010 342173860
00010 343146624
00010 346491868
00010 348323434
00010 348327130
00010 348762452
00010 349026320
00010 349785706
00010 350453400
00010 350929584
00010 353764842
00010 354241612
00010 354991108
00010 354992388
00010 357582210
00010 358918016
00010 359660176
00010 360781254
00010 369695968
00010 371569424
00010 372762968
00010 377562390
00010 381799678
00010 384077840
00010 387850588
00010 389128390
00010 393465260
00010 393495126
00010 394977824
00010 397873554
00010 400971776
00010 401579934
00010 401935932
00010 406875328
00010 407911012
00010 417681736
00010 417687174
00010 421893804
00010 422260646
00010 423359128
00010 431509590
00010 433897776
00010 433988700
00010 435298048
00010 435337008
00010 437921792
00010 438998202
00010 441027198
00010 441501088
00010 442343822
00010 443070498
00010 444397362
00010 445979664
00010 446075534
00010 446159716
00010 449482598
00010 460317038
00010 460370830
00010 462161852
00010 462799646
00010 464273546
00010 479483874
00010 481235810
00010 481543648
00010 483134376
00010 485671786
00010 487845826
00010 488706822
00010 488882166
00010 494826154
00010 494857762
00010 495424702
00010 495509806
00010 501128050
00010 503117344
00010 506219486
00010 509538838
00010 510242396
00010 523525218
00010 526394002
00010 527831032
00010 529414080
00010 534516808
00010 536545072
00010 540453688
00010 542829014
00010 543209422
00010 548891524
00010 550706078
00010 551274082
00010 551358952
00010 552806056
00010 553146082
00010 554173236
00010 554343758
00010 557078568
00010 558775958
00010 558994202
00010 561004028
00010 571534848
00010 571698124
00010 577241870
00010 578778476
00010 580538942
00010 583967458
00010 587520310
00010 588578076
00010 591245708
00010 593565830
00010 593985776
00010 594125228
00010 595124266
00010 597019440
00010 597041370
00010 598255002
00010 604282742
00010 607654182
00010 608766806
00010 609542830
00010 613239682
00010 616757178
00010 616921834
00010 619508538
00010 622486236
00010 623458236
00010 628729464
00010 628794352
00010 630403058
00010 631264452
00010 632545026
00010 635635870
00010 641618968
00010 644058484
00010 644172456
00010 645589296
00010 646917894
00010 647625766
00010 649397788
00010 653380200
00010 653642116
00010 655337280
00010 655682920
00010 658882918
00010 660696064
00010 661427128
00010 665312694
00010 665511466
00010 667199618
00010 667345584
00010 672300574
00010 673917524
00010 676471588
00010 678389102
00010 679938736
00010 682774220
00010 684957606
00010 685850548
00010 686954648
00010 689691794
00010 694752054
00010 695577360
00010 697542380
00010 707741626
00010 707743644
00010 713097850
00010 713169622
00010 715866902
00010 715990802
00010 717002290
00010 718684124
00010 723029890
00010 723739322
00010 724324374
00010 731187904
00010 734396634
00010 737815842
00010 738397662
00010 739269542
00010 744743428
00010 748441782
00010 753754046
00010 755248522
00010 755622020
00010 758792936
00010 762567036
00010 765129554
00010 766041798
00010 766391444
00010 768210144
00010 772341114
00010 773055892
00010 774520386
00010 777780816
00010 778587188
00010 778857272
00010 781609960
00010 782172558
00010 785152576
00010 789083176
00010 794166180
00010 796116746
00010 797981748
00010 801754522
00010 802749452
00010 805157162
00010 805905498
00010 806487492
00010 807376058
00010 808488492
00010 811051634
00010 813294386
00010 818353646
00010 823474732
00010 826565592
00010 827164164
00010 828712248
00010 829580068
00010 837129528
00010 840616444
00010 844540266
00010 847499890
00010 854124650
00010 854337882
00010 855399550
00010 855930472
00010 861118142
00010 861394644
00010 863913428
00010 866838322
00010 869672334
00010 869914758
00010 874935264
00010 875064454
00010 876626558
00010 877918426
00010 878004982
00010 878582640
00010 879445684
00010 879827544
00010 880760986
00010 881452738
00010 888567988
00010 890751010
00010 890912740
00010 899703048
00010 901976612
00010 902755392
00010 903216724
00010 904896002
00010 906022022
00010 912264238
00010 913030866
00010 915411852
00010 917092476
00010 917109018
00010 918848094
00010 928730504
00010 933602752
00010 935943508
00010 936429806
00010 938225444
00010 940628818
00010 942058778
00010 943875536
00010 945937656
00010 950342650
00010 950706634
00010 953549748
00010 954831238
00010 957580374
00010 963836198
00010 965782772
00010 970109962
00010 970674880
00010 972177706
00010 972757434
00010 975187340
00010 976800968
00010 977781982
00010 978019296
00010 979040282
00010 981354192
00010 986327776
00010 987439372
00010 989873620
00010 998878640
00010 2272916
00010 4159138
00010 4406274
00010 10895118
00010 14048824
00010 14917282
00010 16849928
00010 16947720
00010 17118590
00010 19087190
00010 22694062
00010 22970864
00010 23104912
00010 25271214
00010 27289422
00010 27585282
00010 28218854
00010 30129818
00010 31672560
00010 32358000
00010 34921444
00010 37230872
00010 39497932
00010 39790828
00010 42394306
00010 48926552
00010 49064000
00010 49947748
00010 51974956
00010 53771108
00010 55709768
00010 59171204
00010 60262486
00010 62891486
00010 67920708
00010 68362228
00010 72380578
00010 72414950
00010 73637860
00010 75525622
00010 77049966
00010 77250900
00010 77285204
00010 78121604
00010 78382694
00010 78732624
00010 79195246
00010 84118286
00010 86660000
00010 86898864
00010 88832676
00010 88967638
00010 89076722
00010 92860872
00010 102734598
00010 104219526
00010 104277276
00010 104352564
00010 106833636
00010 110017712
00010 111290242
00010 111522930
00010 113303432
00010 114237500
00010 119963356
00010 122127846
00010 122798678
00010 124812832
00010 130387086
00010 130617450
00010 131494676
00010 133258468
00010 136462074
00010 140491152
00010 145431624
00010 145438956
00010 146531012
00010 147317212
00010 147537756
00010 148242280
00010 149864060
00010 153410206
00010 154248706
00010 155323678
00010 155590316
00010 157912706
00010 158902744
00010 165426678
00010 166045746
00010 166335624
00010 166982394
00010 167123256
00010 167251172
00010 168001906
00010 178073112
00010 181569900
00010 181804836
00010 182543526
00010 183706986
00010 185199360
00010 187315652
00010 189394560
00010 189509952
00010 190395578
00010 191961330
00010 193552514
00010 194609016
00010 194907646
00010 196365814
00010 196592526
00010 200243870
00010 205538558
00010 208589816
00010 210772872
00010 212139474
00010 212198832
00010 217666762
00010 217671986
00010 218224140
00010 218932030
00010 220663866
00010 221828614
00010 227675290
00010 228995022
00010 229926358
00010 230119600
00010 232470610
00010 235765334
00010 236784238
00010 238158020
00010 238652324
00010 242463210
00010 242962990
00010 245343370
00010 246405072
00010 249488834
00010 249713456
00010 251051162
00010 253085944
00010 257438844
00010 257700478
00010 257862800
00010 261019628
00010 262189490
00010 263812334
00010 265131738
00010 265737936
00010 267394836
00010 267660950
00010 268110394
00010 269192386
00010 271127430
00010 271669198
00010 271671914
00010 271771296
00010 274678802
00010 276265306
00010 276499736
00010 280143682
00010 281269868
00010 282376010
00010 283670450
00010 284187470
00010 285282444
00010 285532304
00010 287575904
00010 287792468
00010 289478202
00010 292789256
00010 294893644
00010 297324728
00010 305808406
00010 311013750
00010 311973780
00010 312164830
00010 312167506
00010 317276348
00010 317820042
00010 318204170
00010 318820010
00010 319720200
00010 321810468
00010 322320154
00010 322422016
00010 327243192
00010 328098526
00010 337267316
00010 342568678
00010 344979222
00010 347442220
00010 347847030
00010 353230614
00010 356915134
00010 357192594
00010 359176458
00010 359507152
00010 362064796
00010 365501278
00010 367563282
00010 373122154
00010 381796928
00010 385164608
00010 390669844
00010 391360284
00010 393255072
00010 394656124
00010 394776894
00010 402801552
00010 402997938
00010 405691274
00010 405865832
00010 408672896
00010 408764302
00010 410405700
00010 412235154
00010 412798084
00010 416959732
00010 418562846
00010 420364828
00010 420661498
00010 428305318
00010 431446562
00010 431498482
00010 432650858
00010 433089334
00010 434120338
00010 440797594
00010 444079616
00010 444507146
00010 445646904
00010 447578076
00010 450333416
00010 450562010
00010 452115914
00010 453055216
00010 454374438
00010 457253620
00010 463104508
00010 464862008
00010 465725836
00010 466860008
00010 471738006
00010 471951134
00010 473309026
00010 475271256
00010 476573704
00010 476946242
00010 480486692
00010 481301784
00010 482532094
00010 486648538
00010 489337266
00010 489962266
00010 491297654
00010 491472848
00010 495257768
00010 495620800
00010 497599372
00010 500222166
00010 501242710
00010 502249806
00010 503485012
00010 503906560
00010 507943824
00010 509233194
00010 510381838
00010 511458840
00010 516003702
00010 516172376
00010 525361336
00010 525412148
00010 527986824
00010 530272772
00010 530603626
00010 530612080
00010 531428562
00010 533962084
00010 534221342
00010 537646318
00010 537947318
00010 540253594
00010 540601370
00010 540688376
00010 542241736
00010 543470858
00010 544075822
00010 545209608
00010 547347798
00010 549041848
00010 551674000
00010 551865588
00010 552205320
00010 552534784
00010 559734742
00010 561099976
00010 573893238
00010 579658000
00010 581793130
00010 582019994
00010 586006018
00010 586194046
00010 588722832
00010 592076708
00010 593609728
00010 593984362
00010 595888914
00010 597289426
00010 599909124
00010 602271748
00010 602765674
00010 603240510
00010 603889532
00010 604738262
00010 605969668
00010 613331536
00010 614414946
00010 615354444
00010 621347044
00010 625199740
00010 625295112
00010 631551426
00010 631983582
00010 632376742
00010 641642508
00010 643238852
00010 654271212
00010 657451788
00010 659425224
00010 660271844
00010 661058988
00010 661236396
00010 667644036
00010 670115230
00010 671292550
00010 671921836
00010 673323182
00010 674536680
00010 678902068
00010 680911200
00010 683855126
00010 684824622
00010 685235106
00010 689543802
00010 689860940
00010 690161086
00010 693805948
00010 694286576
00010 694400130
00010 694860958
00010 694934894
00010 701129512
00010 703428718
00010 709005096
00010 712420324
00010 712430274
00010 713932700
00010 713952928
00010 715164354
00010 716268270
00010 716531706
00010 717885318
00010 720503680
00010 720544930
00010 724907422
00010 725718946
00010 727529766
00010 728225224
00010 731621654
00010 733478728
00010 736660616
00010 744200876
00010 746969320
00010 747097250
00010 748717050
00010 754008872
00010 755183736
00010 755907338
00010 756777140
00010 758174988
00010 759631724
00010 761268688
00010 761977958
00010 762603616
00010 766891884
00010 767035774
00010 768075386
00010 771661138
00010 773819480
00010 778734774
00010 781913482
00010 784493898
00010 787481504
00010 787818536
00010 789268922
00010 789518864
00010 789975878
00010 790357138
00010 791465344
00010 793638954
00010 794026406
00010 795353640
00010 797938020
00010 797950954
00010 804179382
00010 804976796
00010 807058732
00010 811425168
00010 811985486
00010 812975132
00010 813262248
00010 815772178
00010 818281468
00010 819234078
00010 819405840
00010 820854304
00010 827198204
00010 837732320
00010 839251864
00010 840852806
00010 845534580
00010 848554576
00010 848558638
00010 848748324
00010 852795618
00010 857468482
00010 857667348
00010 859444366
00010 861057770
00010 863833100
00010 865639174
00010 866790604
00010 877270404
00010 877433232
00010 877819082
00010 878330324
00010 878452572
00010 880671848
00010 882320506
00010 883317024
00010 888910094
00010 889199512
00010 889265982
00010 889313964
00010 891511286
00010 892230008
00010 895109914
00010 896224170
00010 896594926
00010 896611552
00010 899018842
00010 899936342
00010 902286984
00010 905744240
00010 907728210
00010 912056616
00010 913731292
00010 914018908
00010 916049466
00010 916497548
00010 917285124
00010 918530318
00010 918552684
00010 918980670
00010 919022958
00010 923764224
00010 924502010
00010 925706090
00010 929009472
00010 930310228
00010 932343974
00010 933778252
00010 935206536
00010 939872272
00010 941423800
00010 943186160
00010 947495416
00010 947814412
00010 947893346
00010 950866316
00010 951565126
00010 952045010
00010 954205578
00010 957240826
00010 960887298
00010 963229254
00010 965450316
00010 967251432
00010 971946584
00010 973129910
00010 973141622
00010 973145506
00010 975572434
00010 976326692
00010 977322724
00010 978045522
00010 979801916
00010 981366288
00010 984873190
00010 985006912
00010 985330152
00010 987993074
00010 988827230
00010 990602164
00010 991332030
00010 993108170
00010 993490790
00010 998851574
00010 999338310
00010 2676432
00010 7026438
00010 8956972
00010 9074920
00010 9320550
00010 13985044
00010 24432082
00010 27783932
00010 29061268
00010 29814180
00010 30633484
00010 36647710
00010 39699992
00010 41172490
00010 41853276
00010 42661838
00010 44081132
00010 45168380
00010 48765474
00010 57363928
00010 59450324
00010 59529624
00010 59896514
00010 62996676
00010 63974992
00010 65966732
00010 67758240
00010 68482338
00010 69375910
00010 75023038
00010 75459346
00010 79312096
00010 81220830
00010 81547832
00010 83955236
00010 84096388
00010 87173726
00010 87448794
00010 91179168
00010 91465648
00010 91870392
00010 92075828
00010 92243012
00010 92575604
00010 94094832
00010 97559818
00010 101311094
00010 101324486
00010 114980024
00010 115162770
00010 118007900
00010 118033570
00010 120218988
00010 124696954
00010 130892558
00010 131554032
00010 133275336
00010 133432538
00010 133978572
00010 137752330
00010 138059568
00010 138152012
00010 141987060
00010 147686954
00010 148259128
00010 152014234
00010 152023984
00010 158407758
00010 165879844
00010 169957556
00010 176641380
00010 180380376
00010 183094664
00010 183113074
00010 183919606
00010 184331660
00010 188884804
00010 189058974
00010 200705190
00010 210713258
00010 210794894
00010 210932518
00010 221549100
00010 222410992
00010 222654398
00010 225701108
00010 226709720
00010 230115424
00010 232576218
00010 234601552
00010 234835728
00010 236999508
00010 237028702
00010 237621042
00010 239452216
00010 239812780
00010 244503880
00010 244706406
00010 245713242
00010 245930926
00010 249935536
00010 253283122
00010 255005408
00010 255634214
00010 260302774
00010 268980230
00010 269405624
00010 271267606
00010 272481124
00010 274290622
00010 275521818
00010 279836146
00010 282269952
00010 282327114
00010 287074162
00010 287669326
00010 288177310
00010 290970274
00010 291971656
00010 292508848
00010 295657208
00010 296186622
00010 302255274
00010 305243884
00010 309925152
00010 311269316
00010 312575522
00010 317162210
00010 317192464
00010 320090482
00010 331721012
00010 337213730
00010 339675424
00010 343229424
00010 344057262
00010 348941712
00010 349331956
00010 349548390
00010 351214326
00010 352459466
00010 355416508
00010 355635588
00010 359240516
00010 359857316
00010 360176308
00010 364394858
00010 367696828
00010 368964456
00010 370479158
00010 372434230
00010 372821884
00010 373888800
00010 374075908
00010 375812634
00010 377232510
00010 379274704
00010 382876624
00010 390057436
00010 394234014
00010 395322262
00010 395596660
00010 399585976
00010 400255400
00010 401849276
00010 406370158
00010 408960344
00010 416257526
00010 419453416
00010 420002004
00010 420503700
00010 422252500
00010 422639226
00010 425247534
00010 427360012
00010 430252726
00010 430429140
00010 431231032
00010 434772552
00010 435630146
00010 439199764
00010 439242002
00010 442275974
00010 442675306
00010 444468142
00010 446179198
00010 446922192
00010 456526098
00010 461992956
00010 462658244
00010 464539368
00010 464696398
00010 464926736
00010 468874014
00010 474473824
00010 474761148
00010 476179828
00010 476604178
00010 476730384
00010 481039424
00010 483976982
00010 485290822
00010 487038956
00010 492089990
00010 492096218
00010 494101420
00010 495930858
00010 498944434
00010 500315774
00010 500339788
00010 505686486
00010 507472604
00010 509157520
00010 509400002
00010 510797814
00010 514678092
00010 515837790
00010 517931238
00010 519220414
00010 522339212
00010 522371204
00010 526828696
00010 528628410
00010 529479434
00010 532061512
00010 533921716
00010 535093424
00010 542364820
00010 545914566
00010 548616058
00010 551075974
00010 552281812
00010 555796936
00010 564283194
00010 564511406
00010 564623168
00010 566304476
00010 566957104
00010 568015804
00010 571683854
00010 575488548
00010 578418332
00010 589415676
00010 589691210
00010 590639220
00010 593000090
00010 599636246
00010 603834354
00010 610133894
00010 614468310
00010 616613710
00010 618108204
00010 621541898
00010 621862844
00010 622492360
00010 623390784
00010 623891258
00010 624960814
00010 625012080
00010 625361698
00010 626240316
00010 629740908
00010 634386584
00010 634566564
00010 635963512
00010 636349546
00010 636890318
00010 638405402
00010 639720146
00010 643652440
00010 648724412
00010 649340430
00010 649697348
00010 649815504
00010 653287472
00010 654013004
00010 654349784
00010 655762010
00010 657605356
00010 657662056
00010 659468786
00010 665877692
00010 668778154
00010 675351396
00010 675989628
00010 677708212
00010 677946068
00010 681004664
00010 683359740
00010 683858446
00010 683927514
00010 684416058
00010 684653290
00010 685887500
00010 686555104
00010 686788608
00010 689870002
00010 690407188
00010 690938146
00010 692812432
00010 694183190
00010 698366598
00010 699577306
00010 703537846
00010 704477562
00010 705468428
00010 705494018
00010 705829262
00010 707987914
00010 709609960
00010 709868214
00010 710640698
00010 713091194
00010 714071848
00010 714657366
00010 715495746
00010 716700944
00010 717473330
00010 717558112
00010 719096132
00010 720289668
00010 722083760
00010 724901174
00010 726230338
00010 728065558
00010 731687076
00010 732962860
00010 736916244
00010 738742198
00010 740268618
00010 740690622
00010 742535566
00010 747870568
00010 753256886
00010 755089258
00010 756460162
00010 757473514
00010 759689028
00010 760335736
00010 762393482
00010 762530286
00010 767598916
00010 770469698
00010 770473386
00010 770557372
00010 771541294
00010 773258814
00010 773752430
00010 777311474
00010 779162052
00010 780546594
00010 781515782
00010 781970746
00010 782200490
00010 782318626
00010 782803840
00010 792263040
00010 797133618
00010 797837378
00010 802083370
00010 805688668
00010 811220786
00010 811696252
00010 811777344
00010 813341916
00010 814128890
00010 814460318
00010 817816908
00010 818469806
00010 819925008
00010 820090370
00010 824502650
00010 828020050
00010 828847426
00010 832176046
00010 832590806
00010 832907548
00010 834752524
00010 840610600
00010 846644944
00010 849468836
00010 852175478
00010 852904688
00010 861690812
00010 867275336
00010 869193256
00010 875190962
00010 883351148
00010 887227908
00010 888723578
00010 896664014
00010 901135154
00010 907911400
00010 910404782
00010 913165636
00010 916704262
00010 918299820
00010 919211422
00010 920625388
00010 921498194
00010 924833356
00010 925687454
00010 927446006
00010 929431766
00010 931173382
00010 933312206
00010 936623774
00010 937449124
00010 938314588
00010 939027480
00010 940696302
00010 941968604
00010 942967370
00010 945940914
00010 955166940
00010 957792966
00010 959436354
00010 961095922
00010 963835234
00010 963850496
00010 969147338
00010 969653980
00010 974675702
00010 975815820
00010 976266730
00010 977738230
00010 981538652
00010 981986664
00010 983396334
00010 984132824
00010 985654398
00010 987501594
00010 989773714
00010 991447994
00010 993736826
00010 993996172
00010 997506268
00010 997568208
00010 637854
00010 4468144
00010 4720146
00010 5668574
00010 6410424
00010 10178664
00010 18209030
00010 19792218
00010 20243442
00010 25041466
00010 26556026
00010 29916402
00010 34462306
00010 36161444
00010 40539862
00010 48534536
00010 50397452
00010 59239540
00010 59300718
00010 61662928
00010 61784932
00010 67267104
00010 67454568
00010 73960290
00010 74961118
00010 80940868
00010 81199284
00010 81357066
00010 81621284
00010 85138250
00010 87529202
00010 88894984
00010 89012422
00010 90019252
00010 90281256
00010 91007150
00010 91970956
00010 95348714
00010 97246726
00010 101276792
00010 101670482
00010 103759250
00010 105923142
00010 109664090
00010 111861074
00010 113964882
00010 114137734
00010 115085826
00010 115259652
00010 116838356
00010 117438328
00010 123060114
00010 127365730
00010 128719906
00010 131321110
00010 131594762
00010 134282152
00010 142189752
00010 143932914
00010 146748504
00010 147457900
00010 148806750
00010 149569012
00010 149968338
00010 153058520
00010 155590934
00010 155977508
00010 157078524
00010 158422606
00010 162301946
00010 163476162
00010 163655222
00010 163661004
00010 165710582
00010 166211134
00010 166334494
00010 167075462
00010 167913920
00010 172707554
00010 179331284
00010 180542802
00010 180769386
00010 181808510
00010 183852574
00010 191581932
00010 195660446
00010 200430364
00010 203021592
00010 207632478
00010 208214198
00010 211319696
00010 213481140
00010 215990436
00010 216564934
00010 223891384
00010 225912512
00010 229100708
00010 229599106
00010 230055880
00010 231396380
00010 232637510
00010 237348358
00010 244615280
00010 246371174
00010 247473904
00010 248420360
00010 249574914
00010 249721620
00010 256104168
00010 256377352
00010 261200236
00010 263040240
00010 266498886
00010 267903268
00010 268378838
00010 273886570
00010 274548894
00010 276196580
00010 282548486
00010 289868054
00010 289874852
00010 290901870
00010 291389120
00010 291430298
00010 292126048
00010 293488818
00010 295441408
00010 296313908
00010 296998732
00010 298815620
00010 302368034
00010 303336238
00010 303625244
00010 307618358
00010 312612884
00010 315154962
00010 315200122
00010 315466798
00010 317674096
00010 319920990
00010 322681058
00010 324858270
00010 327165842
00010 330888438
00010 331543008
00010 334469426
00010 336527130
00010 338136378
00010 340805364
00010 342076280
00010 342739532
00010 343483974
00010 343955414
00010 354065834
00010 355046482
00010 356647466
00010 361707510
00010 362402420
00010 367610594
00010 367786840
00010 371098824
00010 372514268
00010 373505472
00010 375529738
00010 376307350
00010 378364796
00010 378530256
00010 382173122
00010 383006942
00010 383298334
00010 384631018
00010 385095400
00010 385326484
00010 387368202
00010 388249752
00010 389379226
00010 391791112
00010 395797018
00010 400704120
00010 401865474
00010 404778626
00010 410045952
00010 413375356
00010 413530642
00010 417967386
00010 419549234
00010 422453524
00010 431062622
00010 431163736
00010 431194014
00010 431348988
00010 432349388
00010 433816860
00010 434483380
00010 436264080
00010 439083838
00010 443271244
00010 444921984
00010 446091022
00010 447912100
00010 449118934
00010 450722538
00010 451294646
00010 451528192
00010 453099600
00010 454445478
00010 455084916
00010 455535990
00010 459695066
00010 465390842
00010 465706248
00010 471044466
00010 472907730
00010 473978552
00010 474685392
00010 477083946
00010 478881900
00010 487740646
00010 489076066
00010 490490820
00010 493535708
00010 493889756
00010 495409612
00010 499021974
00010 499023660
00010 499248266
00010 499509612
00010 504168964
00010 504527888
00010 507009018
00010 507308640
00010 507518166
00010 508983500
00010 510053940
00010 513482762
00010 516206926
00010 516538214
00010 519246510
00010 519750928
00010 519993022
00010 520701446
00010 525153042
00010 527689156
00010 528249142
00010 531918308
00010 536825850
00010 538994566
00010 539231912
00010 540223766
00010 543942784
00010 548112022
00010 550509668
00010 551927376
00010 554552974
00010 561163094
00010 564112402
00010 565157276
00010 566533040
00010 567738990
00010 572340812
00010 576270206
00010 580231396
00010 581572090
00010 582774948
00010 583421060
00010 584592672
00010 590353956
00010 590699900
00010 592685934
00010 594873798
00010 595298026
00010 596090248
00010 596947112
00010 604877496
00010 611535936
00010 612065340
00010 614587378
00010 617460272
00010 619581894
00010 625601986
00010 634776634
00010 636533312
00010 637193330
00010 644009920
00010 645984182
00010 646200790
00010 648793430
00010 653003130
00010 657790310
00010 658682056
00010 658754252
00010 659138356
00010 659238008
00010 662131582
00010 665506568
00010 666195654
00010 671928790
00010 675293156
00010 683861416
00010 684096856
00010 685790358
00010 686206168
00010 687503448
00010 688648988
00010 689810056
00010 695823936
00010 696316256
00010 697894054
00010 699970326
00010 700986858
00010 700990238
00010 701249712
00010 702852730
00010 708168878
00010 711077262
00010 711296754
00010 725899802
00010 732091268
00010 732619060
00010 735343904
00010 735844162
00010 739501720
00010 740860612
00010 742759000
00010 746374096
00010 746964378
00010 748703722
00010 749138536
00010 750201872
00010 750995958
00010 752160472
00010 753663884
00010 753675612
00010 754001112
00010 754734480
00010 755101020
00010 756672970
00010 758028004
00010 762084210
00010 763355538
00010 764573330
00010 764722640
00010 764736468
00010 766369142
00010 768970912
00010 772512540
00010 774987326
00010 778648946
00010 781854486
00010 783634516
00010 785748570
00010 785896694
00010 790541274
00010 791684436
00010 793348344
00010 795366282
00010 795590930
00010 797266740
00010 798611150
00010 799061410
00010 808074722
00010 808256216
00010 808537856
00010 808924288
00010 810054456
00010 814348206
00010 815002914
00010 821712654
00010 822306076
00010 822336644
00010 825865956
00010 826862720
00010 829037594
00010 835999688
00010 841535836
00010 850119984
00010 852892990
00010 853493168
00010 856153708
00010 858275298
00010 858634316
00010 859098812
00010 861440644
00010 865615180
00010 865707708
00010 871398280
00010 873200982
00010 873806378
00010 875114972
00010 879250666
00010 884382752
00010 887064992
00010 887382852
00010 888742884
00010 888755420
00010 890559462
00010 893491990
00010 898369042
00010 899934870
00010 903073708
00010 907802014
00010 911218948
00010 911265024
00010 912854790
00010 915235902
00010 916235202
00010 916917794
00010 920541356
00010 921729964
00010 923779880
00010 925901136
00010 927182680
00010 930346284
00010 930715208
00010 931103372
00010 931965784
00010 933683788
00010 937113442
00010 937664636
00010 941127298
00010 944836396
00010 946610706
00010 947481196
00010 948359172
00010 949564984
00010 952438234
00010 954553612
00010 958555746
00010 960898648
00010 963629912
00010 964268728
00010 974432986
00010 980294578
00010 980432002
00010 982410482
00010 982483482
00010 986817758
00010 987139984
00010 988682206
00010 991628592
00010 992673038
00010 995480486
00010 997732896
00010 793890
00010 3411824
00010 5445056
00010 9062428
00010 16437282
00010 17415164
00010 19691870
00010 20366846
00010 26023484
00010 27016906
00010 27904014
00010 27986474
00010 29756728
00010 30485208
00010 31554252
00010 33035498
00010 33275376
00010 41882756
00010 45462158
00010 46723562
00010 53585700
00010 60552816
00010 64120904
00010 66449296
00010 69340656
00010 74445604
00010 84411492
00010 84718222
00010 84925412
00010 85664054
00010 88115362
00010 88261942
00010 90152754
00010 91215502
00010 91994658
00010 92286020
00010 96759918
00010 102314000
00010 103738928
00010 104217786
00010 106812580
00010 108526238
00010 111700702
00010 114846308
00010 116641120
00010 120179856
00010 121813152
00010 122775220
00010 123379626
00010 123693640
00010 123770122
00010 126075502
00010 127277668
00010 127677276
00010 130501426
00010 131899472
00010 135994138
00010 136104170
00010 136209896
00010 136479378
00010 141658212
00010 142124186
00010 144349950
00010 146219582
00010 147064288
00010 147308872
00010 147960496
00010 148422500
00010 149249186
00010 149693372
00010 152470476
00010 152683492
00010 153259058
00010 157461290
00010 163639306
00010 165984050
00010 167363036
00010 168007110
00010 169097186
00010 172083796
00010 175584774
00010 177222044
00010 182704834
00010 182877572
00010 184210920
00010 185427916
00010 185720768
00010 186020802
00010 186655180
00010 187697400
00010 188844814
00010 191850246
00010 197118662
00010 198754454
00010 209316932
00010 210772708
00010 210890154
00010 219807348
00010 222028604
00010 222649196
00010 223499672
00010 227282122
00010 229859946
00010 230225364
00010 231198004
00010 231774104
00010 233742466
00010 235333404
00010 236963652
00010 237153458
00010 237559158
00010 239742856
00010 242120582
00010 245241914
00010 245594470
00010 249015542
00010 249495304
00010 252542718
00010 253753278
00010 254262146
00010 260469816
00010 263089432
00010 263375362
00010 263913746
00010 269402426
00010 269563892
00010 272742720
00010 272858504
00010 273184116
00010 275512438
00010 275632280
00010 276935210
00010 285628382
00010 287086200
00010 289949388
00010 290309448
00010 295799678
00010 296133358
00010 296532544
00010 297054616
00010 302524138
00010 302974104
00010 303701742
00010 304076758
00010 304243680
00010 307951632
00010 308393198
00010 313787004
00010 313855102
00010 314031604
00010 314331702
00010 317541380
00010 322248124
00010 322358404
00010 322766678
00010 323408818
00010 324540342
00010 329740080
00010 331007770
00010 342507834
00010 343067978
00010 344797934
00010 345942508
00010 348570286
00010 349853930
00010 351007056
00010 352756446
00010 355561602
00010 357255766
00010 358124104
00010 359142148
00010 360679398
00010 361752652
00010 364048532
00010 364417128
00010 366520902
00010 366991486
00010 367140296
00010 370332378
00010 372881486
00010 373908184
00010 378432832
00010 382323526
00010 386658568
00010 389614798
00010 392511892
00010 394704958
00010 399858294
00010 402363432
00010 403216068
00010 403954038
00010 406336820
00010 406879714
00010 406993596
00010 409184790
00010 412705782
00010 412891054
00010 413463814
00010 414933496
00010 415366736
00010 415990878
00010 417531634
00010 420349544
00010 420831706
00010 423203038
00010 425891774
00010 427046262
00010 429687468
00010 429689284
00010 432374878
00010 433343090
00010 433976188
00010 436185384
00010 441192066
00010 445213036
00010 445639942
00010 449426194
00010 450230764
00010 450927276
00010 456074742
00010 458357540
00010 460410824
00010 462820180
00010 464198794
00010 465711126
00010 477211972
00010 478199296
00010 479615632
00010 483684992
00010 484119586
00010 484988554
00010 485540462
00010 485730718
00010 486020334
00010 486187390
00010 487277628
00010 490855446
00010 491470366
00010 496886128
00010 497923618
00010 498359866
00010 499424662
00010 499492634
00010 499660924
00010 502573850
00010 507187074
00010 507744582
00010 513009036
00010 515874890
00010 520276200
00010 522840126
00010 523489456
00010 527607210
00010 531266088
00010 533234640
00010 533607926
00010 535544272
00010 535704448
00010 539880826
00010 541165806
00010 541858448
00010 545964262
00010 547594678
00010 551238492
00010 551326892
00010 551871652
00010 553276354
00010 555955034
00010 558626152
00010 559040266
00010 563752580
00010 563785810
00010 571762466
00010 575518594
00010 577319522
00010 578547458
00010 579432674
00010 583268842
00010 585305504
00010 585346664
00010 587454928
00010 590359488
00010 592189992
00010 592438170
00010 595180104
00010 599693904
00010 601756200
00010 606355440
00010 607779132
00010 608654084
00010 610661034
00010 613262702
00010 616089582
00010 619492474
00010 623457144
00010 631628990
00010 635257476
00010 645714590
00010 652342290
00010 652636036
00010 658272970
00010 660208600
00010 661762466
00010 663537076
00010 668819436
00010 669434564
00010 671184658
00010 673280508
00010 673969514
00010 676398908
00010 685029694
00010 688929606
00010 689533394
00010 696698490
00010 699047566
00010 699271180
00010 703233020
00010 708133802
00010 708217046
00010 710410528
00010 715430172
00010 716138568
00010 717691646
00010 720466878
00010 721553414
00010 721641026
00010 721659898
00010 729566886
00010 730726684
00010 731862284
00010 733603668
00010 736373382
00010 736546816
00010 736747654
00010 742274844
00010 742839086
00010 743513786
00010 743935004
00010 744509096
00010 747232036
00010 750429820
00010 751193598
00010 752457646
00010 752795448
00010 753938808
00010 754083648
00010 754757422
00010 756637116
00010 759778742
00010 765982006
00010 766407814
00010 766866908
00010 767714706
00010 768496982
00010 768501278
00010 769259536
00010 770384030
00010 771921814
00010 776783610
00010 783533516
00010 785705416
00010 787538540
00010 791085100
00010 791147176
00010 791709994
00010 792662340
00010 793180748
00010 796542308
00010 799880722
00010 803718574
00010 805648694
00010 809592422
00010 811748568
00010 814802056
00010 817120174
00010 817931386
00010 818569034
00010 819139548
00010 820837540
00010 823477952
00010 825101858
00010 826763172
00010 828133260
00010 828947476
00010 830216664
00010 830285274
00010 831431148
00010 832916494
00010 837290584
00010 837476340
00010 838078070
00010 838588384
00010 846577066
00010 848449340
00010 849433672
00010 852503334
00010 855162176
00010 856862948
00010 858163462
00010 858555450
00010 861359242
00010 862896722
00010 864033528
00010 865565140
00010 872448636
00010 873382074
00010 875375856
00010 879558244
00010 882873294
00010 884424168
00010 884588872
00010 886281194
00010 887071840
00010 887770422
00010 888213182
00010 888315614
00010 889730470
00010 894194778
00010 896077962
00010 897463426
00010 901598662
00010 902540562
00010 902654274
00010 903662860
00010 906089130
00010 912745720
00010 916140276
00010 916981642
00010 919468810
00010 923671318
00010 923674510
00010 926754972
00010 932922624
00010 938289354
00010 939206648
00010 941189578
00010 941535172
00010 944251638
00010 945623336
00010 946610780
00010 946916306
00010 948546682
00010 950642650
00010 955632158
00010 957049362
00010 958433894
00010 964793904
00010 964877080
00010 966026566
00010 966323002
00010 967556786
00010 968044938
00010 969552446
00010 971023340
00010 985199098
00010 985568064
00010 985707766
00010 988525696
00010 991667132
00010 995852574
00010 995885530
00010 995929466
00010 997878020
00010 999941868
00010 1559892
00010 1994940
00010 5129244
00010 7474146
00010 7746772
00010 9687328
00010 10756150
00010 11258210
00010 13828752
00010 21102524
00010 21205820
00010 23285252
00010 23987664
00010 24291044
00010 25150064
00010 25376770
00010 26886488
00010 28518582
00010 30291414
00010 30995190
00010 32417600
00010 33963424
00010 37109758
00010 39885020
00010 39965470
00010 40280936
00010 46124684
00010 46760588
00010 49207648
00010 52690428
00010 53332588
00010 54549640
00010 55023762
00010 59029908
00010 60037652
00010 61402672
00010 61569742
00010 63438046
00010 65722474
00010 68710656
00010 68868728
00010 71311684
00010 71778326
00010 73715334
00010 74054870
00010 77298034
00010 87227790
00010 92587316
00010 93222734
00010 97724924
00010 97743418
00010 101485946
00010 102583176
00010 102609054
00010 110209248
00010 111805308
00010 111977520
00010 115359686
00010 115600844
00010 122676374
00010 122777190
00010 123018026
00010 124941732
00010 131748022
00010 133659400
00010 137960976
00010 141221756
00010 143799590
00010 143929610
00010 146681074
00010 151856524
00010 152447158
00010 153020936
00010 154308288
00010 155261132
00010 155652478
00010 157598406
00010 158788864
00010 159187776
00010 161373392
00010 165668592
00010 168646952
00010 171399842
00010 173522430
00010 175319928
00010 178981842
00010 179982770
00010 181072886
00010 181464858
00010 185370908
00010 187952414
00010 188414890
00010 189247690
00010 189517522
00010 193427328
00010 193794642
00010 198156658
00010 202815124
00010 212425712
00010 212835234
00010 214342738
00010 214565754
00010 221469146
00010 222939200
00010 237304840
00010 237808132
00010 239118542
00010 241916244
00010 243311734
00010 246750692
00010 248333554
00010 249816088
00010 250257754
00010 253080884
00010 255358530
00010 255684328
00010 257113078
00010 258334576
00010 258985734
00010 259437568
00010 259871736
00010 261106756
00010 262130362
00010 264176464
00010 265328052
00010 268705230
00010 269443290
00010 273223136
00010 276072184
00010 276979014
00010 277960616
00010 278986126
00010 279193442
00010 279697772
00010 280578472
00010 282071840
00010 282573560
00010 282871118
00010 285280070
00010 288903522
00010 288918258
00010 291295584
00010 291370870
00010 297765768
00010 299905680
00010 301317836
00010 301766022
00010 303351658
00010 305242734
00010 307119812
00010 309115118
00010 310087352
00010 311228066
00010 312887706
00010 315977598
00010 321288732
00010 323888584
00010 328497186
00010 337094192
00010 339261326
00010 346061632
00010 346187568
00010 357085700
00010 358241892
00010 358315432
00010 361756408
00010 362101256
00010 362652612
00010 365118430
00010 366173292
00010 367025926
00010 368200640
00010 368759180
00010 371441294
00010 374167824
00010 376589378
00010 380791136
00010 381432694
00010 383437942
00010 386222080
00010 389500654
00010 391470244
00010 393242166
00010 397237888
00010 398173258
00010 399421764
00010 399639192
00010 402666000
00010 402918948
00010 402937518
00010 403508222
00010 407244950
00010 415764420
00010 416649998
00010 417130818
00010 417132438
00010 419933666
00010 430148262
00010 433600950
00010 437488166
00010 439451112
00010 440201086
00010 448112000
00010 448841982
00010 451589026
00010 452321454
00010 453670562
00010 455204680
00010 461369718
00010 461440910
00010 462609096
00010 466133878
00010 468364918
00010 469460064
00010 475784754
00010 476938454
00010 479328824
00010 480495186
00010 482782862
00010 489509852
00010 495748656
00010 496144356
00010 503710960
00010 504077876
00010 506838120
00010 506869882
00010 507824472
00010 508062880
00010 508771012
00010 512133590
00010 512176264
00010 514038224
00010 515167800
00010 516063126
00010 516967734
00010 519352078
00010 521363368
00010 529096576
00010 533050706
00010 534310246
00010 539372646
00010 539999694
00010 540767420
00010 545336660
00010 546189316
00010 549194396
00010 551384264
00010 563303402
00010 563365848
00010 563404046
00010 563501046
00010 565282640
00010 566171976
00010 568053894
00010 568079474
00010 568994570
00010 570346968
00010 571067192
00010 573223484
00010 573678028
00010 576035168
00010 579948708
00010 591270028
00010 591675696
00010 592682598
00010 593311624
00010 599555302
00010 600002704
00010 600169452
00010 602406436
00010 610750120
00010 613676832
00010 619523094
00010 620432698
00010 622964956
00010 623471160
00010 624017770
00010 624052184
00010 629607906
00010 629654534
00010 630475250
00010 631761788
00010 632380160
00010 637398246
00010 642157690
00010 642420172
00010 642731268
00010 642834874
00010 643180590
00010 644559534
00010 648578724
00010 651338550
00010 651581744
00010 656665092
00010 657439910
00010 661366556
00010 663957166
00010 663958142
00010 667351350
00010 670619790
00010 670919582
00010 672574776
00010 676587576
00010 678958194
00010 680226264
00010 682065772
00010 682112190
00010 684848586
00010 686761190
00010 688619198
00010 688988154
00010 689034206
00010 693711784
00010 694760432
00010 695236900
00010 695911402
00010 698545710
00010 699150986
00010 700752124
00010 702231090
00010 702578086
00010 704087764
00010 706097930
00010 707883358
00010 710797282
00010 713617528
00010 714109604
00010 718612846
00010 723028580
00010 724504666
00010 724508928
00010 729531532
00010 729754352
00010 730376648
00010 731338888
00010 731341852
00010 731588636
00010 732319560
00010 732796242
00010 734095680
00010 737713414
00010 739459590
00010 741236052
00010 743000618
00010 744258682
00010 744718136
00010 746688752
00010 748091140
00010 758620274
00010 758996234
00010 760035594
00010 761253606
00010 761866680
00010 761878208
00010 766543162
00010 769838450
00010 773679624
00010 777198026
00010 780920488
00010 785202492
00010 785220432
00010 787862606
00010 789367220
00010 789930994
00010 794316640
00010 795413436
00010 795640846
00010 802751784
00010 809029204
00010 810808044
00010 812079480
00010 813501264
00010 815064660
00010 816659760
00010 817885692
00010 821314338
00010 821347132
00010 821780642
00010 824378414
00010 829341452
00010 829634432
00010 840081692
00010 841137724
00010 844499346
00010 845858128
00010 846684794
00010 847289660
00010 847601584
00010 853806940
00010 855550682
00010 856989192
00010 856990546
00010 857550896
00010 858958980
00010 860339070
00010 860685522
00010 863526008
00010 867372232
00010 867451834
00010 867635632
00010 868211568
00010 868234842
00010 871725340
00010 872933646
00010 875410998
00010 875833530
00010 879344038
00010 880849458
00010 882830778
00010 884452012
00010 884688792
00010 884798554
00010 884800292
00010 884952046
00010 885525972
00010 894730290
00010 895333164
00010 898169324
00010 898329716
00010 903093766
00010 904154308
00010 904767730
00010 905977396
00010 906370980
00010 913285698
00010 913847900
00010 914000614
00010 916228450
00010 919440066
00010 922100568
00010 924047538
00010 924190774
00010 926934456
00010 927285898
00010 927641326
00010 927940334
00010 928872780
00010 930407442
00010 931492082
00010 934520322
00010 937317944
00010 938964660
00010 939783644
00010 941194816
00010 942628862
00010 942834248
00010 943374180
00010 945302322
00010 945506088
00010 949401420
00010 950225000
00010 954207228
00010 957978788
00010 958739636
00010 960555202
00010 966659154
00010 971704402
00010 972126310
00010 974228454
00010 974327082
00010 975268276
00010 980000392
00010 980375992
00010 981228816
00010 981748830
00010 982325498
00010 987860120
00010 990134370
00010 994082088
00010 997643812
00010 3956672
00010 4050510
00010 4737238
00010 5516946
00010 7576398
00010 11982302
00010 13784936
00010 14736306
00010 20175544
00010 20225264
00010 22622818
00010 22957096
00010 25449384
00010 27562654
00010 29217846
00010 30436900
00010 30585556
00010 30691254
00010 34156208
00010 35028048
00010 36413296
00010 47723264
00010 49697680
00010 50497434
00010 55689818
00010 61745824
00010 63273656
00010 65296412
00010 66350182
00010 68430586
00010 71349842
00010 73037434
00010 73977746
00010 74438772
00010 75675628
00010 76598164
00010 83293014
00010 85126792
00010 85621894
00010 88024226
00010 90301564
00010 91159204
00010 94106296
00010 94958590
00010 95544342
00010 102093078
00010 102808392
00010 102868530
00010 104995210
00010 105899768
00010 107134740
00010 107620408
00010 108499320
00010 117380922
00010 121578616
00010 122311572
00010 126120972
00010 127584120
00010 128330100
00010 131322212
00010 133057958
00010 136169108
00010 137568768
00010 137712296
00010 138385752
00010 139942968
00010 141673218
00010 143318500
00010 148433584
00010 150496262
00010 150621526
00010 156205336
00010 160961598
00010 168498000
00010 169114342
00010 171347614
00010 175372840
00010 178208614
00010 181930350
00010 187413794
00010 189423312
00010 189671310
00010 190612422
00010 194180316
00010 198193592
00010 199984450
00010 201972658
00010 202637994
00010 202823352
00010 205387230
00010 206227312
00010 212992260
00010 213558466
00010 214863738
00010 216464788
00010 221821946
00010 222231804
00010 223638434
00010 223998680
00010 225718760
00010 232794904
00010 233254958
00010 238552862
00010 238815280
00010 240464524
00010 244154702
00010 247644494
00010 251361414
00010 254122636
00010 254219418
00010 257475696
00010 259021772
00010 260085126
00010 263090406
00010 264849500
00010 265060298
00010 265986522
00010 266613918
00010 266873736
00010 267383228
00010 273943614
00010 276644820
00010 276944442
00010 279767578
00010 281933358
00010 286598862
00010 290244784
00010 290902954
00010 291052768
00010 291054738
00010 292785148
00010 295341078
00010 299420474
00010 300251374
00010 300461914
00010 304184994
00010 307285216
00010 308947200
00010 310459684
00010 311187932
00010 316788250
00010 317849700
00010 318946280
00010 320620514
00010 322162002
00010 322276490
00010 323386896
00010 325745832
00010 326242432
00010 330711302
00010 334857632
00010 336628144
00010 337209412
00010 340721876
00010 342062438
00010 347114730
00010 347463060
00010 347503956
00010 348082694
00010 348247450
00010 354755152
00010 355808252
00010 356574226
00010 360809664
00010 361058846
00010 361355998
00010 361711508
00010 368176118
00010 371782644
00010 373949434
00010 374233116
00010 374256680
00010 375414144
00010 376019496
00010 378223986
00010 380486806
00010 385081622
00010 385821528
00010 391620176
00010 392069618
00010 397142574
00010 400259548
00010 400645074
00010 404803250
00010 408411968
00010 415191794
00010 415570142
00010 420602306
00010 422220462
00010 422646224
00010 423304854
00010 423495450
00010 427109420
00010 428133070
00010 429848442
00010 430706550
00010 432293370
00010 434844668
00010 437166820
00010 439792924
00010 440492738
00010 440807978
00010 442618352
00010 445915798
00010 454117972
00010 456560404
00010 461482622
00010 461550666
00010 463248114
00010 463287392
00010 463730510
00010 470732864
00010 470785268
00010 470965742
00010 472378184
00010 476642036
00010 477630710
00010 478940188
00010 479737024
00010 480278672
00010 484358610
00010 484603668
00010 485235472
00010 485240852
00010 488111548
00010 488698458
00010 491037780
00010 491208410
00010 491797084
00010 492233198
00010 493717334
00010 493980888
00010 495290004
00010 495310468
00010 503672940
00010 507169942
00010 508781772
00010 511045892
00010 511124482
00010 512030260
00010 514632290
00010 514891122
00010 517325360
00010 520119312
00010 520429690
00010 522552986
00010 527641260
00010 530645806
00010 535254424
00010 537821140
00010 541079878
00010 543519230
00010 545825392
00010 547058694
00010 548335530
00010 552633946
00010 555663430
00010 564892790
00010 566569566
00010 567318906
00010 567527756
00010 570405364
00010 570490918
00010 572480514
00010 572927398
00010 577659048
00010 578305520
00010 589409040
00010 590699930
00010 595317342
00010 596975940
00010 608883418
00010 609225798
00010 611241720
00010 612390770
00010 613400344
00010 613647416
00010 616251366
00010 616396422
00010 616883386
00010 617187594
00010 617620184
00010 618923942
00010 619739472
00010 619880894
00010 622761150
00010 629118416
00010 633822496
00010 636165738
00010 637549778
00010 639384296
00010 639595344
00010 640739038
00010 646125050
00010 647299744
00010 659349716
00010 661390006
00010 663155550
00010 665652926
00010 666868768
00010 666890148
00010 670332400
00010 671472890
00010 672327584
00010 672702364
00010 672893906
00010 676760224
00010 676763380
00010 682494500
00010 684963188
00010 691265284
00010 693127198
00010 694666980
00010 695860078
00010 696824474
00010 697187686
00010 698065834
00010 701533230
00010 701621988
00010 701905060
00010 704308632
00010 707869318
00010 708470270
00010 712437490
00010 712517020
00010 718501702
00010 727636120
00010 728281302
00010 730356706
00010 734743730
00010 735797606
00010 737015696
00010 737662026
00010 740699382
00010 745300670
00010 746035308
00010 746426788
00010 750302604
00010 750421298
00010 751331840
00010 752442602
00010 752457362
00010 767100744
00010 769487912
00010 771262984
00010 772944490
00010 773068878
00010 773958398
00010 774084782
00010 774910138
00010 775498404
00010 777347352
00010 781304812
00010 781637686
00010 783353784
00010 787463712
00010 789973566
00010 791392498
00010 794334340
00010 794709810
00010 794774466
00010 795359160
00010 796784538
00010 800559288
00010 804416030
00010 808757424
00010 810058016
00010 811556696
00010 813487634
00010 818997780
00010 819997536
00010 821592026
00010 821960274
00010 822188608
00010 822405116
00010 824856540
00010 829274090
00010 831495868
00010 832128042
00010 834733850
00010 835411228
00010 838085154
00010 843112120
00010 843778212
00010 844600824
00010 847847462
00010 848556956
00010 849040508
00010 850848878
00010 851069072
00010 854591720
00010 855034848
00010 855285086
00010 856120446
00010 856910834
00010 857546502
00010 857549464
00010 858137062
00010 858670332
00010 859438174
00010 861061770
00010 863249024
00010 864442986
00010 865107280
00010 867963690
00010 871369424
00010 875323236
00010 878435454
00010 880510918
00010 880930248
00010 881079888
00010 882758062
00010 884812710
00010 885677148
00010 898806624
00010 901299396
00010 903604230
00010 906779350
00010 906960362
00010 909318870
00010 912654894
00010 915465970
00010 916396712
00010 916641742
00010 917417502
00010 920384798
00010 920912554
00010 926501724
00010 927013078
00010 927344102
00010 927787542
00010 929497386
00010 932882692
00010 933351810
00010 934722906
00010 936805170
00010 936881856
00010 937956866
00010 938511896
00010 939697802
00010 944847864
00010 946965658
00010 948712244
00010 949568546
00010 953538740
00010 954816024
00010 956248584
00010 956425722
00010 958313010
00010 960081130
00010 961214962
00010 962636834
00010 962962078
00010 968057666
00010 970086982
00010 974609288
00010 975902368
00010 976406780
00010 976585706
00010 979145570
00010 980842204
00010 981277538
00010 983164196
00010 984681854
00010 985882876
00010 986426092
00010 986694760
00010 987629468
00010 988903166
00010 989213042
00010 992732516
00010 996964244
00010 1029790
00010 2615152
00010 2882764
00010 5226576
00010 6932878
00010 7183058
00010 7728154
00010 7956390
00010 8406354
00010 9639068
00010 9732690
00010 15275534
00010 17027710
00010 19417616
00010 25431540
00010 27276140
00010 28651582
00010 32717636
00010 34700160
00010 40263926
00010 41463106
00010 48056248
00010 52085008
00010 52168394
00010 54210576
00010 55155384
00010 55333530
00010 56944346
00010 60476386
00010 60510976
00010 63353822
00010 65640018
00010 67939560
00010 69863392
00010 73275598
00010 73485304
00010 73774018
00010 73825468
00010 74450854
00010 74583538
00010 75691784
00010 76669820
00010 78361788
00010 79377520
00010 79923944
00010 80009754
00010 80832420
00010 82731616
00010 83475302
00010 83507158
00010 86035222
00010 88284382
00010 88470952
00010 88577354
00010 92773776
00010 92840686
00010 93829090
00010 94747382
00010 100760274
00010 102318580
00010 106461828
00010 111202494
00010 112094374
00010 112096348
00010 112390204
00010 113484408
00010 121975698
00010 122375970
00010 123120064
00010 128239684
00010 128595436
00010 129094522
00010 136594494
00010 139451774
00010 140415776
00010 144692832
00010 144701470
00010 145353270
00010 149797116
00010 153083350
00010 153936088
00010 157184428
00010 159721102
00010 159857746
00010 160229396
00010 160720938
00010 163160706
00010 163281054
00010 168505648
00010 171179534
00010 171187810
00010 172028978
00010 172605796
00010 176314818
00010 177137938
00010 182207082
00010 183738330
00010 184053218
00010 188270114
00010 191933702
00010 192958078
00010 193061662
00010 193140450
00010 196208506
00010 199308362
00010 200653274
00010 204141750
00010 209007028
00010 209734444
00010 211887146
00010 212087904
00010 212477814
00010 212594026
00010 216267276
00010 217730162
00010 218285928
00010 220896550
00010 221641610
00010 225400744
00010 231363030
00010 234172286
00010 235817112
00010 243245010
00010 244233422
00010 245645368
00010 246193720
00010 246385718
00010 251821794
00010 252266678
00010 252787032
00010 253136374
00010 253286596
00010 253822662
00010 256576310
00010 256963064
00010 257438206
00010 258208100
00010 269137128
00010 269760872
00010 271812708
00010 273636040
00010 274660968
00010 275625872
00010 276284846
00010 277478418
00010 280290098
00010 285549086
00010 286398454
00010 298131116
00010 301224760
00010 301563202
00010 304055186
00010 307785272
00010 308082530
00010 308956436
00010 309276702
00010 309856412
00010 310075258
00010 312324060
00010 313429270
00010 313542934
00010 316349206
00010 319632638
00010 323003816
00010 325188478
00010 325809356
00010 338515466
00010 344590890
00010 346497654
00010 348030798
00010 351681516
00010 359981720
00010 361257682
00010 361987588
00010 363337334
00010 364703866
00010 367218548
00010 367265522
00010 368459362
00010 372451598
00010 374467758
00010 377725822
00010 378566050
00010 381624514
00010 384488788
00010 385019506
00010 386343236
00010 386465982
00010 390117696
00010 390174178
00010 390197650
00010 391096294
00010 393571146
00010 393815546
00010 398925456
00010 399432072
00010 402414238
00010 402523042
00010 403188118
00010 404037762
00010 404182634
00010 404287340
00010 405770516
00010 407706296
00010 411695934
00010 411935624
00010 413684094
00010 415498428
00010 416074720
00010 420631378
00010 423835778
00010 427229194
00010 430360746
00010 430656678
00010 431252668
00010 433025570
00010 433262214
00010 433780404
00010 435437150
00010 436138336
00010 438714482
00010 444585326
00010 445781200
00010 445791318
00010 447960810
00010 448321212
00010 448569088
00010 449610270
00010 450660504
00010 450915358
00010 455176556
00010 458708304
00010 460544348
00010 464438776
00010 468601546
00010 471165466
00010 480738268
00010 487495258
00010 489685158
00010 493511620
00010 494613902
00010 496191878
00010 504147140
00010 507661990
00010 512053088
00010 513397530
00010 515323178
00010 515473662
00010 515636448
00010 516815216
00010 518519768
00010 519789362
00010 520364742
00010 520890388
00010 521019878
00010 523113138
00010 526675364
00010 527080020
00010 535459712
00010 535750676
00010 539230440
00010 543151222
00010 546211592
00010 546841864
00010 547165906
00010 547885122
00010 550908472
00010 554681696
00010 554980172
00010 555129198
00010 555335246
00010 557109122
00010 560854258
00010 561106252
00010 562325282
00010 564605324
00010 564832692
00010 566951198
00010 567961090
00010 569144190
00010 571324130
00010 575117036
00010 585534374
00010 586941320
00010 586962198
00010 590056954
00010 590855258
00010 598367898
00010 601817346
00010 602333648
00010 602681226
00010 604693042
00010 605144962
00010 614170070
00010 616541744
00010 622087228
00010 624344466
00010 632863782
00010 633887424
00010 639032610
00010 641542560
00010 642434932
00010 642520234
00010 643227420
00010 645552036
00010 648432252
00010 648783332
00010 649119838
00010 649239772
00010 652383270
00010 656507894
00010 659091122
00010 661349468
00010 662503684
00010 663529428
00010 665137016
00010 666824910
00010 668178870
00010 669358514
00010 670232756
00010 670295778
00010 670298484
00010 670965698
00010 671241908
00010 675640200
00010 680200412
00010 683415228
00010 688407460
00010 688503120
00010 688721044
00010 689283648
00010 691786024
00010 696272962
00010 696730952
00010 699217164
00010 699272464
00010 703184544
00010 706940530
00010 708111964
00010 709078464
00010 714479658
00010 715204626
00010 715695730
00010 723433364
00010 723514032
00010 727649084
00010 728067440
00010 729544464
00010 731199830
00010 732696212
00010 733483558
00010 738369402
00010 740749458
00010 741017928
00010 741247668
00010 741413568
00010 742208722
00010 748009178
00010 748095788
00010 749906142
00010 753016264
00010 754650010
00010 758444782
00010 759270150
00010 761535340
00010 762477510
00010 766717028
00010 769977326
00010 770629030
00010 771770690
00010 773791438
00010 775044424
00010 775811996
00010 779148568
00010 780768670
00010 780891272
00010 781546916
00010 783242430
00010 783842922
00010 787399444
00010 787416034
00010 789289754
00010 790734776
00010 791038030
00010 793273788
00010 796415936
00010 797897150
00010 798091052
00010 798428384
00010 802217760
00010 804101038
00010 805173218
00010 809432240
00010 812115900
00010 812368158
00010 813272672
00010 815109412
00010 817101812
00010 817694138
00010 818996292
00010 821016530
00010 822111884
00010 822945228
00010 824300792
00010 830239112
00010 832128134
00010 844573254
00010 845113524
00010 847074756
00010 850755874
00010 851022046
00010 854198784
00010 855978472
00010 857580676
00010 857735746
00010 858378890
00010 858607122
00010 861965472
00010 862535786
00010 864237430
00010 867180052
00010 868005420
00010 873562478
00010 876250666
00010 877716064
00010 885879908
00010 893341320
00010 895868878
00010 913544344
00010 914494698
00010 914642428
00010 916163976
00010 918045010
00010 918110256
00010 919704926
00010 923368132
00010 924180606
00010 924527320
00010 936203800
00010 937553190
00010 940348680
00010 941440464
00010 943802458
00010 946953012
00010 948414030
00010 950969434
00010 955264468
00010 955699446
00010 955812100
00010 959991136
00010 963658364
00010 963794242
00010 966930744
00010 973600568
00010 973635140
00010 974689466
00010 977146584
00010 978466684
00010 980018998
00010 983496664
00010 986963392
00010 987139760
00010 987634740
00010 988289962
00010 989096408
00010 992367582
00010 992766184
00010 993479458
00010 999202418
00010 1149972
00010 2643168
00010 2780662
00010 5796688
00010 6669256
00010 9637576
00010 10594652
00010 15549044
00010 16175386
00010 16866090
00010 18278864
00010 19480516
00010 22864192
00010 23493444
00010 25088984
00010 28507660
00010 30899850
00010 34681266
00010 36813846
00010 37410776
00010 37667868
00010 39760000
00010 44680272
00010 47765204
00010 49004624
00010 49309616
00010 49513002
00010 50880128
00010 51351970
00010 55315446
00010 56974938
00010 61076388
00010 64219800
00010 64528628
00010 66402904
00010 66637734
00010 69518792
00010 70384394
00010 70793308
00010 72865630
00010 76955888
00010 82176502
00010 87332620
00010 90621610
00010 91714454
00010 93246984
00010 97273062
00010 105523610
00010 111131210
00010 115358366
00010 120795450
00010 123211040
00010 125310856
00010 128800948
00010 133236636
00010 134078216
00010 134417090
00010 135246680
00010 135778438
00010 138952758
00010 148169352
00010 150993824
00010 151280020
00010 158681790
00010 160489690
00010 161704312
00010 162198088
00010 162853912
00010 169328810
00010 170064544
00010 173582874
00010 178217528
00010 178679924
00010 182205800
00010 183347102
00010 185802972
00010 187501242
00010 188454146
00010 189347830
00010 189731658
00010 190421458
00010 191539412
00010 191981744
00010 192328318
00010 194711702
00010 196358492
00010 196791660
00010 197332872
00010 200306006
00010 201341538
00010 201621058
00010 202896716
00010 203091616
00010 205397096
00010 207785834
00010 209640508
00010 209705230
00010 209770482
00010 210579928
00010 211135216
00010 213994732
00010 214940536
00010 216024656
00010 219295610
00010 219498392
00010 220852854
00010 222665496
00010 223832532
00010 223853560
00010 226983208
00010 227188614
00010 227966522
00010 229350428
00010 229716060
00010 232171664
00010 236397114
00010 237821690
00010 238161606
00010 238166220
00010 241294352
00010 242760606
00010 247553698
00010 249792084
00010 250530486
00010 251666470
00010 253502896
00010 254788542
00010 256789004
00010 256882924
00010 262104478
00010 263562672
00010 264763142
00010 264983736
00010 265315102
00010 266052514
00010 266520590
00010 269706452
00010 270512454
00010 277808616
00010 281594382
00010 282903910
00010 284041222
00010 284405108
00010 292147678
00010 295008896
00010 295914346
00010 296302840
00010 297215404
00010 301857330
00010 304044860
00010 305757314
00010 307357326
00010 308011318
00010 316127912
00010 320040276
00010 320314822
00010 322876094
00010 327814604
00010 330702022
00010 331385316
00010 332765558
00010 340438434
00010 348966636
00010 354967078
00010 360268348
00010 360417782
00010 361890090
00010 362377086
00010 362773370
00010 363274584
00010 372366576
00010 373254542
00010 377643798
00010 379965334
00010 382372394
00010 392440224
00010 392659938
00010 397058900
00010 397367818
00010 397379552
00010 401615390
00010 404863562
00010 406196382
00010 412854544
00010 412884294
00010 415652092
00010 422666280
00010 425067736
00010 429067378
00010 429548990
00010 431922188
00010 434164146
00010 435038522
00010 440084636
00010 442425470
00010 445202070
00010 445481762
00010 446745938
00010 451278950
00010 452128550
00010 452195642
00010 453483922
00010 454752568
00010 455868676
00010 456590978
00010 459225112
00010 462633870
00010 462674478
00010 462808736
00010 472556554
00010 473210090
00010 473536910
00010 474996818
00010 477853136
00010 478499698
00010 478918248
00010 478929454
00010 482927360
00010 487769092
00010 488887620
00010 489755304
00010 490573828
00010 490589046
00010 490644152
00010 490757428
00010 492223208
00010 493360816
00010 493422406
00010 499545682
00010 505071636
00010 507313410
00010 507491880
00010 508094598
00010 509564090
00010 512010916
00010 512826394
00010 514136060
00010 514499660
00010 514847992
00010 515161450
00010 515206096
00010 516009308
00010 517657232
00010 518104324
00010 519867500
00010 522313484
00010 522424966
00010 523946540
00010 525201992
00010 525276890
00010 525770966
00010 533500536
00010 537387994
00010 540723602
00010 543433022
00010 545288802
00010 545970236
00010 549324334
00010 549572740
00010 550200532
00010 554344094
00010 554390292
00010 556289488
00010 558449894
00010 558499970
00010 559461872
00010 560610722
00010 568766284
00010 571360908
00010 575471070
00010 575517070
00010 577385832
00010 579572786
00010 584634126
00010 585541384
00010 587869470
00010 592236842
00010 592724416
00010 592906580
00010 596973614
00010 600491866
00010 602328860
00010 602345996
00010 604789848
00010 606928554
00010 607519136
00010 607520148
00010 610055374
00010 610598068
00010 611464030
00010 613088836
00010 613904546
00010 618369306
00010 625789292
00010 627634288
00010 629078358
00010 630412230
00010 634187038
00010 634846864
00010 642810030
00010 644923138
00010 646563824
00010 652984730
00010 656079884
00010 665693234
00010 667852372
00010 668230424
00010 669154452
00010 669901920
00010 676585186
00010 680074682
00010 683573920
00010 685695604
00010 686956822
00010 687369386
00010 689623100
00010 693539710
00010 695926012
00010 696165952
00010 696678884
00010 698995218
00010 701272134
00010 707753000
00010 710138550
00010 711891194
00010 712751886
00010 713992532
00010 714783804
00010 715288990
00010 717148236
00010 717283990
00010 723948912
00010 726159008
00010 730522440
00010 733291200
00010 733981934
00010 734514218
00010 737148478
00010 737151318
00010 737396842
00010 743283950
00010 743663144
00010 748942104
00010 749844416
00010 750256296
00010 751905766
00010 751907030
00010 752560496
00010 754765614
00010 755222230
00010 758909784
00010 759178260
00010 767148050
00010 769970780
00010 772238540
00010 772347642
00010 772451292
00010 773006528
00010 773045448
00010 773492414
00010 779134258
00010 780398632
00010 780939994
00010 784080606
00010 784345618
00010 785004098
00010 785792152
00010 785798422
00010 789203144
00010 792125726
00010 792722620
00010 793502418
00010 795803616
00010 796188984
00010 798494974
00010 801571626
00010 804559062
00010 807398664
00010 810814294
00010 819565682
00010 821581994
00010 822028466
00010 822818052
00010 824337918
00010 826589640
00010 829961502
00010 830118452
00010 832589970
00010 832905010
00010 834461098
00010 835553420
00010 839929898
00010 842228396
00010 846621472
00010 852693668
00010 854313104
00010 863723694
00010 864597230
00010 865435278
00010 865551674
00010 865844438
00010 867669406
00010 867927048
00010 868999632
00010 870239518
00010 875413296
00010 879449170
00010 879629556
00010 881518964
00010 883089960
00010 883215564
00010 888427386
00010 893070746
00010 898658464
00010 898744054
00010 900869890
00010 922249478
00010 922566500
00010 925606388
00010 927847780
00010 931714804
00010 931831520
00010 934729798
00010 937286716
00010 937527524
00010 940520806
00010 941037882
00010 950510786
00010 951045974
00010 953408176
00010 958128702
00010 959067970
00010 959321118
00010 962082728
00010 965041410
00010 965362202
00010 966376944
00010 970888808
00010 977570176
00010 978259774
00010 980165690
00010 982713614
00010 984652666
00010 985213974
00010 987083520
00010 987720088
00010 988286686
00010 988500362
00010 992862126
00010 998839576
