00010 3843098
00010 6114904
00010 10641476
00010 11656574
00010 12577038
00010 12684380
00010 13768076
00010 13782700
00010 16779504
00010 22651452
00010 23157948
00010 29399340
00010 30004832
00010 30387988
00010 32866646
00010 35720342
00010 36550340
00010 37035222
00010 37200172
00010 38080270
00010 40963034
00010 42777940
00010 44447960
00010 48195330
00010 51221700
00010 54210138
00010 54366192
00010 56824700
00010 57394642
00010 58088778
00010 59051930
00010 60030446
00010 60707992
00010 66024298
00010 66590616
00010 69155896
00010 71573522
00010 73942834
00010 74111972
00010 74604332
00010 75195840
00010 78631310
00010 81199454
00010 81401064
00010 82235576
00010 82644452
00010 83481032
00010 89331482
00010 92479282
00010 96041856
00010 97470782
00010 98897902
00010 101542830
00010 105590632
00010 106644398
00010 106870454
00010 108305816
00010 108396532
00010 110501956
00010 111086714
00010 115161536
00010 116726620
00010 117326678
00010 117353148
00010 118197608
00010 118704810
00010 119182720
00010 125123760
00010 127102434
00010 129143400
00010 130195208
00010 130314178
00010 131465964
00010 133896968
00010 134042694
00010 135949614
00010 145528930
00010 151160032
00010 154821188
00010 155015482
00010 156649944
00010 163813884
00010 173336624
00010 175061312
00010 176408826
00010 176441436
00010 180965402
00010 183855114
00010 184609238
00010 185882492
00010 186014324
00010 188831478
00010 188838394
00010 190898128
00010 193074416
00010 194384752
00010 197291970
00010 199052632
00010 201727806
00010 202465084
00010 202526512
00010 202764384
00010 203785490
00010 211049208
00010 211505786
00010 215282472
00010 216653686
00010 222368934
00010 224115768
00010 227970546
00010 234879202
00010 235842208
00010 237156864
00010 240870024
00010 242430868
00010 244378826
00010 246168632
00010 246264976
00010 246958644
00010 249900476
00010 251990394
00010 252212044
00010 255286486
00010 264588788
00010 264821116
00010 266721426
00010 270236038
00010 272276484
00010 275661252
00010 276987832
00010 277426666
00010 278621514
00010 280929526
00010 281273210
00010 282874360
00010 283253814
00010 286488620
00010 289270778
00010 290218308
00010 290872848
00010 291308342
00010 293142516
00010 293171700
00010 296064638
00010 297090276
00010 298436382
00010 298602210
00010 303267582
00010 307612888
00010 313960610
00010 315794648
00010 317941814
00010 320337296
00010 323517886
00010 323673456
00010 327066412
00010 328057586
00010 329463068
00010 332293584
00010 333893264
00010 334315540
00010 335611948
00010 336129060
00010 340887442
00010 344044344
00010 345940724
00010 352473356
00010 358295952
00010 361093672
00010 370175038
00010 370639178
00010 371299762
00010 372002870
00010 372136420
00010 372753178
00010 376294448
00010 380630720
00010 384177648
00010 384502574
00010 385179964
00010 387921016
00010 390130472
00010 390213754
00010 391280438
00010 391568456
00010 393234982
00010 394232496
00010 395563914
00010 397289252
00010 397404504
00010 398223922
00010 402390576
00010 404273532
00010 407479116
00010 409455852
00010 411562878
00010 413456992
00010 413734364
00010 415377730
00010 416385618
00010 423574550
00010 424468164
00010 424620846
00010 429017788
00010 430056284
00010 434203048
00010 435406974
00010 438890388
00010 441494944
00010 442740282
00010 446990984
00010 450504518
00010 454248836
00010 455328156
00010 456755046
00010 459562974
00010 460118624
00010 461029060
00010 465371836
00010 468085756
00010 468703428
00010 476367340
00010 482213388
00010 483133218
00010 484804574
00010 485924348
00010 492605300
00010 494587808
00010 497203168
00010 497685542
00010 497933378
00010 498816168
00010 499177496
00010 499686580
00010 501759388
00010 502304196
00010 505101780
00010 506642358
00010 509890086
00010 511950058
00010 515648734
00010 517551700
00010 522402176
00010 525855196
00010 526947042
00010 529474274
00010 532274792
00010 532338088
00010 532578226
00010 534677816
00010 536018862
00010 536417006
00010 536804962
00010 538571270
00010 546665952
00010 548361456
00010 550587904
00010 553182470
00010 554082160
00010 558883088
00010 560488930
00010 562262298
00010 567888620
00010 571438972
00010 572735764
00010 575282738
00010 582911074
00010 583285582
00010 586044218
00010 586381184
00010 587186656
00010 587554082
00010 588079958
00010 589270020
00010 590396092
00010 594194924
00010 594853428
00010 595032398
00010 595178668
00010 596580640
00010 596748086
00010 596770736
00010 597123836
00010 598312116
00010 599373002
00010 601979342
00010 602569938
00010 602907318
00010 605365028
00010 606917356
00010 608668724
00010 610846746
00010 611315730
00010 615667896
00010 617147242
00010 622793796
00010 624705960
00010 627524076
00010 627525686
00010 629828182
00010 629851994
00010 635253736
00010 635768538
00010 636783986
00010 637702198
00010 639674558
00010 641057950
00010 645639602
00010 646679778
00010 647324370
00010 655102438
00010 656615026
00010 658202222
00010 660488552
00010 661697556
00010 662002650
00010 667202510
00010 673094120
00010 678943046
00010 680401042
00010 680756036
00010 683550248
00010 684055050
00010 684417174
00010 691564184
00010 696666574
00010 698785790
00010 704288386
00010 704563074
00010 705234020
00010 709495608
00010 710825266
00010 718474160
00010 719260466
00010 719739376
00010 721255192
00010 721659320
00010 721977702
00010 724296136
00010 724531952
00010 726701130
00010 731378298
00010 732939472
00010 735691102
00010 735746276
00010 738970364
00010 742142688
00010 746520206
00010 750749896
00010 751349536
00010 752546496
00010 755186572
00010 755490830
00010 757422782
00010 760519686
00010 761554260
00010 763100512
00010 765014472
00010 765204484
00010 765576318
00010 766315772
00010 771713726
00010 772595626
00010 773009862
00010 779609928
00010 782448856
00010 783503206
00010 785301756
00010 786279994
00010 786868912
00010 787499368
00010 787752548
00010 788418794
00010 791483772
00010 791534054
00010 791795710
00010 794569168
00010 798032634
00010 798456968
00010 802381034
00010 806384644
00010 806490794
00010 809855062
00010 810045136
00010 819115994
00010 819594130
00010 819882788
00010 820314116
00010 821677150
00010 824084384
00010 827083884
00010 830092494
00010 831926538
00010 832880510
00010 833590400
00010 834023486
00010 834607756
00010 839213574
00010 840928078
00010 841451512
00010 841634184
00010 844978632
00010 846568162
00010 846820092
00010 855103464
00010 857011106
00010 857318838
00010 859040516
00010 859175406
00010 861912736
00010 862011410
00010 862296912
00010 863342592
00010 865767742
00010 869915576
00010 875147510
00010 878386426
00010 879224704
00010 880402034
00010 883262548
00010 884985958
00010 885023332
00010 885221358
00010 886108374
00010 886140714
00010 886319070
00010 888780798
00010 890490684
00010 890709224
00010 891015218
00010 896016962
00010 897050286
00010 897325416
00010 897792234
00010 898557152
00010 900136990
00010 907863790
00010 918263954
00010 918401536
00010 921938164
00010 923287064
00010 924960170
00010 925823692
00010 928347432
00010 928668598
00010 935056336
00010 936180936
00010 936517038
00010 938872006
00010 946364922
00010 947482280
00010 955218528
00010 955222566
00010 955228666
00010 955940762
00010 956843244
00010 957693360
00010 960878020
00010 962311604
00010 963367658
00010 963805936
00010 964908770
00010 965962326
00010 968676742
00010 975203220
00010 977001990
00010 981174916
00010 982719118
00010 983736628
00010 986090238
00010 990893472
00010 992917650
00010 993139544
00010 995908246
00010 996994526
00010 999323588
00010 999946378
00010 364708
00010 498222
00010 1611690
00010 4124430
00010 6645562
00010 7250352
00010 9345480
00010 9695258
00010 13241420
00010 15192322
00010 15253992
00010 15888690
00010 18632494
00010 22552506
00010 25242156
00010 28486238
00010 31643150
00010 31729622
00010 33631566
00010 34146156
00010 34151854
00010 35572716
00010 37692108
00010 37964328
00010 38130842
00010 38167422
00010 39189780
00010 42041270
00010 42255740
00010 42366990
00010 42509498
00010 44843300
00010 47648796
00010 49624712
00010 51530092
00010 52477948
00010 52596456
00010 52819252
00010 54493076
00010 54732134
00010 61067150
00010 63741142
00010 68219696
00010 71829482
00010 73383014
00010 77142142
00010 77977554
00010 81482562
00010 81955728
00010 89260644
00010 91242112
00010 92237818
00010 93198478
00010 94039708
00010 94050038
00010 94347158
00010 94723418
00010 95101756
00010 95572290
00010 96516654
00010 97499146
00010 99021292
00010 99441240
00010 99530648
00010 100034974
00010 103260434
00010 104243444
00010 105383084
00010 106234400
00010 108062026
00010 110378282
00010 111635202
00010 116213510
00010 117245686
00010 119718226
00010 121265160
00010 121275058
00010 121341764
00010 121547434
00010 124118864
00010 126716304
00010 128712860
00010 130617516
00010 134580292
00010 137860268
00010 141381872
00010 144696518
00010 144975244
00010 145046986
00010 145678040
00010 146192508
00010 146644986
00010 147211528
00010 147564672
00010 147772540
00010 151235224
00010 155862162
00010 155908744
00010 156809408
00010 159790562
00010 161940584
00010 166016018
00010 166292132
00010 166921444
00010 179114988
00010 181010050
00010 184637252
00010 188986874
00010 196736466
00010 197279168
00010 199464088
00010 200215030
00010 201375236
00010 201800114
00010 207920488
00010 208231172
00010 210747634
00010 210909430
00010 219546438
00010 226397686
00010 232156552
00010 237371630
00010 238851988
00010 245836164
00010 245992814
00010 251568162
00010 251923440
00010 258705178
00010 258753062
00010 259035442
00010 260997910
00010 261682884
00010 266904942
00010 268350148
00010 272086384
00010 274407984
00010 277982378
00010 279344264
00010 281843864
00010 282956858
00010 285697736
00010 290473030
00010 292739722
00010 293350424
00010 293401558
00010 295276132
00010 295598492
00010 296076404
00010 297971588
00010 298216568
00010 298929400
00010 299975286
00010 300650784
00010 301795308
00010 304066482
00010 305467630
00010 305648346
00010 308380268
00010 311731006
00010 312065070
00010 314098172
00010 317767668
00010 318112156
00010 319956398
00010 320884508
00010 326039588
00010 326878130
00010 328545180
00010 332952254
00010 334526670
00010 336141988
00010 336958402
00010 337173004
00010 337370188
00010 340195996
00010 341643676
00010 342650118
00010 344060646
00010 344241082
00010 345894534
00010 346356454
00010 347184858
00010 350627022
00010 352476846
00010 353402136
00010 353433388
00010 353888164
00010 355262290
00010 355472742
00010 361023344
00010 364038936
00010 367126270
00010 373009450
00010 376060216
00010 376752712
00010 377394200
00010 382687882
00010 385088952
00010 385229784
00010 385984344
00010 386078214
00010 386346290
00010 389353984
00010 392585722
00010 392934100
00010 395808498
00010 400644768
00010 405947908
00010 408951784
00010 411963008
00010 417186400
00010 417210066
00010 422830644
00010 426274584
00010 426281994
00010 427598492
00010 428414318
00010 431267862
00010 431312146
00010 435344404
00010 437062586
00010 439339460
00010 440232612
00010 444388562
00010 445048224
00010 445892206
00010 446270804
00010 453402368
00010 454585646
00010 455560390
00010 456932420
00010 458490608
00010 460515790
00010 465507964
00010 466225968
00010 466258838
00010 467109342
00010 467834352
00010 468744714
00010 469325740
00010 469378814
00010 471687080
00010 471734938
00010 475479928
00010 475887528
00010 481438542
00010 483615080
00010 490527984
00010 490883610
00010 492019118
00010 494484034
00010 501204686
00010 502117770
00010 503389720
00010 503928434
00010 505264158
00010 506231018
00010 506249266
00010 506514502
00010 509896872
00010 511774580
00010 512553268
00010 516612384
00010 520766818
00010 520946414
00010 523296118
00010 523800642
00010 528080694
00010 529446432
00010 529623798
00010 531462710
00010 532409864
00010 532824982
00010 534399574
00010 536117354
00010 537342624
00010 539113576
00010 540827086
00010 547606998
00010 548902028
00010 551528916
00010 552782470
00010 553404782
00010 554043150
00010 555990956
00010 556850116
00010 562788896
00010 564459948
00010 566239416
00010 568253494
00010 569643368
00010 574814942
00010 578260204
00010 583399786
00010 584366706
00010 584383370
00010 585081554
00010 585879286
00010 587588190
00010 590374558
00010 591439440
00010 595953650
00010 597386878
00010 598561060
00010 601984800
00010 602183414
00010 602779504
00010 606152008
00010 608507108
00010 609119688
00010 610497838
00010 616795826
00010 619736272
00010 620623446
00010 622722594
00010 622802736
00010 625049814
00010 625631600
00010 628173208
00010 628213966
00010 630329910
00010 632275548
00010 633638616
00010 633745518
00010 636707668
00010 639560600
00010 639730550
00010 642746450
00010 643678576
00010 646093560
00010 646336022
00010 647211558
00010 647722410
00010 649323048
00010 651765470
00010 654255766
00010 659742704
00010 659999696
00010 661623046
00010 664405708
00010 665821234
00010 667556512
00010 667609622
00010 667627262
00010 674323470
00010 678339106
00010 685102062
00010 685113634
00010 687468050
00010 688770122
00010 688934588
00010 691250506
00010 696837082
00010 697868172
00010 702024108
00010 704219496
00010 707108210
00010 707529998
00010 708803306
00010 711926678
00010 712796482
00010 713593918
00010 715822030
00010 718153130
00010 719904722
00010 723653110
00010 724926380
00010 729543522
00010 731179760
00010 731450582
00010 733240328
00010 733730354
00010 734118534
00010 736162158
00010 738553150
00010 739980318
00010 740063380
00010 748118770
00010 749358174
00010 751703174
00010 756952548
00010 757341206
00010 758343856
00010 759557460
00010 761889748
00010 764084892
00010 765539590
00010 767706612
00010 768637452
00010 769725510
00010 772899094
00010 775357438
00010 776276832
00010 778223706
00010 778939512
00010 783865504
00010 785812142
00010 787837520
00010 788236976
00010 790927502
00010 792959632
00010 793553338
00010 794228392
00010 794279066
00010 802373034
00010 805401476
00010 806069520
00010 807322936
00010 808045656
00010 808121092
00010 810025692
00010 820835486
00010 823426668
00010 823532710
00010 827906334
00010 830450084
00010 832363550
00010 832928754
00010 836348790
00010 837352028
00010 838300966
00010 839618612
00010 841085662
00010 843868526
00010 845386204
00010 846168556
00010 847749036
00010 848187160
00010 849043448
00010 849841722
00010 850019202
00010 855832006
00010 856951454
00010 861295140
00010 861702768
00010 865214982
00010 865929612
00010 866299608
00010 868473152
00010 871360348
00010 871785096
00010 872716518
00010 875279078
00010 875789976
00010 876859570
00010 883244736
00010 885857132
00010 886027046
00010 891546832
00010 897422966
00010 898375300
00010 899904398
00010 906011724
00010 910967306
00010 911288978
00010 915215136
00010 916235830
00010 916656402
00010 918973266
00010 919333868
00010 922422874
00010 923034702
00010 927204354
00010 928498854
00010 929238148
00010 929634928
00010 934177958
00010 935128686
00010 941906510
00010 943632390
00010 944934542
00010 945304476
00010 946455790
00010 946526984
00010 947779426
00010 949666370
00010 951733128
00010 952603198
00010 953639966
00010 954209662
00010 954842716
00010 960406354
00010 960455480
00010 962837154
00010 964368114
00010 965274420
00010 966032094
00010 966074288
00010 967241656
00010 971706942
00010 972602192
00010 972620848
00010 976595020
00010 977326372
00010 977704810
00010 977944634
00010 981965308
00010 982528956
00010 983010196
00010 983523052
00010 984824424
00010 986469742
00010 987315576
00010 989856152
00010 990022796
00010 992674454
00010 994321594
00010 995500000
00010 993876
00010 2120868
00010 2556816
00010 3131080
00010 4594406
00010 5092494
00010 8862436
00010 10597018
00010 10852332
00010 12574042
00010 15051730
00010 18178502
00010 18950568
00010 22027788
00010 23089696
00010 23110274
00010 26405686
00010 28276964
00010 30735138
00010 31144508
00010 32972354
00010 33653778
00010 36523772
00010 37723034
00010 39240868
00010 40623816
00010 40855262
00010 40861266
00010 43876344
00010 44208968
00010 47625504
00010 48883994
00010 51620846
00010 53728476
00010 56057588
00010 56545874
00010 62989644
00010 63091614
00010 64091494
00010 64713718
00010 66365152
00010 67784960
00010 74540916
00010 75958502
00010 78369218
00010 80989080
00010 83981396
00010 86130684
00010 90765238
00010 93898800
00010 97776172
00010 98572382
00010 99717242
00010 99745694
00010 100042196
00010 102362390
00010 102937018
00010 103032990
00010 103679346
00010 104051450
00010 105372954
00010 106298300
00010 106711080
00010 108821080
00010 110874986
00010 114600380
00010 117236668
00010 119510710
00010 121540448
00010 123920272
00010 124282142
00010 125161746
00010 127341428
00010 129834498
00010 131689562
00010 132541026
00010 134651932
00010 135287372
00010 136238264
00010 141900390
00010 150326112
00010 150328442
00010 150473518
00010 151879404
00010 153658546
00010 153725296
00010 156584668
00010 156610072
00010 157788350
00010 160635442
00010 162614942
00010 163631230
00010 164243006
00010 164842622
00010 167630834
00010 176225576
00010 177875924
00010 178055678
00010 178256070
00010 180088530
00010 180820738
00010 182058968
00010 183762882
00010 184395680
00010 186164020
00010 190764942
00010 191352266
00010 192752618
00010 199698008
00010 203748084
00010 203777128
00010 205498672
00010 210007000
00010 210443784
00010 213148114
00010 215052544
00010 217445384
00010 218350592
00010 219028956
00010 221588518
00010 221815358
00010 222951956
00010 223281820
00010 223284886
00010 223514512
00010 224334460
00010 225421048
00010 228066886
00010 228107170
00010 230522048
00010 238059204
00010 239501956
00010 242036316
00010 243052774
00010 244064642
00010 246187504
00010 252191184
00010 253745782
00010 256812600
00010 259100496
00010 260426986
00010 266242192
00010 268248892
00010 268256018
00010 271297794
00010 272084110
00010 276350208
00010 282955454
00010 283518010
00010 289232516
00010 292556262
00010 293293484
00010 293349326
00010 293750216
00010 297477412
00010 299514936
00010 301356240
00010 301357574
00010 302015322
00010 304158366
00010 305375582
00010 311347094
00010 311373910
00010 311646142
00010 316690290
00010 318221750
00010 318435490
00010 319520650
00010 322350624
00010 325445572
00010 326608408
00010 326849598
00010 327382372
00010 328296232
00010 330227624
00010 331326910
00010 333279802
00010 334211438
00010 337380820
00010 337400102
00010 338017484
00010 342585842
00010 343501186
00010 348579966
00010 351622198
00010 356297194
00010 356854956
00010 362065210
00010 363513616
00010 368025876
00010 371095536
00010 372106750
00010 373075276
00010 374681486
00010 379309576
00010 380736684
00010 385477074
00010 386884806
00010 386888542
00010 389776480
00010 390023524
00010 390541382
00010 393753870
00010 399492606
00010 400394622
00010 403604640
00010 406042444
00010 406328260
00010 406556984
00010 411433238
00010 415327082
00010 416933296
00010 418382532
00010 418430194
00010 419467692
00010 422696010
00010 423368544
00010 424864426
00010 425112000
00010 425292296
00010 430331112
00010 431563860
00010 439042072
00010 439851820
00010 441332192
00010 441493310
00010 447112458
00010 449027536
00010 450284350
00010 450595612
00010 451482446
00010 454023690
00010 459154734
00010 462319338
00010 462674450
00010 463172504
00010 464848468
00010 468317598
00010 473784878
00010 474241672
00010 478990982
00010 479219206
00010 480351904
00010 482788948
00010 483108664
00010 483783930
00010 488221700
00010 489675166
00010 490093464
00010 490617668
00010 491108932
00010 493052446
00010 495106388
00010 501298464
00010 503275548
00010 505044850
00010 511549784
00010 511926858
00010 512157214
00010 514624944
00010 515352540
00010 515585336
00010 516157430
00010 516340398
00010 516872678
00010 519170864
00010 524144468
00010 524752222
00010 531531398
00010 542307112
00010 545035292
00010 545866664
00010 546135204
00010 546511394
00010 548003740
00010 552687174
00010 554438380
00010 556656240
00010 559068618
00010 561135652
00010 561821164
00010 563793272
00010 564255338
00010 565509396
00010 570714470
00010 579491024
00010 579896212
00010 580217418
00010 584297008
00010 587461914
00010 589606320
00010 591169916
00010 591227914
00010 591985752
00010 597502870
00010 598755590
00010 599699914
00010 603460560
00010 605188422
00010 607532524
00010 608806630
00010 610667340
00010 612545084
00010 614426142
00010 614545554
00010 615171932
00010 616324662
00010 617368132
00010 617773532
00010 619939618
00010 622623770
00010 622671160
00010 628832754
00010 630103044
00010 630216682
00010 633751822
00010 635427022
00010 635639118
00010 641478506
00010 643365960
00010 652450788
00010 658243890
00010 660951336
00010 661881242
00010 663613462
00010 669036738
00010 670390946
00010 672818408
00010 679846796
00010 681065942
00010 684668692
00010 685367492
00010 687329690
00010 688247728
00010 691306730
00010 692215306
00010 695540256
00010 697427368
00010 699896826
00010 702337060
00010 704123862
00010 704536902
00010 710885660
00010 712918232
00010 713017480
00010 713981144
00010 716546574
00010 717440812
00010 718544056
00010 719304802
00010 721619050
00010 721885532
00010 724750062
00010 725923064
00010 726843882
00010 733923120
00010 735316228
00010 744257190
00010 745579612
00010 746295226
00010 747283110
00010 748888056
00010 751247412
00010 752193250
00010 753745822
00010 755270496
00010 758628520
00010 760076974
00010 760732906
00010 760785132
00010 763924192
00010 764840210
00010 769133060
00010 769255290
00010 773256068
00010 773400182
00010 779879070
00010 785534566
00010 785980040
00010 788027112
00010 790658852
00010 793605458
00010 794098924
00010 796379742
00010 796413216
00010 798680782
00010 799530894
00010 801126546
00010 801867074
00010 805758416
00010 809282800
00010 811137708
00010 812059958
00010 812285960
00010 816098780
00010 816957982
00010 821185446
00010 822532752
00010 824869274
00010 827582634
00010 833278838
00010 834234516
00010 834733404
00010 843962452
00010 845140980
00010 850308290
00010 851883638
00010 851910286
00010 853035778
00010 858165612
00010 863016124
00010 864189874
00010 864502498
00010 864818492
00010 865785568
00010 866350368
00010 868537422
00010 868920160
00010 869623254
00010 870982338
00010 871265688
00010 872098554
00010 872845136
00010 877075520
00010 881212248
00010 889212762
00010 890309220
00010 892960154
00010 894275832
00010 895167916
00010 895891060
00010 897436510
00010 900015990
00010 900769598
00010 900808342
00010 904743630
00010 911030182
00010 911184980
00010 915289618
00010 916241280
00010 917177276
00010 919788738
00010 921372694
00010 923251680
00010 924037536
00010 924605994
00010 924798380
00010 927090794
00010 928177610
00010 930402006
00010 931976944
00010 936730758
00010 940451854
00010 940475414
00010 941008396
00010 944225378
00010 944438130
00010 945906124
00010 947767298
00010 948805402
00010 949416556
00010 950082736
00010 952309120
00010 957153454
00010 958853128
00010 958858360
00010 959594870
00010 959828420
00010 960082006
00010 963612936
00010 966839438
00010 967979972
00010 970699332
00010 972672608
00010 972925648
00010 973284684
00010 973888560
00010 975237128
00010 977041504
00010 980807790
00010 982607710
00010 983116066
00010 983752946
00010 986525258
00010 995238650
00010 996629028
00010 998200520
00010 998587310
00010 4588610
00010 8017590
00010 8343030
00010 12537234
00010 13400036
00010 17617600
00010 18486130
00010 19242454
00010 19466504
00010 20971678
00010 23532554
00010 24060596
00010 30417478
00010 35579132
00010 35829350
00010 36388182
00010 39429924
00010 44639484
00010 48614968
00010 48763588
00010 51936658
00010 53984604
00010 59177606
00010 59999954
00010 60578036
00010 61710530
00010 64369110
00010 64932332
00010 65981696
00010 67368558
00010 68016028
00010 69159948
00010 69288610
00010 70949482
00010 81404026
00010 83868642
00010 84861798
00010 85601412
00010 89510112
00010 89853306
00010 90512962
00010 93786254
00010 97097044
00010 100038376
00010 104463184
00010 109293182
00010 111541346
00010 113448036
00010 115006390
00010 115942972
00010 116013514
00010 118483994
00010 121797750
00010 124565804
00010 127872480
00010 130600122
00010 131748550
00010 132001672
00010 133398158
00010 138028724
00010 138508538
00010 140439472
00010 142049758
00010 142533472
00010 142585986
00010 143918672
00010 145190698
00010 146059396
00010 150266938
00010 152530724
00010 154607362
00010 156717976
00010 158105990
00010 162626608
00010 164576192
00010 165324740
00010 167654618
00010 167686726
00010 168280996
00010 170485358
00010 171533014
00010 171638886
00010 173981358
00010 174843822
00010 177778750
00010 178637560
00010 180552742
00010 181696204
00010 187496746
00010 192782212
00010 193007178
00010 195865938
00010 199307316
00010 201608060
00010 206741348
00010 209185160
00010 210516584
00010 214315328
00010 214824982
00010 215559164
00010 215774746
00010 216588420
00010 219507348
00010 219995208
00010 220589244
00010 223420616
00010 224800978
00010 224843004
00010 232446310
00010 232526818
00010 234740590
00010 236414866
00010 236692160
00010 237516762
00010 238637568
00010 239125676
00010 240959192
00010 241124638
00010 242241070
00010 242604064
00010 242947518
00010 245932440
00010 256935994
00010 258107002
00010 258775012
00010 263212204
00010 263663794
00010 263746576
00010 263949824
00010 264161518
00010 265456990
00010 266803752
00010 267667574
00010 268454556
00010 269036622
00010 274252718
00010 275520802
00010 277963124
00010 278906774
00010 279574302
00010 280878308
00010 281061728
00010 281185332
00010 281906878
00010 283355964
00010 284448092
00010 285169752
00010 300197468
00010 306209470
00010 306887500
00010 306935138
00010 307620894
00010 308418262
00010 310022128
00010 314707668
00010 315049450
00010 315097434
00010 315273092
00010 315850514
00010 316026690
00010 316510004
00010 317463566
00010 318449256
00010 321966160
00010 321990812
00010 323474412
00010 323831062
00010 327275454
00010 330813920
00010 331992690
00010 333737576
00010 335499264
00010 343804590
00010 350180360
00010 351653726
00010 354243114
00010 359836216
00010 362408248
00010 364187538
00010 367621812
00010 370362438
00010 370939908
00010 371116672
00010 371797686
00010 372092662
00010 373178004
00010 376808098
00010 378984410
00010 379293300
00010 380462504
00010 381707996
00010 381837774
00010 386836784
00010 389383166
00010 390077576
00010 390090612
00010 390387632
00010 392152564
00010 392302888
00010 396870178
00010 400371154
00010 401458396
00010 402235308
00010 405614534
00010 416306288
00010 417489560
00010 417843384
00010 420851920
00010 436331328
00010 438324704
00010 438719062
00010 443975432
00010 445202916
00010 445425880
00010 449077862
00010 451846508
00010 452094322
00010 452666798
00010 454731854
00010 456122866
00010 459267710
00010 461944396
00010 469992940
00010 470964288
00010 475417614
00010 475750276
00010 477471924
00010 478205936
00010 478659202
00010 479369510
00010 482698806
00010 487585370
00010 487782838
00010 488825762
00010 489880884
00010 491317664
00010 491584720
00010 492019338
00010 492821654
00010 497966346
00010 499064408
00010 499965786
00010 500707176
00010 501626596
00010 501782988
00010 504937002
00010 516269692
00010 517359256
00010 518318534
00010 521276606
00010 521747020
00010 524640586
00010 525333244
00010 526118624
00010 528397156
00010 537096468
00010 540514084
00010 541785552
00010 542693480
00010 547091382
00010 547635554
00010 550742996
00010 551760306
00010 553886916
00010 554933028
00010 555178116
00010 555948256
00010 557400020
00010 559005678
00010 560705160
00010 562480316
00010 563402556
00010 563604722
00010 570503598
00010 582076042
00010 582498550
00010 582811764
00010 584476508
00010 585446190
00010 585889546
00010 588985426
00010 589772756
00010 590695900
00010 592460012
00010 592879412
00010 598793106
00010 599203262
00010 600466870
00010 601872396
00010 602189966
00010 602657938
00010 605069184
00010 608240158
00010 608582418
00010 612661780
00010 615660336
00010 617138706
00010 621144346
00010 622737118
00010 622738146
00010 623418204
00010 623451730
00010 628193104
00010 630800966
00010 631215008
00010 632482862
00010 633805628
00010 635930922
00010 636114294
00010 636741158
00010 636911548
00010 641222776
00010 649436480
00010 652643834
00010 654258116
00010 654817952
00010 656515666
00010 657019886
00010 666388360
00010 672435422
00010 673849768
00010 677874320
00010 681604478
00010 684315206
00010 684548700
00010 688881074
00010 690500470
00010 698518228
00010 704877358
00010 707555134
00010 711325238
00010 713688818
00010 715201316
00010 716942954
00010 720742544
00010 722285474
00010 722298082
00010 724161316
00010 726102208
00010 730351040
00010 731853406
00010 736764886
00010 738701560
00010 739477810
00010 742392400
00010 743024162
00010 743623482
00010 745061252
00010 746102750
00010 747815120
00010 752572272
00010 758548236
00010 760424356
00010 761211408
00010 761471498
00010 762135626
00010 762842116
00010 762888804
00010 766303968
00010 766823956
00010 767207146
00010 769227524
00010 774632970
00010 775432348
00010 781890954
00010 782668678
00010 787843888
00010 791462394
00010 794341672
00010 797545908
00010 797607172
00010 797838774
00010 797932400
00010 798685678
00010 799925398
00010 800186958
00010 800334892
00010 802335464
00010 807818452
00010 807972054
00010 813667190
00010 813750288
00010 817039838
00010 818613492
00010 820571664
00010 820597366
00010 821657768
00010 825242512
00010 829331224
00010 834816756
00010 835029684
00010 839527936
00010 840438730
00010 842326946
00010 844863496
00010 846702574
00010 850278136
00010 851355282
00010 855462158
00010 858870058
00010 860441232
00010 861065258
00010 861481256
00010 864225262
00010 868143070
00010 868731614
00010 870212098
00010 870525998
00010 870969784
00010 872488978
00010 872968016
00010 874799212
00010 875362116
00010 880585494
00010 882341216
00010 883153198
00010 883560840
00010 884068214
00010 884289038
00010 884524746
00010 884860728
00010 886995498
00010 888888906
00010 890263858
00010 891201324
00010 894325314
00010 894638630
00010 898112960
00010 899194694
00010 904800046
00010 906378584
00010 907343538
00010 909331812
00010 921470624
00010 925950574
00010 927966142
00010 928007446
00010 928771050
00010 931117516
00010 932485196
00010 932737388
00010 937329700
00010 942175044
00010 945018128
00010 950723520
00010 951889778
00010 954595458
00010 954998826
00010 955061438
00010 956020456
00010 958108354
00010 960508438
00010 963166846
00010 966957702
00010 968557288
00010 972548878
00010 973276566
00010 974138310
00010 975396080
00010 975972090
00010 976181882
00010 977684068
00010 984727788
00010 990155416
00010 991565076
00010 992568476
00010 998521784
00010 999013084
00010 999135084
00010 2593280
00010 2854494
00010 3226984
00010 6608756
00010 7282906
00010 8276670
00010 10170152
00010 11968538
00010 14783740
00010 17013892
00010 21417904
00010 22038788
00010 22202330
00010 22683388
00010 23447224
00010 25800618
00010 28749858
00010 31507406
00010 33067760
00010 37513210
00010 39614006
00010 40499684
00010 43133250
00010 43589206
00010 46447042
00010 47782694
00010 49844642
00010 59369680
00010 59772486
00010 63987656
00010 64105826
00010 64716248
00010 64792862
00010 65775204
00010 66655184
00010 67066970
00010 69084470
00010 69164064
00010 75538402
00010 78625654
00010 81656792
00010 81748734
00010 85725210
00010 86671170
00010 87643978
00010 88627040
00010 89070362
00010 90380668
00010 90479322
00010 91697654
00010 94371828
00010 96805080
00010 97954504
00010 102038982
00010 104495742
00010 105026874
00010 105204984
00010 105516848
00010 110239126
00010 113398846
00010 113584516
00010 115514574
00010 115520414
00010 115764102
00010 116084992
00010 116317236
00010 122037412
00010 122857832
00010 126402806
00010 130388002
00010 132671326
00010 136845566
00010 137640906
00010 140025472
00010 140551316
00010 142440372
00010 146413010
00010 149262618
00010 150202240
00010 152030984
00010 152235200
00010 152673640
00010 154460792
00010 157738614
00010 158719772
00010 159026520
00010 159135178
00010 159240084
00010 161985406
00010 169970142
00010 171663880
00010 173391092
00010 177390244
00010 177544020
00010 177992114
00010 179269424
00010 179381574
00010 179715908
00010 180986208
00010 181054324
00010 183206346
00010 185282934
00010 185411808
00010 185901894
00010 185928062
00010 188012614
00010 188363152
00010 193750624
00010 195503684
00010 196702334
00010 198157908
00010 198292032
00010 198965540
00010 201224452
00010 201332598
00010 201366930
00010 201939366
00010 204178546
00010 204669196
00010 205096126
00010 205873042
00010 206591620
00010 207119112
00010 207595272
00010 208087526
00010 210441414
00010 211193828
00010 212017354
00010 212508962
00010 214622808
00010 217518458
00010 218578244
00010 220578974
00010 222451664
00010 224006226
00010 224355784
00010 225911488
00010 227312234
00010 230151592
00010 230892062
00010 232823130
00010 233175410
00010 238419472
00010 239860524
00010 240319454
00010 240958464
00010 242820422
00010 244476074
00010 246675372
00010 249552640
00010 252499370
00010 255818588
00010 261068686
00010 262511294
00010 265886196
00010 269591926
00010 270241432
00010 275626184
00010 277606864
00010 279450020
00010 279691104
00010 282831360
00010 284399280
00010 291179190
00010 291658344
00010 292995868
00010 294159024
00010 297960192
00010 298628522
00010 299411840
00010 306406284
00010 307212098
00010 310375454
00010 315037980
00010 317024402
00010 319879340
00010 322054878
00010 327071346
00010 328374754
00010 329078336
00010 333409742
00010 334406242
00010 335325106
00010 335348398
00010 338681172
00010 339732328
00010 340062678
00010 340326166
00010 342709652
00010 344693202
00010 346199968
00010 349395902
00010 355414120
00010 356498260
00010 357871258
00010 361508380
00010 364732154
00010 368179748
00010 368248716
00010 368352994
00010 372148746
00010 372572550
00010 372912526
00010 377626828
00010 378329450
00010 378571612
00010 389615204
00010 390706584
00010 395548390
00010 395821530
00010 395919288
00010 397235398
00010 398469378
00010 401544602
00010 401662464
00010 403152272
00010 406549710
00010 407008420
00010 407050054
00010 408259422
00010 409921998
00010 412530978
00010 413314300
00010 413385866
00010 419888556
00010 420792966
00010 424256434
00010 426112642
00010 427695826
00010 428402436
00010 428690464
00010 428823502
00010 429013940
00010 433710964
00010 438003100
00010 444493040
00010 446851318
00010 447973816
00010 450659166
00010 452673538
00010 452858142
00010 454991960
00010 455547546
00010 456233264
00010 459953530
00010 460870600
00010 462097818
00010 463776706
00010 468907460
00010 469808640
00010 469906232
00010 470825592
00010 472130202
00010 474540842
00010 477527650
00010 479785878
00010 490414426
00010 491739694
00010 494204450
00010 495880218
00010 497086816
00010 497206878
00010 497834962
00010 501733966
00010 501738738
00010 503221276
00010 503245870
00010 504848120
00010 508200730
00010 508446482
00010 509671300
00010 510244250
00010 511176998
00010 511276170
00010 515181736
00010 515867436
00010 524419530
00010 526653612
00010 527177334
00010 527642262
00010 527678254
00010 529150196
00010 529526934
00010 529999514
00010 531684746
00010 531831010
00010 532417024
00010 534194954
00010 538704548
00010 540031678
00010 540235806
00010 550332812
00010 552326322
00010 557721128
00010 558565402
00010 561212740
00010 561237224
00010 564923892
00010 568401226
00010 574106768
00010 576014440
00010 577239518
00010 585312714
00010 589631182
00010 592461116
00010 595085956
00010 599341370
00010 602635206
00010 606843940
00010 607372840
00010 608476060
00010 609010554
00010 612138300
00010 615309860
00010 616204126
00010 619043868
00010 621534756
00010 622013122
00010 622733444
00010 622927120
00010 634845032
00010 635321166
00010 635741662
00010 641179738
00010 641474110
00010 641900642
00010 644348576
00010 645847598
00010 646609338
00010 647620076
00010 647719026
00010 650645728
00010 654282846
00010 659743176
00010 664110228
00010 664650244
00010 673682262
00010 674137118
00010 674702722
00010 677781212
00010 679904646
00010 680214408
00010 682310466
00010 683544062
00010 686427088
00010 688005232
00010 690474578
00010 693978338
00010 696189530
00010 700559918
00010 700859088
00010 706837490
00010 709205082
00010 710426328
00010 712025538
00010 712247254
00010 712507468
00010 717299936
00010 721744462
00010 724472956
00010 728440040
00010 737296852
00010 738269294
00010 739138612
00010 740880766
00010 741278236
00010 742670688
00010 743094670
00010 744030466
00010 744039084
00010 746191892
00010 749226946
00010 758455328
00010 759044594
00010 762278638
00010 763399540
00010 766959230
00010 767724578
00010 769447568
00010 769705032
00010 772250648
00010 774347470
00010 776111286
00010 776212552
00010 776227480
00010 776818452
00010 778518530
00010 780546128
00010 783093722
00010 785615946
00010 786455046
00010 788221506
00010 790370264
00010 790456152
00010 794281582
00010 795309648
00010 797401496
00010 797403828
00010 802733418
00010 803780504
00010 804058102
00010 805423538
00010 806960148
00010 808170366
00010 815026722
00010 815041236
00010 817745818
00010 817806532
00010 819490010
00010 823120276
00010 827561034
00010 830073684
00010 831432638
00010 832781802
00010 833758072
00010 835453276
00010 836252100
00010 838169054
00010 841237450
00010 841567146
00010 842293954
00010 844743538
00010 846346786
00010 846721398
00010 853871342
00010 854055840
00010 856582422
00010 857229910
00010 858434344
00010 859971050
00010 860815144
00010 863992266
00010 864086858
00010 869515852
00010 872580856
00010 877354968
00010 878522672
00010 881620748
00010 882318388
00010 884462500
00010 886325270
00010 891058820
00010 892536910
00010 895688930
00010 896745866
00010 897913634
00010 900723886
00010 903388172
00010 906480296
00010 908099438
00010 910528870
00010 910972008
00010 912226262
00010 912877984
00010 914579840
00010 919855464
00010 921804678
00010 923380500
00010 923480626
00010 927068460
00010 928278448
00010 933570230
00010 933608852
00010 938023124
00010 943360014
00010 948059278
00010 951756592
00010 954076194
00010 954588546
00010 957901992
00010 958600482
00010 962318352
00010 962701328
00010 965959724
00010 968235358
00010 968249770
00010 970178896
00010 971060276
00010 971148478
00010 971640214
00010 977727452
00010 978086126
00010 979955598
00010 982068666
00010 985802334
00010 986646998
00010 988134906
00010 988713590
00010 991286848
00010 994030226
00010 994372968
00010 995016926
00010 995040348
00010 996052138
00010 997570504
00010 997888856
00010 689242
00010 5179262
00010 5230812
00010 13814182
00010 20231918
00010 20939360
00010 21185694
00010 22415960
00010 23125652
00010 26005292
00010 29485874
00010 29875106
00010 30347542
00010 35282708
00010 36161832
00010 36163890
00010 36281442
00010 36712236
00010 38506420
00010 38667878
00010 43807690
00010 44873560
00010 45773434
00010 46354114
00010 55340224
00010 57060206
00010 62160006
00010 67619592
00010 70374142
00010 71099998
00010 71947554
00010 72992758
00010 75012366
00010 75643008
00010 76737770
00010 78172440
00010 79254396
00010 81624934
00010 82327506
00010 87805050
00010 87893502
00010 89510234
00010 93212298
00010 93912292
00010 96043278
00010 97145042
00010 97725200
00010 101889090
00010 102204516
00010 104813448
00010 107241726
00010 110404614
00010 111073620
00010 112177330
00010 114288950
00010 116065528
00010 119867524
00010 121489486
00010 127181346
00010 127223782
00010 127481432
00010 127663468
00010 127714052
00010 129969572
00010 132144058
00010 133439644
00010 137412876
00010 140284674
00010 141281764
00010 144805870
00010 147973528
00010 150412798
00010 151408716
00010 151931398
00010 154334064
00010 157746708
00010 157842192
00010 162353226
00010 163098276
00010 163986782
00010 165860878
00010 171637222
00010 171644994
00010 171863372
00010 172699454
00010 173918364
00010 175490720
00010 175959780
00010 178377280
00010 178695962
00010 178884516
00010 182550850
00010 185925422
00010 189088408
00010 190743544
00010 194523602
00010 196088774
00010 197304382
00010 201053120
00010 201401950
00010 203845886
00010 206974728
00010 208081788
00010 209299058
00010 210966452
00010 211090314
00010 211587832
00010 213231008
00010 213267280
00010 215142818
00010 217035178
00010 217623762
00010 219108902
00010 221436640
00010 225271646
00010 226339836
00010 226629912
00010 226817318
00010 231925224
00010 234784018
00010 238647450
00010 241248510
00010 241621768
00010 241780500
00010 242250778
00010 243087894
00010 244276788
00010 251997768
00010 252730878
00010 253196292
00010 255313420
00010 257210976
00010 260068874
00010 271822090
00010 273120822
00010 274523598
00010 276871896
00010 278633388
00010 283816834
00010 284763702
00010 286279824
00010 289223306
00010 289878480
00010 292467778
00010 293184492
00010 293302460
00010 293623592
00010 294697774
00010 295310894
00010 295583300
00010 297011040
00010 301276350
00010 302225964
00010 306804152
00010 307130610
00010 309257882
00010 310305688
00010 311584068
00010 312183660
00010 312797658
00010 314814182
00010 315357258
00010 315404634
00010 315580522
00010 317146668
00010 322649806
00010 323962458
00010 324589180
00010 326027358
00010 333069020
00010 335088354
00010 343728766
00010 344531706
00010 345695084
00010 346280480
00010 349658194
00010 350661272
00010 355350024
00010 356500014
00010 361036120
00010 362174760
00010 365961466
00010 367127204
00010 367889760
00010 368152178
00010 373254862
00010 375205604
00010 378115408
00010 380068056
00010 384786650
00010 386499582
00010 386842316
00010 388532732
00010 393578006
00010 396454342
00010 397567864
00010 406413604
00010 408627026
00010 410276750
00010 410335484
00010 410550138
00010 413431174
00010 414167816
00010 414718266
00010 417129286
00010 420060062
00010 420100234
00010 421962044
00010 425795064
00010 425933532
00010 426940190
00010 430916346
00010 431478182
00010 435840204
00010 440849856
00010 441790244
00010 442235040
00010 443191340
00010 445886044
00010 446259438
00010 446948106
00010 448895718
00010 451919894
00010 451987536
00010 455033596
00010 455188858
00010 462111454
00010 463928142
00010 469059538
00010 469734050
00010 470870122
00010 471853686
00010 472403186
00010 473137582
00010 478917452
00010 487101236
00010 487406892
00010 488357422
00010 489809908
00010 490850612
00010 501448994
00010 502948986
00010 504305596
00010 506722604
00010 508530098
00010 513194836
00010 513836386
00010 519926348
00010 522215574
00010 522942858
00010 523857544
00010 525529878
00010 525558086
00010 529972390
00010 534101400
00010 535110026
00010 535628360
00010 539865594
00010 539914974
00010 540968042
00010 543045678
00010 545358022
00010 546226446
00010 547883138
00010 548332770
00010 548754396
00010 549304202
00010 549878932
00010 553092294
00010 553155930
00010 554466544
00010 554604210
00010 555124144
00010 559072994
00010 560196728
00010 560444656
00010 564295902
00010 568717570
00010 571249384
00010 574911530
00010 581438890
00010 582088662
00010 582515994
00010 582881752
00010 584156546
00010 593573776
00010 595782768
00010 595977510
00010 598643926
00010 599970092
00010 600176032
00010 601654556
00010 605423212
00010 605947328
00010 606171814
00010 606465700
00010 610157314
00010 610367644
00010 611317214
00010 611679036
00010 612516026
00010 614063292
00010 614342424
00010 619104480
00010 619613644
00010 622778548
00010 623450504
00010 625223938
00010 626705650
00010 626892102
00010 627420744
00010 629075080
00010 630991538
00010 634300384
00010 634558860
00010 636173648
00010 636186248
00010 637354404
00010 637394592
00010 644856370
00010 644976272
00010 649318302
00010 651171754
00010 656442074
00010 656476310
00010 659797544
00010 659987504
00010 663879362
00010 664059246
00010 666510082
00010 667764056
00010 670837332
00010 670839154
00010 672673006
00010 673290020
00010 675252754
00010 678533010
00010 682736450
00010 684292562
00010 687013572
00010 687624016
00010 688493134
00010 690800182
00010 697563450
00010 699536910
00010 699850294
00010 701836202
00010 705132248
00010 708877742
00010 713092384
00010 720100644
00010 722285806
00010 723767546
00010 724507004
00010 724590412
00010 725152276
00010 726339910
00010 726896150
00010 728567052
00010 730286568
00010 733691184
00010 733916094
00010 734739550
00010 739909124
00010 740104630
00010 741530660
00010 742436504
00010 743161830
00010 745212156
00010 746630684
00010 750404364
00010 755564710
00010 756340732
00010 756935266
00010 760079974
00010 760137894
00010 762730160
00010 762963376
00010 774686850
00010 779293648
00010 783270398
00010 784831850
00010 787011744
00010 789694880
00010 792772954
00010 794744968
00010 799123370
00010 799165360
00010 801074294
00010 802141258
00010 802278780
00010 803279904
00010 805171742
00010 806915808
00010 807674744
00010 809626708
00010 812520900
00010 814182706
00010 814335300
00010 816763522
00010 820437898
00010 823946002
00010 824447294
00010 824756658
00010 829772216
00010 831536600
00010 832622068
00010 832836552
00010 833700808
00010 839736596
00010 844634898
00010 847429482
00010 851047480
00010 854190542
00010 854589758
00010 854603892
00010 855457536
00010 861106212
00010 862337138
00010 862630960
00010 864579690
00010 865430134
00010 867708634
00010 868319510
00010 871053178
00010 874496432
00010 874527342
00010 875212350
00010 877945118
00010 879256336
00010 880203650
00010 883295922
00010 884908212
00010 886529276
00010 888471864
00010 891109448
00010 891529624
00010 892624494
00010 892787878
00010 894889974
00010 895980612
00010 896214190
00010 898576782
00010 898653422
00010 899674210
00010 899683166
00010 900117354
00010 901421266
00010 901916644
00010 902991550
00010 905928854
00010 905988596
00010 906126528
00010 912906930
00010 914242420
00010 916884696
00010 917503634
00010 918940106
00010 919169956
00010 924165902
00010 925498368
00010 928316368
00010 929031840
00010 929670524
00010 940636272
00010 940703316
00010 948722896
00010 948957010
00010 950981772
00010 953578654
00010 955711512
00010 957938382
00010 958869296
00010 959688896
00010 960592842
00010 960769790
00010 961944286
00010 962132340
00010 963042400
00010 964785780
00010 974561064
00010 976449782
00010 976451032
00010 984032300
00010 984667666
00010 986634118
00010 987021724
00010 987793444
00010 988827944
00010 989479460
00010 992597682
00010 996663390
00010 998569874
00010 11916396
00010 15895182
00010 17070462
00010 17520668
00010 17841704
00010 25408146
00010 26234346
00010 33909260
00010 35583748
00010 35816780
00010 39134434
00010 42684814
00010 43158544
00010 43823204
00010 45233918
00010 48984654
00010 49285724
00010 52442394
00010 52484044
00010 52531304
00010 53229184
00010 55611634
00010 56313232
00010 58244260
00010 58848336
00010 59491836
00010 63009060
00010 66299530
00010 68180572
00010 69800406
00010 71390404
00010 72082004
00010 76809006
00010 77276662
00010 79633800
00010 83974458
00010 85603586
00010 87932558
00010 90383230
00010 91618398
00010 93876870
00010 96097472
00010 97488292
00010 99433478
00010 100845742
00010 101487036
00010 101687554
00010 101941686
00010 103071176
00010 104332128
00010 106639620
00010 108580060
00010 108761132
00010 109079804
00010 109081544
00010 111235772
00010 116449870
00010 118601230
00010 122034242
00010 126480614
00010 128679188
00010 128689200
00010 128758478
00010 129372280
00010 129834484
00010 129838248
00010 131885344
00010 136507930
00010 136859212
00010 138508620
00010 138895100
00010 139424986
00010 146091938
00010 147239464
00010 150911080
00010 153015944
00010 154567346
00010 155435626
00010 156728942
00010 164489986
00010 167698130
00010 169243992
00010 169877170
00010 176389338
00010 182339740
00010 183532064
00010 186021470
00010 186179664
00010 186213386
00010 193005776
00010 198264944
00010 200425648
00010 204058542
00010 204126320
00010 205482000
00010 205737850
00010 206767392
00010 209719694
00010 214072752
00010 214510914
00010 218540158
00010 224465924
00010 224687500
00010 224938898
00010 229515688
00010 233367044
00010 239004176
00010 242173684
00010 245451102
00010 247660264
00010 248614096
00010 253892614
00010 254679370
00010 257268580
00010 260151708
00010 265496576
00010 265758498
00010 266924934
00010 274900300
00010 275745412
00010 285622582
00010 289725768
00010 289836602
00010 290465534
00010 295462868
00010 296049840
00010 298120602
00010 298839516
00010 299287360
00010 299640542
00010 302803200
00010 308963974
00010 309042638
00010 310317354
00010 311085896
00010 314434130
00010 314724310
00010 318126536
00010 319017558
00010 321006868
00010 325059302
00010 328479316
00010 329410088
00010 332359204
00010 332908522
00010 333897778
00010 335902426
00010 336672278
00010 339241726
00010 340065838
00010 343121854
00010 345393164
00010 348766614
00010 351550628
00010 353024528
00010 353082622
00010 353260636
00010 354711462
00010 362328802
00010 363563240
00010 363839902
00010 364028404
00010 367721372
00010 368865388
00010 369536872
00010 370611184
00010 377210634
00010 377738406
00010 378142848
00010 378669606
00010 382432674
00010 388206064
00010 389935994
00010 392184320
00010 392306762
00010 392760318
00010 397063992
00010 399025004
00010 400124002
00010 401807006
00010 408983362
00010 409803244
00010 411634840
00010 412418770
00010 414903338
00010 415738234
00010 415849246
00010 421261320
00010 427693330
00010 430647886
00010 435856524
00010 436498660
00010 437190544
00010 439660506
00010 442974308
00010 444238028
00010 445386720
00010 446290600
00010 448378518
00010 450808770
00010 454181848
00010 458584174
00010 459020574
00010 463851888
00010 466459542
00010 466931704
00010 471418572
00010 481154358
00010 482018846
00010 483506168
00010 484360418
00010 488233862
00010 489157626
00010 489599490
00010 492036826
00010 492262812
00010 494478536
00010 494822250
00010 495571412
00010 495955288
00010 497596670
00010 498055676
00010 498256604
00010 503875624
00010 505016874
00010 506653868
00010 507961568
00010 509596274
00010 512579732
00010 514500898
00010 517205066
00010 521092578
00010 521343874
00010 525711916
00010 526607170
00010 527146002
00010 529376348
00010 529636088
00010 530025498
00010 532629308
00010 532700626
00010 535964168
00010 538650662
00010 542360000
00010 551950914
00010 554111818
00010 559386562
00010 562288090
00010 564527714
00010 566422434
00010 570411060
00010 571672758
00010 573440136
00010 578932012
00010 581273864
00010 581383436
00010 581963474
00010 585076410
00010 588185596
00010 588851372
00010 589398404
00010 592978080
00010 597399160
00010 598083954
00010 599912090
00010 602125908
00010 603874196
00010 604189126
00010 606192742
00010 608272906
00010 611324286
00010 613298092
00010 616899210
00010 617205460
00010 617677168
00010 620165926
00010 621349422
00010 623364424
00010 625587394
00010 627743136
00010 628654946
00010 629513484
00010 631014090
00010 631535204
00010 634218522
00010 634952872
00010 636460486
00010 636807796
00010 638416394
00010 638848414
00010 639328690
00010 643174840
00010 648727526
00010 650958266
00010 651122064
00010 651823336
00010 653233896
00010 654176120
00010 661669122
00010 665375670
00010 668549670
00010 669037798
00010 678308786
00010 680091244
00010 681562128
00010 684660702
00010 687618868
00010 688402102
00010 691734848
00010 695006950
00010 700084672
00010 701382700
00010 703361480
00010 708697414
00010 713257572
00010 713578160
00010 714408486
00010 714976096
00010 716429810
00010 719024322
00010 720019324
00010 726471470
00010 727012276
00010 729564028
00010 729599874
00010 731677172
00010 734504996
00010 734745438
00010 734980060
00010 738512528
00010 745032518
00010 745527364
00010 747799398
00010 750409254
00010 752299110
00010 759887172
00010 762555352
00010 762955068
00010 768901008
00010 771659128
00010 772961682
00010 776097674
00010 784950920
00010 787188260
00010 789514762
00010 790836808
00010 791029950
00010 794814106
00010 798081626
00010 798969634
00010 802156094
00010 803287984
00010 804068108
00010 804122938
00010 807020000
00010 808112372
00010 809023478
00010 809451082
00010 809737686
00010 815972188
00010 816980222
00010 821145174
00010 823392888
00010 825134630
00010 825158354
00010 826171408
00010 830221694
00010 832332906
00010 834871280
00010 836479444
00010 836922040
00010 840914802
00010 844535254
00010 847548072
00010 848418766
00010 851612802
00010 852471416
00010 856894820
00010 856987892
00010 856993988
00010 857390192
00010 859509068
00010 865344342
00010 867014400
00010 870543594
00010 871198748
00010 875000430
00010 879156658
00010 881067750
00010 881570840
00010 882009940
00010 882514528
00010 884229300
00010 886191524
00010 887031406
00010 888012170
00010 889836826
00010 890805926
00010 893931568
00010 894043558
00010 894682544
00010 900589988
00010 901283888
00010 904104172
00010 906789430
00010 906947606
00010 907431230
00010 910498126
00010 910718270
00010 911044414
00010 911901434
00010 913361780
00010 913550802
00010 913986542
00010 914476798
00010 914829162
00010 915710420
00010 918140342
00010 924533392
00010 924635944
00010 925623668
00010 932248196
00010 935207596
00010 935739948
00010 938971582
00010 940552432
00010 943104428
00010 943584358
00010 948874820
00010 949627540
00010 954328778
00010 965618302
00010 969288412
00010 971134586
00010 972768010
00010 973637442
00010 974022584
00010 979563140
00010 980441524
00010 988388246
00010 988441904
00010 990542812
00010 991698474
00010 993550920
00010 993958398
00010 995335768
00010 998035554
00010 998093700
00010 998380308
00010 998964522
00010 999364148
00010 1000190068
