00010 2949224
00010 9051426
00010 12982290
00010 13221572
00010 14394568
00010 14454248
00010 15510544
00010 23056546
00010 27341462
00010 27448460
00010 32880920
00010 33282816
00010 35228962
00010 36686914
00010 37098488
00010 37176998
00010 38001640
00010 54152608
00010 56129750
00010 58378710
00010 61386504
00010 61551714
00010 65724248
00010 66418784
00010 71332222
00010 73142682
00010 76662032
00010 79168928
00010 79234144
00010 82834812
00010 85073870
00010 90710646
00010 90761762
00010 91301704
00010 91345588
00010 92375806
00010 93323918
00010 98205900
00010 99519548
00010 103649396
00010 104006578
00010 104210872
00010 104978160
00010 106761622
00010 109158944
00010 111026952
00010 111032986
00010 111092512
00010 111770276
00010 112516446
00010 115451020
00010 118238420
00010 119147870
00010 121733344
00010 122293404
00010 122601256
00010 127179234
00010 136615498
00010 139240918
00010 149610304
00010 150475068
00010 154372656
00010 154733306
00010 155205972
00010 155228360
00010 155989552
00010 162400824
00010 165498920
00010 166484980
00010 167209280
00010 174818022
00010 177841650
00010 178671510
00010 178692998
00010 178810556
00010 180173580
00010 181092522
00010 185075802
00010 186101024
00010 187229770
00010 187969808
00010 188082860
00010 190459228
00010 191393302
00010 192478898
00010 192858322
00010 201930098
00010 203902982
00010 204884144
00010 207339052
00010 213827674
00010 215927058
00010 217127020
00010 218517174
00010 218904192
00010 221519416
00010 224272600
00010 224273762
00010 228162300
00010 233174466
00010 234017570
00010 237987972
00010 238761246
00010 245994708
00010 248991084
00010 255889386
00010 257063074
00010 264608684
00010 266261732
00010 270036724
00010 270126142
00010 277143328
00010 279117556
00010 280289342
00010 282752280
00010 286374088
00010 294569938
00010 299977472
00010 302554150
00010 303620064
00010 304800886
00010 306287722
00010 309812938
00010 311381490
00010 314065090
00010 314395766
00010 317400436
00010 318657958
00010 319311728
00010 323225196
00010 326288626
00010 328527816
00010 334311956
00010 338262126
00010 339618376
00010 340730636
00010 341512110
00010 344701182
00010 346364074
00010 349055352
00010 352731500
00010 355433326
00010 355583918
00010 358574074
00010 364678966
00010 365428334
00010 366367452
00010 367188764
00010 372013626
00010 374100298
00010 374343886
00010 376204742
00010 376962748
00010 380265764
00010 382807260
00010 386953714
00010 387732564
00010 388929218
00010 390648390
00010 392380078
00010 400434630
00010 402550034
00010 404437834
00010 406656800
00010 407075482
00010 415574018
00010 415669926
00010 419458134
00010 425929142
00010 427742732
00010 428626258
00010 430075746
00010 431029162
00010 432998792
00010 439502110
00010 441830300
00010 442714836
00010 443397202
00010 446067826
00010 447736892
00010 451323670
00010 455392334
00010 456300586
00010 456453548
00010 459257410
00010 459347954
00010 462902752
00010 463229712
00010 466988906
00010 469202392
00010 470133806
00010 472731520
00010 473204634
00010 474428166
00010 475416412
00010 476617000
00010 476870628
00010 478520666
00010 479415248
00010 479567990
00010 482657498
00010 483479520
00010 483826546
00010 491346564
00010 493741806
00010 496348100
00010 508132286
00010 509266696
00010 510700988
00010 514623474
00010 519052558
00010 519815316
00010 526321024
00010 530982798
00010 531580760
00010 533648288
00010 534191338
00010 536722534
00010 541179732
00010 541693458
00010 543951992
00010 547388206
00010 552956552
00010 553308490
00010 555297706
00010 556575334
00010 560702426
00010 561671226
00010 562344754
00010 562835154
00010 564701756
00010 568967970
00010 569132046
00010 569137186
00010 569582738
00010 570523426
00010 570571560
00010 570727226
00010 570773954
00010 571972188
00010 572223044
00010 575325992
00010 575495684
00010 576545704
00010 577068404
00010 580277894
00010 581514806
00010 586065540
00010 593227280
00010 596942098
00010 598779796
00010 599390546
00010 599454102
00010 602767024
00010 603030394
00010 605146262
00010 606552776
00010 609318420
00010 609347224
00010 614628656
00010 615526182
00010 618001768
00010 624328656
00010 624508906
00010 627236314
00010 635041824
00010 636153442
00010 639067238
00010 640118044
00010 641141978
00010 642049486
00010 643035858
00010 644396372
00010 647241628
00010 648262968
00010 649230442
00010 649328380
00010 649922564
00010 650217790
00010 656128018
00010 659909032
00010 664608666
00010 666996522
00010 672962230
00010 678702560
00010 680324272
00010 683100528
00010 684703466
00010 687365342
00010 692917426
00010 696320444
00010 703300332
00010 706053454
00010 706321174
00010 706473040
00010 707241030
00010 708455186
00010 708512990
00010 712444626
00010 712838154
00010 713207602
00010 719531964
00010 720284596
00010 721068900
00010 729611378
00010 730297664
00010 734941838
00010 735227846
00010 735745528
00010 735778148
00010 736482938
00010 738726518
00010 740964488
00010 748519858
00010 750620496
00010 751758362
00010 755973280
00010 757174544
00010 757457522
00010 759056468
00010 759538530
00010 760544048
00010 760827440
00010 761483760
00010 762585744
00010 762925404
00010 767811690
00010 770073826
00010 770160740
00010 770948198
00010 776788098
00010 778541602
00010 779089898
00010 783020726
00010 783888416
00010 784248782
00010 784776926
00010 788462554
00010 789839490
00010 791196888
00010 791208838
00010 791607576
00010 794331406
00010 804123458
00010 806041836
00010 808179230
00010 811784032
00010 813486974
00010 813813722
00010 813862904
00010 821077270
00010 821926252
00010 824405708
00010 825264548
00010 833430462
00010 834671558
00010 835590876
00010 838059254
00010 838228016
00010 840862050
00010 841857408
00010 842204822
00010 844240552
00010 846740688
00010 850031968
00010 854031956
00010 857269676
00010 857869908
00010 857904802
00010 862231212
00010 864463896
00010 866058046
00010 868865102
00010 871191578
00010 871584730
00010 873111500
00010 873787418
00010 876889232
00010 878996854
00010 883193932
00010 885788094
00010 885844660
00010 886762766
00010 888837674
00010 889643054
00010 890141818
00010 894611722
00010 896728696
00010 900469232
00010 901763942
00010 903665600
00010 904882422
00010 905011124
00010 910445122
00010 911105726
00010 911134100
00010 915759706
00010 916953574
00010 917462940
00010 922974420
00010 924294380
00010 932018228
00010 935868054
00010 936562786
00010 940041530
00010 950847990
00010 953206256
00010 959368626
00010 960124736
00010 961668026
00010 962669516
00010 964699314
00010 967259916
00010 968417982
00010 968755000
00010 970523360
00010 971545622
00010 972274128
00010 972503018
00010 974381902
00010 974401978
00010 974978922
00010 975715850
00010 978847752
00010 978924728
00010 982259462
00010 987287776
00010 989786470
00010 989837812
00010 990127426
00010 991135958
00010 993290372
00010 995073222
00010 997359912
00010 999421640
00010 999901230
00010 8085632
00010 8680092
00010 10496194
00010 12161800
00010 13833848
00010 14754542
00010 19567494
00010 20089278
00010 20321304
00010 26159338
00010 30747132
00010 33101512
00010 33264820
00010 34118296
00010 38343654
00010 39023858
00010 42265654
00010 42361546
00010 45952646
00010 47468682
00010 48308694
00010 49936878
00010 51400732
00010 53763754
00010 57661558
00010 57975484
00010 63623166
00010 64809272
00010 67998660
00010 69747214
00010 72222758
00010 74176262
00010 75681312
00010 78413002
00010 79455694
00010 80124162
00010 80907590
00010 83071718
00010 85933776
00010 86966550
00010 87273578
00010 88902834
00010 90845446
00010 96914416
00010 101898892
00010 103438688
00010 105979810
00010 108261116
00010 108290828
00010 108296362
00010 112828584
00010 113495768
00010 114558124
00010 115435346
00010 116104118
00010 120354352
00010 120944874
00010 121874282
00010 125260376
00010 127474476
00010 129075300
00010 134375844
00010 135332080
00010 145319634
00010 147847482
00010 147927032
00010 148362840
00010 148961490
00010 150516292
00010 153352086
00010 153938150
00010 158916576
00010 160064726
00010 160618362
00010 161684678
00010 163118908
00010 163393266
00010 165530182
00010 166914516
00010 167023652
00010 170650926
00010 171218478
00010 172145746
00010 175176332
00010 175782388
00010 176490660
00010 178319066
00010 188114018
00010 191555240
00010 192082250
00010 192131508
00010 198010886
00010 199420396
00010 199515956
00010 200598756
00010 207002774
00010 208452530
00010 210452704
00010 211247092
00010 213838892
00010 215843810
00010 217376558
00010 220293426
00010 221156082
00010 222567090
00010 228046764
00010 229906684
00010 230335376
00010 230674008
00010 232769340
00010 234666920
00010 235502136
00010 239195820
00010 239771378
00010 241212976
00010 241897616
00010 244610898
00010 244943836
00010 248480112
00010 249683064
00010 253155440
00010 253690934
00010 253692872
00010 257184142
00010 258015140
00010 261560094
00010 262375328
00010 264559646
00010 264581540
00010 270340832
00010 277022818
00010 277986894
00010 282584080
00010 286330774
00010 287105450
00010 287874892
00010 289412682
00010 292659304
00010 296938696
00010 298721106
00010 299225346
00010 301353916
00010 301586930
00010 304637210
00010 306275032
00010 307815502
00010 308939338
00010 309298482
00010 309631916
00010 314818238
00010 314834982
00010 315892792
00010 318817080
00010 318835820
00010 319010548
00010 320869292
00010 321994658
00010 323734670
00010 325082620
00010 328271838
00010 328570196
00010 328836370
00010 329694214
00010 331624326
00010 333781262
00010 334034162
00010 335029774
00010 340004456
00010 341406484
00010 354542850
00010 362513570
00010 365468612
00010 366376994
00010 367273996
00010 367546318
00010 369687804
00010 369919428
00010 369928288
00010 371703932
00010 373152632
00010 375029696
00010 375746548
00010 379253624
00010 383432064
00010 384434100
00010 384682424
00010 385128748
00010 386600162
00010 387417870
00010 394396338
00010 395398198
00010 401966690
00010 403458596
00010 404028282
00010 404617334
00010 405059330
00010 405420924
00010 406120394
00010 407082066
00010 408350182
00010 414203856
00010 417017608
00010 419230278
00010 420024242
00010 420226018
00010 422130404
00010 423857476
00010 425865160
00010 427862274
00010 430043174
00010 430242758
00010 432149274
00010 435972618
00010 436854678
00010 436917194
00010 439027554
00010 440807186
00010 444876888
00010 445098462
00010 445665390
00010 449426568
00010 449642620
00010 451687484
00010 452225272
00010 454665098
00010 459926062
00010 462822048
00010 463560392
00010 463660510
00010 466027336
00010 468529502
00010 468658082
00010 473048020
00010 473119076
00010 474495652
00010 474574892
00010 477631392
00010 485044412
00010 487223828
00010 488971478
00010 492776758
00010 494427030
00010 494447758
00010 498966998
00010 499027464
00010 501378020
00010 503114152
00010 504551868
00010 506869438
00010 508798300
00010 514187312
00010 514660030
00010 515270782
00010 515283784
00010 526838074
00010 527032942
00010 527830598
00010 529071304
00010 533334356
00010 536291952
00010 537255490
00010 538158712
00010 538433352
00010 539242930
00010 539476742
00010 540158982
00010 540242944
00010 541859036
00010 542947086
00010 549568296
00010 549890894
00010 550702234
00010 554529048
00010 556070480
00010 556949476
00010 557069380
00010 558762328
00010 560203156
00010 560379552
00010 561121828
00010 563596478
00010 564842758
00010 565609332
00010 567491106
00010 571562452
00010 572221134
00010 574945962
00010 581262148
00010 583885156
00010 584234256
00010 584747226
00010 588856036
00010 595225502
00010 596295050
00010 596698052
00010 598229396
00010 601004876
00010 601901684
00010 607816008
00010 607994060
00010 611987510
00010 615801984
00010 618556556
00010 620979644
00010 621563224
00010 625306556
00010 627595104
00010 631943632
00010 632755980
00010 638934140
00010 639437014
00010 639480278
00010 640392980
00010 644487800
00010 644533502
00010 646694092
00010 647853616
00010 649129348
00010 649811226
00010 649896668
00010 650451300
00010 651169218
00010 651962900
00010 654307116
00010 656501924
00010 660945600
00010 665957626
00010 675425490
00010 675595750
00010 675859322
00010 677404094
00010 684668856
00010 685459774
00010 686217690
00010 687613736
00010 688667412
00010 695633076
00010 697061090
00010 698167956
00010 699915400
00010 701255446
00010 702555288
00010 706341742
00010 707905414
00010 712605692
00010 713078648
00010 719278930
00010 719760264
00010 722467270
00010 725592170
00010 728277820
00010 732044350
00010 735076054
00010 736696608
00010 737113602
00010 741098776
00010 742263172
00010 743410662
00010 743954646
00010 749627740
00010 749675076
00010 750136978
00010 753453204
00010 757100616
00010 757588742
00010 757887236
00010 765605366
00010 767626762
00010 768355838
00010 768865696
00010 769512066
00010 769566140
00010 770257006
00010 776722248
00010 777786228
00010 781859264
00010 781956170
00010 786091896
00010 788255192
00010 789335206
00010 789926898
00010 796221450
00010 803613514
00010 803726294
00010 804942440
00010 805595386
00010 809395304
00010 810402768
00010 813934256
00010 817528558
00010 824814864
00010 825863842
00010 827229516
00010 834202026
00010 834204364
00010 839971012
00010 840344274
00010 841098570
00010 843611676
00010 844325054
00010 848477878
00010 849725078
00010 849985196
00010 850003600
00010 851286860
00010 851366238
00010 853827952
00010 853931294
00010 854921758
00010 855730516
00010 855846854
00010 857369324
00010 858335838
00010 861803612
00010 862387974
00010 862505862
00010 862818578
00010 864440122
00010 865909026
00010 866803450
00010 870250104
00010 871440754
00010 872513718
00010 873494032
00010 874304268
00010 875787006
00010 876424626
00010 877333562
00010 878167272
00010 885573514
00010 893553050
00010 896858680
00010 898365610
00010 902802444
00010 902886010
00010 909412202
00010 916212288
00010 918321790
00010 918634712
00010 919497798
00010 929024794
00010 930782874
00010 932468454
00010 935267394
00010 936521474
00010 938494278
00010 940399924
00010 940558332
00010 940909352
00010 941939246
00010 942495348
00010 942940486
00010 943067516
00010 943247148
00010 944842600
00010 945531944
00010 946055226
00010 947914882
00010 956275444
00010 957146758
00010 959677684
00010 963843436
00010 964865464
00010 965105732
00010 967096542
00010 969632180
00010 973857608
00010 976611708
00010 977418398
00010 978718422
00010 981939348
00010 983081376
00010 984820742
00010 987481562
00010 994217574
00010 994384946
00010 998518584
00010 998534352
00010 369084
00010 2684548
00010 3623476
00010 3739206
00010 4587036
00010 6218996
00010 8896784
00010 9218646
00010 10920258
00010 11490418
00010 11718576
00010 16172702
00010 23975892
00010 27039494
00010 28212056
00010 28327292
00010 28329272
00010 28346738
00010 31571684
00010 36870648
00010 39807076
00010 43862902
00010 46174964
00010 50759004
00010 50862324
00010 52152644
00010 52178972
00010 52569734
00010 55657618
00010 56415266
00010 56867132
00010 57877956
00010 59531952
00010 60745140
00010 60776556
00010 61688794
00010 64170338
00010 66385530
00010 66423944
00010 66605408
00010 66981778
00010 67298810
00010 67356662
00010 68987290
00010 75209208
00010 76340040
00010 76496172
00010 77775378
00010 83442984
00010 84083204
00010 87527402
00010 88092048
00010 90979762
00010 95067984
00010 101189648
00010 101935180
00010 105238132
00010 105263410
00010 106283022
00010 108481962
00010 108490474
00010 110631054
00010 111654142
00010 113329480
00010 117781384
00010 119351352
00010 120658646
00010 121340052
00010 121367894
00010 122948582
00010 123113752
00010 125812744
00010 126323806
00010 127866190
00010 128805250
00010 131031772
00010 133042244
00010 138950734
00010 142373610
00010 142410828
00010 146333032
00010 147760860
00010 148634544
00010 148674266
00010 150415082
00010 151427664
00010 152467320
00010 152586866
00010 157355844
00010 160963494
00010 161517158
00010 161948698
00010 164102336
00010 169796638
00010 170953090
00010 173942896
00010 176380302
00010 176490688
00010 176677064
00010 177417276
00010 178081656
00010 179559014
00010 183276944
00010 183654822
00010 183689382
00010 188055046
00010 191515284
00010 191718406
00010 192459890
00010 193806802
00010 194423768
00010 197291730
00010 201514234
00010 208596350
00010 209151416
00010 211248676
00010 217088640
00010 219027754
00010 220227666
00010 223789704
00010 228482716
00010 228779014
00010 231285982
00010 231608746
00010 232284472
00010 232518170
00010 232542584
00010 235105762
00010 235572792
00010 242152272
00010 243352732
00010 247179040
00010 251384214
00010 254685414
00010 258456110
00010 258856250
00010 260716726
00010 262376616
00010 264407902
00010 265494552
00010 267128634
00010 267873114
00010 269330646
00010 269673022
00010 276346304
00010 276490402
00010 277950468
00010 280818646
00010 282552788
00010 285551694
00010 286886854
00010 289837624
00010 291087918
00010 292612702
00010 296450352
00010 296828534
00010 297001938
00010 299804944
00010 301070922
00010 302721192
00010 303707836
00010 304304470
00010 306063546
00010 308556940
00010 309071070
00010 310852254
00010 312188784
00010 315057140
00010 315719802
00010 326552892
00010 326592888
00010 329625820
00010 330738238
00010 332138082
00010 335527316
00010 342477656
00010 342573392
00010 347564120
00010 351486774
00010 351488098
00010 355863260
00010 359389236
00010 359757586
00010 369326196
00010 370724102
00010 375132490
00010 376598540
00010 380129670
00010 382346558
00010 384280412
00010 384710540
00010 385309168
00010 389240438
00010 390967556
00010 393511318
00010 403326150
00010 404632094
00010 404882922
00010 404896192
00010 410107454
00010 417310076
00010 417334976
00010 419670014
00010 420145772
00010 420927414
00010 423033430
00010 425518820
00010 426197204
00010 428511312
00010 430825916
00010 432953686
00010 433484506
00010 440878380
00010 440924612
00010 440928214
00010 441523800
00010 442682628
00010 443374140
00010 444136138
00010 450327284
00010 461233106
00010 461757946
00010 462621686
00010 463944592
00010 466503070
00010 469278544
00010 470263588
00010 471188824
00010 472019564
00010 472784366
00010 475103636
00010 475301930
00010 476193916
00010 476450734
00010 478935218
00010 487068474
00010 488490326
00010 492491058
00010 495526666
00010 495777306
00010 498712722
00010 498998920
00010 500732712
00010 501671246
00010 506417128
00010 511984764
00010 512818538
00010 513678014
00010 513994222
00010 515952880
00010 517454580
00010 517881108
00010 521368120
00010 522962356
00010 524129782
00010 530219636
00010 535066384
00010 537434786
00010 540436806
00010 544611648
00010 552384504
00010 553142330
00010 553293872
00010 553376246
00010 553751336
00010 554374642
00010 555081026
00010 556466494
00010 557385804
00010 557883340
00010 560329574
00010 561611128
00010 563982618
00010 566302176
00010 567805568
00010 572736050
00010 573215372
00010 574037728
00010 575304604
00010 578603754
00010 579372102
00010 580382606
00010 581843882
00010 583915416
00010 587801116
00010 588719636
00010 590087624
00010 591806094
00010 592828092
00010 593879730
00010 594522008
00010 597400658
00010 598930796
00010 600317002
00010 601424296
00010 601989670
00010 605238702
00010 607050354
00010 609168316
00010 610416604
00010 610992348
00010 612907180
00010 613807478
00010 614864224
00010 615653256
00010 621376432
00010 623711432
00010 623756430
00010 624301572
00010 624475814
00010 625812282
00010 626346258
00010 629953264
00010 631055530
00010 636765988
00010 643624042
00010 644005506
00010 647326582
00010 648186480
00010 649690846
00010 651190540
00010 651820680
00010 653639366
00010 655064188
00010 656430190
00010 660598740
00010 660924300
00010 661730380
00010 666556274
00010 671795366
00010 672675840
00010 675849496
00010 676081280
00010 676623280
00010 678616498
00010 680985840
00010 683922696
00010 689069728
00010 690856908
00010 692578058
00010 694989792
00010 695922460
00010 697931156
00010 699014840
00010 699653588
00010 700219000
00010 702211972
00010 702719596
00010 702934992
00010 707737902
00010 707914744
00010 709594864
00010 711844496
00010 719861578
00010 724100104
00010 724945792
00010 726914034
00010 727170410
00010 728853176
00010 730219680
00010 732825414
00010 735748830
00010 739965144
00010 741165478
00010 745280784
00010 746563170
00010 750131218
00010 755080966
00010 756049790
00010 756326536
00010 756574236
00010 758771264
00010 760707626
00010 762742430
00010 768466908
00010 769630900
00010 770517988
00010 776694584
00010 776705284
00010 777877712
00010 782023856
00010 786608084
00010 787228072
00010 789391712
00010 789930258
00010 790062092
00010 792312500
00010 796224816
00010 797395496
00010 797795666
00010 798548300
00010 802739370
00010 804237510
00010 805737800
00010 807544362
00010 808861480
00010 811217068
00010 811570384
00010 812796678
00010 814294010
00010 814574300
00010 814923058
00010 817361848
00010 819076644
00010 820319270
00010 821293578
00010 821468004
00010 824997884
00010 832263026
00010 834324614
00010 834358480
00010 835277334
00010 835447148
00010 837081702
00010 840694494
00010 840807764
00010 844734854
00010 845265462
00010 845500586
00010 847494796
00010 850293384
00010 859277686
00010 861896516
00010 864126222
00010 864876672
00010 865978342
00010 866602640
00010 871058744
00010 871375178
00010 873389672
00010 874928070
00010 879883342
00010 885920680
00010 886422742
00010 886507532
00010 886849654
00010 891255974
00010 894681690
00010 894943366
00010 897649870
00010 897805138
00010 898380094
00010 899438456
00010 900815894
00010 904336334
00010 909255928
00010 909296888
00010 910758948
00010 911732486
00010 913939550
00010 915442790
00010 917732020
00010 918208556
00010 920397794
00010 923034084
00010 923194484
00010 930219242
00010 936437958
00010 938603924
00010 939200864
00010 941986484
00010 943255636
00010 944146108
00010 951259564
00010 952246348
00010 953858484
00010 954573408
00010 954797818
00010 955416836
00010 957473138
00010 957941200
00010 959500606
00010 964299930
00010 970580364
00010 971307638
00010 972422232
00010 973026928
00010 974196752
00010 974958028
00010 981783560
00010 983108294
00010 983550120
00010 989397012
00010 989740918
00010 990567926
00010 991342944
00010 992971810
00010 993748114
00010 994570246
00010 994592238
00010 407006
00010 1716220
00010 2706056
00010 5208878
00010 6337222
00010 19620026
00010 26697410
00010 33994288
00010 34983996
00010 39485668
00010 52575622
00010 56600896
00010 57937140
00010 58499768
00010 58508210
00010 58841898
00010 64115314
00010 69388054
00010 71291754
00010 72327938
00010 72936776
00010 74469862
00010 75735794
00010 75751492
00010 76320284
00010 78312618
00010 80026822
00010 81070628
00010 82222242
00010 84043434
00010 84881406
00010 87890922
00010 88045588
00010 90045102
00010 93281094
00010 101147726
00010 101465710
00010 101846112
00010 105413286
00010 109633644
00010 110603018
00010 112718478
00010 117012832
00010 118708858
00010 118775054
00010 120309662
00010 124871258
00010 125820884
00010 125972960
00010 126355152
00010 127849520
00010 128220472
00010 128594332
00010 130490902
00010 131474062
00010 132342962
00010 133333178
00010 136234840
00010 138584384
00010 139305218
00010 142191596
00010 144584516
00010 148780128
00010 152487224
00010 157926236
00010 163667054
00010 164833010
00010 166825074
00010 169430748
00010 170889758
00010 171412610
00010 174525924
00010 175999042
00010 176894512
00010 178479320
00010 180952424
00010 182030444
00010 190201768
00010 190704912
00010 191239830
00010 192579368
00010 195395520
00010 202941718
00010 205836914
00010 210466764
00010 216188488
00010 218993732
00010 220542730
00010 221918886
00010 222755792
00010 223240290
00010 227035038
00010 230338666
00010 231369404
00010 231891842
00010 232706670
00010 234675262
00010 239290496
00010 240012920
00010 241603260
00010 241606344
00010 242082730
00010 244545074
00010 245366840
00010 246233894
00010 247827700
00010 248838658
00010 251242892
00010 252672080
00010 256673686
00010 256992720
00010 257357484
00010 259630866
00010 260687094
00010 265742206
00010 267084750
00010 270283754
00010 274607924
00010 275608514
00010 275611136
00010 278920584
00010 279422620
00010 280645066
00010 283303178
00010 284029486
00010 284052182
00010 288795982
00010 293797498
00010 294425168
00010 296524480
00010 296644742
00010 297477646
00010 297718184
00010 301595224
00010 303337844
00010 305063028
00010 305064202
00010 305357810
00010 305848368
00010 308271430
00010 310833224
00010 314123394
00010 314268522
00010 316830436
00010 317091650
00010 318054796
00010 319599714
00010 320525032
00010 322668704
00010 323084796
00010 326591734
00010 327157696
00010 330049606
00010 331537452
00010 333649970
00010 335405566
00010 336506476
00010 336522212
00010 337986702
00010 338270570
00010 338302764
00010 339094326
00010 341423876
00010 345115594
00010 347536472
00010 351970076
00010 353534652
00010 355539754
00010 356529876
00010 357125614
00010 357735080
00010 362373490
00010 366222452
00010 367045894
00010 367736308
00010 368786392
00010 375997648
00010 376226584
00010 384574826
00010 385169588
00010 386088004
00010 390539268
00010 390794798
00010 393673078
00010 395823004
00010 397060170
00010 400755218
00010 400945032
00010 401500788
00010 401794852
00010 403956166
00010 406574960
00010 410067646
00010 415170700
00010 418316208
00010 426926202
00010 432215328
00010 435340262
00010 440474014
00010 442648548
00010 446465568
00010 449424902
00010 449582272
00010 450867962
00010 452240474
00010 452716856
00010 456793948
00010 457513318
00010 457937586
00010 458105872
00010 464377804
00010 465269110
00010 465327830
00010 465910782
00010 467860310
00010 468033044
00010 470926266
00010 472279006
00010 472846974
00010 473091026
00010 481608572
00010 486282940
00010 486814172
00010 487177104
00010 487648472
00010 489621068
00010 490070620
00010 490686342
00010 490780618
00010 491806118
00010 492475774
00010 498126354
00010 498317540
00010 501768396
00010 502108970
00010 502114132
00010 503374102
00010 505814058
00010 508282580
00010 513023068
00010 515548962
00010 517948448
00010 519472470
00010 520515696
00010 521532520
00010 521625782
00010 522545472
00010 523621890
00010 524085436
00010 528582330
00010 528745554
00010 532452100
00010 533831698
00010 536784192
00010 537832940
00010 546006196
00010 547459906
00010 548236704
00010 552020122
00010 552494152
00010 553140774
00010 555704324
00010 558275942
00010 560955354
00010 565845794
00010 566383026
00010 566986344
00010 568101918
00010 568969074
00010 572230394
00010 573127990
00010 573973018
00010 574794462
00010 580440764
00010 581188036
00010 590893988
00010 593512470
00010 599664656
00010 599910156
00010 601894604
00010 603876522
00010 604004624
00010 604852204
00010 607354366
00010 610289570
00010 612553754
00010 612976308
00010 614412800
00010 614638746
00010 615162168
00010 618136870
00010 621600558
00010 625132806
00010 626024008
00010 629172970
00010 631430178
00010 633335030
00010 636127234
00010 637456254
00010 640153076
00010 641965768
00010 645708204
00010 647366182
00010 653596270
00010 653860194
00010 661287682
00010 662468004
00010 665535138
00010 666276438
00010 666343764
00010 666839268
00010 669202634
00010 669842872
00010 673377298
00010 674458594
00010 678039164
00010 680442506
00010 688194292
00010 688238950
00010 688615224
00010 690526790
00010 690529178
00010 692777050
00010 694085002
00010 697086990
00010 698215086
00010 698636254
00010 698858424
00010 698893650
00010 700307586
00010 701879518
00010 702537056
00010 704670702
00010 705944966
00010 707975718
00010 712574954
00010 717817890
00010 719559736
00010 721413386
00010 723571728
00010 723791456
00010 725253360
00010 726843170
00010 728438724
00010 732228352
00010 732635262
00010 734745884
00010 737262950
00010 742037776
00010 742444014
00010 743904392
00010 744378508
00010 748598008
00010 750944468
00010 752684190
00010 764622024
00010 765049654
00010 765541582
00010 767802392
00010 771033600
00010 775750812
00010 778888840
00010 780171526
00010 783886526
00010 784521860
00010 784844112
00010 787838990
00010 789103048
00010 789694914
00010 790675504
00010 791454874
00010 791587430
00010 791787230
00010 796419488
00010 797584780
00010 798243656
00010 799051310
00010 800563930
00010 800840500
00010 801654258
00010 805154498
00010 808271626
00010 809859122
00010 811307730
00010 811668884
00010 811878784
00010 813871722
00010 815848264
00010 816300362
00010 819234890
00010 819548676
00010 824750028
00010 825167478
00010 828541030
00010 829183428
00010 829885932
00010 833615068
00010 834693920
00010 836187364
00010 838351288
00010 838833904
00010 839234750
00010 845105378
00010 849117218
00010 854012830
00010 854984970
00010 855650804
00010 857704726
00010 858276482
00010 858645590
00010 861248174
00010 862236620
00010 866349742
00010 866788760
00010 870450220
00010 870485328
00010 870760444
00010 876160904
00010 879170568
00010 880961878
00010 882163604
00010 883714122
00010 884822502
00010 888021314
00010 890303212
00010 890971390
00010 892496140
00010 897375280
00010 904470748
00010 905045052
00010 908415920
00010 911786260
00010 917056170
00010 918344776
00010 920985654
00010 924595464
00010 924630490
00010 924880760
00010 929033050
00010 935909044
00010 936416578
00010 937382184
00010 938811732
00010 942634680
00010 944457022
00010 947544852
00010 951109046
00010 952117582
00010 953949748
00010 956740742
00010 961536760
00010 965584518
00010 971007720
00010 972328530
00010 974456220
00010 974814318
00010 975108892
00010 982801890
00010 987392686
00010 987457302
00010 988009370
00010 994391132
00010 994577410
00010 995699514
00010 5444582
00010 8923058
00010 8942906
00010 11866252
00010 17144482
00010 17150466
00010 17153052
00010 17182070
00010 19497978
00010 22329858
00010 24773668
00010 31794596
00010 31903808
00010 32643732
00010 39547506
00010 41930882
00010 43433214
00010 44684606
00010 45382888
00010 50279646
00010 54926198
00010 55382816
00010 58869342
00010 59742882
00010 63632984
00010 63819534
00010 67528958
00010 68489308
00010 70518554
00010 70525630
00010 71074940
00010 72266100
00010 79813730
00010 80022874
00010 81262106
00010 85399716
00010 85980472
00010 86249618
00010 87008444
00010 91143436
00010 91372834
00010 91693890
00010 91696264
00010 91847852
00010 93368914
00010 97465026
00010 98499410
00010 99600840
00010 99602562
00010 99747228
00010 101752488
00010 108488590
00010 110486304
00010 110558378
00010 112861348
00010 113420152
00010 113682054
00010 121681100
00010 122510424
00010 124425980
00010 128288292
00010 131202414
00010 135573564
00010 135976898
00010 136925496
00010 138542490
00010 139243852
00010 139979248
00010 140033922
00010 143465706
00010 144448326
00010 146342820
00010 155783682
00010 155923468
00010 157443872
00010 157470478
00010 157836958
00010 159149032
00010 161617672
00010 167344316
00010 170003390
00010 171046434
00010 173313162
00010 180091436
00010 184090294
00010 184440656
00010 186375314
00010 188514556
00010 190080100
00010 190625574
00010 197428668
00010 197639270
00010 201585484
00010 201971252
00010 202179140
00010 203278604
00010 203564182
00010 204010254
00010 204846076
00010 208513806
00010 211195690
00010 212052252
00010 215117846
00010 217356840
00010 218022760
00010 218882336
00010 219041766
00010 219582700
00010 220093290
00010 220309274
00010 229620228
00010 233983000
00010 235861292
00010 239461152
00010 241981488
00010 243577622
00010 247647590
00010 249183966
00010 249739222
00010 250342502
00010 254983350
00010 256315040
00010 256523952
00010 256987386
00010 260802732
00010 266078670
00010 268067344
00010 268177772
00010 269969200
00010 272213988
00010 272492300
00010 279736168
00010 283224236
00010 284824138
00010 286177982
00010 286710942
00010 290379150
00010 295662640
00010 297377044
00010 300584882
00010 300701364
00010 302120330
00010 303343972
00010 305223444
00010 306853754
00010 306855980
00010 309031986
00010 309177348
00010 314056128
00010 315168154
00010 319403370
00010 319883338
00010 321621886
00010 322106738
00010 322222812
00010 325396240
00010 330390854
00010 330814516
00010 337097198
00010 344713806
00010 345114716
00010 347729514
00010 348649308
00010 348779258
00010 349140972
00010 349602772
00010 353708530
00010 356992674
00010 359990190
00010 360566594
00010 364314708
00010 369357868
00010 369439308
00010 371200354
00010 371476984
00010 373281904
00010 374566708
00010 374752298
00010 377705528
00010 379508146
00010 380938240
00010 382182868
00010 383487396
00010 393110594
00010 395598080
00010 399919930
00010 400409960
00010 400803976
00010 402988914
00010 408552576
00010 410920562
00010 410928036
00010 413488206
00010 415766572
00010 417991222
00010 423994328
00010 427771706
00010 427982122
00010 428820774
00010 429198290
00010 430070034
00010 434586286
00010 441926834
00010 442146344
00010 442247714
00010 445334434
00010 445475740
00010 449177250
00010 450396578
00010 451303120
00010 451695672
00010 452640944
00010 455866126
00010 456369472
00010 459777298
00010 461176574
00010 462083540
00010 465122818
00010 466083924
00010 467603000
00010 469459800
00010 471684404
00010 474229934
00010 481754992
00010 483510354
00010 486691668
00010 489748390
00010 490873264
00010 492357644
00010 492710880
00010 493461198
00010 494777406
00010 497878836
00010 501922924
00010 502317700
00010 503294964
00010 503380390
00010 505290168
00010 506353034
00010 506433238
00010 509025990
00010 509565572
00010 512328616
00010 512786620
00010 516351110
00010 519227420
00010 520440460
00010 521354002
00010 522413468
00010 523563188
00010 527058226
00010 527182890
00010 530381654
00010 532646634
00010 535052822
00010 537845728
00010 538949870
00010 539338520
00010 550916762
00010 552518850
00010 552927020
00010 553310588
00010 555187266
00010 555563522
00010 555947952
00010 561673664
00010 562923688
00010 563491684
00010 565332306
00010 565452490
00010 568262738
00010 568314902
00010 570508066
00010 575587434
00010 576833644
00010 583427048
00010 586521556
00010 590450874
00010 591587256
00010 593965098
00010 594643890
00010 597549500
00010 598217234
00010 599329990
00010 600433652
00010 603865998
00010 604082420
00010 612092186
00010 612258734
00010 613102236
00010 615363420
00010 616836538
00010 617101756
00010 617389672
00010 622386324
00010 627844070
00010 631109148
00010 633177320
00010 634641634
00010 634728064
00010 634751612
00010 635953668
00010 636282384
00010 639066628
00010 639613260
00010 645035322
00010 645857948
00010 650977280
00010 650995850
00010 651466786
00010 652428190
00010 657124012
00010 657648690
00010 663539312
00010 664890468
00010 666977904
00010 669992586
00010 673366744
00010 677719748
00010 679125284
00010 679381322
00010 682607810
00010 683326896
00010 686120038
00010 687961270
00010 691837198
00010 694354940
00010 695972940
00010 697887632
00010 698181400
00010 702289506
00010 702781418
00010 704369912
00010 706890574
00010 707358492
00010 708090290
00010 708332902
00010 709657470
00010 714921898
00010 716508874
00010 719282858
00010 720784684
00010 721841420
00010 722155222
00010 724002482
00010 726888160
00010 729114224
00010 730209540
00010 732728934
00010 741148940
00010 743180504
00010 745541128
00010 747154284
00010 750530390
00010 751227772
00010 751243112
00010 757596552
00010 761859996
00010 763977324
00010 775288442
00010 778490654
00010 781607422
00010 782022144
00010 784928426
00010 785444590
00010 785803048
00010 792543690
00010 799856738
00010 803154606
00010 803388056
00010 807168076
00010 807589470
00010 813565582
00010 822993264
00010 823977566
00010 825994316
00010 828038558
00010 829361436
00010 832804516
00010 835039226
00010 837913686
00010 839082928
00010 841848814
00010 842627106
00010 844198374
00010 844943596
00010 847940404
00010 850350466
00010 853424374
00010 854430660
00010 854860650
00010 856649246
00010 857268240
00010 859088088
00010 859622220
00010 860675510
00010 864107206
00010 864694790
00010 868578190
00010 871845022
00010 876006358
00010 881517944
00010 882374566
00010 882758304
00010 884301316
00010 886072068
00010 886759018
00010 890442270
00010 894788796
00010 896153372
00010 897383646
00010 898334742
00010 900636662
00010 903507878
00010 906121452
00010 906902920
00010 908945104
00010 909298244
00010 917483168
00010 917800060
00010 920208950
00010 920858598
00010 921342746
00010 924229374
00010 929966194
00010 930924268
00010 933017464
00010 933480432
00010 936699196
00010 939242630
00010 941162062
00010 941795538
00010 946027284
00010 947472404
00010 952009842
00010 952564774
00010 957811628
00010 958907328
00010 963267600
00010 964077572
00010 964826768
00010 966554866
00010 978790768
00010 980711040
00010 980758168
00010 983831476
00010 987084286
00010 987856218
00010 990696022
00010 996576732
00010 997349224
00010 998134626
00010 998450456
00010 999618130
00010 430200
00010 3422900
00010 4210628
00010 7650582
00010 9912180
00010 10250510
00010 15086700
00010 19132232
00010 19184102
00010 20025534
00010 23876530
00010 25479022
00010 26955326
00010 28472270
00010 28569492
00010 28572472
00010 28643734
00010 30073236
00010 39270420
00010 45671004
00010 46413796
00010 47956664
00010 49670954
00010 50755846
00010 51136966
00010 51292830
00010 51667620
00010 53291538
00010 54212362
00010 56181780
00010 56690336
00010 58100770
00010 62451808
00010 65373392
00010 66222128
00010 70836396
00010 71499000
00010 72171310
00010 72883550
00010 72982924
00010 76497172
00010 81795646
00010 83865142
00010 85306692
00010 87179214
00010 89896276
00010 91985090
00010 96294902
00010 96924880
00010 99255610
00010 101209490
00010 102190830
00010 103999786
00010 106372258
00010 107818982
00010 112690196
00010 118925938
00010 119376074
00010 121271596
00010 122008434
00010 122018130
00010 122669142
00010 126521450
00010 129521278
00010 130183606
00010 132313838
00010 133764554
00010 135154282
00010 139569742
00010 140926852
00010 145587566
00010 145815968
00010 148871038
00010 149638672
00010 151378486
00010 157617398
00010 159007640
00010 164030426
00010 164252412
00010 165166288
00010 168645148
00010 174035912
00010 177259808
00010 178479126
00010 181105976
00010 181212912
00010 181329528
00010 181747894
00010 182394580
00010 191453054
00010 191488324
00010 193015856
00010 193561698
00010 193690104
00010 195070712
00010 199768948
00010 201488024
00010 201603024
00010 202041922
00010 203368592
00010 203976294
00010 205350832
00010 208297408
00010 210931296
00010 211172728
00010 211501232
00010 216463818
00010 217376310
00010 218240662
00010 218524064
00010 219608804
00010 221401160
00010 222442232
00010 224270136
00010 224627836
00010 227372686
00010 228502700
00010 228504466
00010 230436584
00010 231314868
00010 232830206
00010 233224542
00010 233803126
00010 234669424
00010 236656102
00010 236784692
00010 236968386
00010 239638384
00010 243410496
00010 245223598
00010 251750058
00010 252097296
00010 253282778
00010 255794152
00010 262313992
00010 262630536
00010 263495100
00010 265585662
00010 266790772
00010 267268594
00010 268280748
00010 273124696
00010 275140212
00010 275905572
00010 276503054
00010 279500414
00010 279784274
00010 282384224
00010 284726042
00010 289511716
00010 297077922
00010 297594402
00010 301356580
00010 301397882
00010 305030610
00010 307075654
00010 309568190
00010 313414932
00010 313698076
00010 318477308
00010 318614908
00010 320064674
00010 322704400
00010 326553232
00010 328930608
00010 335527612
00010 343171998
00010 343903188
00010 344620440
00010 350546572
00010 350759984
00010 351229530
00010 357815190
00010 359488958
00010 359861300
00010 361065880
00010 365414448
00010 365609988
00010 368111654
00010 374137932
00010 382349508
00010 383477668
00010 393203214
00010 400105904
00010 400152526
00010 400803012
00010 401793614
00010 404185518
00010 408911092
00010 409271528
00010 411037438
00010 411164344
00010 412360478
00010 420171380
00010 422548866
00010 422990418
00010 424770566
00010 425127314
00010 428990128
00010 429079460
00010 429267784
00010 429855592
00010 432686142
00010 432805090
00010 435484234
00010 440734106
00010 440799702
00010 442286676
00010 446607370
00010 447408460
00010 454920804
00010 455146902
00010 457651482
00010 459496168
00010 459873682
00010 461421584
00010 465477040
00010 471614302
00010 472053878
00010 475776486
00010 478631434
00010 478753532
00010 481063510
00010 481628468
00010 482603766
00010 482722064
00010 482750296
00010 483817216
00010 486574284
00010 487240134
00010 487599710
00010 489525168
00010 489709234
00010 492415966
00010 492935872
00010 493377922
00010 496993352
00010 501549144
00010 504162484
00010 506195932
00010 506387604
00010 507224536
00010 511173916
00010 512507740
00010 513723760
00010 514278038
00010 515460238
00010 521882484
00010 528863140
00010 531273792
00010 531951610
00010 532770244
00010 533383018
00010 535468668
00010 535966074
00010 537318520
00010 542018918
00010 542984260
00010 544772844
00010 547986112
00010 548372140
00010 549930464
00010 557460434
00010 557884340
00010 569939804
00010 571784366
00010 572750494
00010 573669092
00010 577406698
00010 578603040
00010 578904144
00010 585237272
00010 586872648
00010 587258684
00010 589258914
00010 591959876
00010 594187144
00010 594965768
00010 599033346
00010 600713784
00010 601916988
00010 606315420
00010 613012380
00010 619761338
00010 627805018
00010 631524000
00010 631820672
00010 631882322
00010 632549424
00010 633950244
00010 634081532
00010 634441288
00010 637267100
00010 638147710
00010 638583156
00010 639614374
00010 639722766
00010 639768184
00010 640313194
00010 646371938
00010 652670090
00010 653376094
00010 653489474
00010 654187710
00010 655194292
00010 655866502
00010 659055190
00010 659425844
00010 659428136
00010 660121448
00010 670195270
00010 670302648
00010 672112612
00010 677815476
00010 678824736
00010 679862196
00010 686656394
00010 692723138
00010 694961270
00010 697228002
00010 698078588
00010 698424356
00010 700602656
00010 701562798
00010 704420326
00010 705627834
00010 706904646
00010 708654030
00010 710013258
00010 711240878
00010 713445370
00010 715248744
00010 719334928
00010 719345330
00010 721621050
00010 723500252
00010 724927600
00010 725005078
00010 728771582
00010 728824026
00010 729461918
00010 729500162
00010 731753312
00010 735999454
00010 736566160
00010 737866208
00010 741188752
00010 741419150
00010 743854186
00010 744056418
00010 744095072
00010 744363430
00010 749333066
00010 753838260
00010 754877192
00010 755566954
00010 759696678
00010 760103600
00010 760176092
00010 767505998
00010 769185552
00010 771626142
00010 771747752
00010 779478488
00010 780018924
00010 784610998
00010 792201046
00010 792518870
00010 796839186
00010 798798578
00010 803404368
00010 803537478
00010 804657870
00010 809366068
00010 810391568
00010 812583488
00010 813159344
00010 814453184
00010 822041190
00010 822569900
00010 822763842
00010 823568552
00010 826559162
00010 826707648
00010 832022832
00010 832266008
00010 835640368
00010 837524738
00010 839939706
00010 840940074
00010 841438008
00010 841564176
00010 841989718
00010 846108966
00010 849296078
00010 857251878
00010 857650342
00010 863188258
00010 864642460
00010 865043928
00010 866186678
00010 866662410
00010 867082512
00010 871426410
00010 875346756
00010 875525948
00010 876502840
00010 877756272
00010 878112606
00010 878841196
00010 880408022
00010 880458174
00010 883493382
00010 883561228
00010 886566844
00010 888515038
00010 895259208
00010 895917164
00010 897241820
00010 900032382
00010 900617870
00010 902348234
00010 904895458
00010 907462266
00010 908084826
00010 908298856
00010 910158328
00010 911974384
00010 914925908
00010 917495596
00010 917568462
00010 923361332
00010 923656160
00010 924025320
00010 926796382
00010 927939342
00010 929307606
00010 933763608
00010 935771356
00010 937647798
00010 938697832
00010 940524460
00010 947954970
00010 949769452
00010 950321336
00010 952714258
00010 953105298
00010 956077760
00010 956231210
00010 958138094
00010 959250308
00010 959815936
00010 964503212
00010 966216734
00010 980500164
00010 984468416
00010 986208952
00010 988483310
00010 988989160
00010 989200404
00010 989993844
00010 995256558
00010 999481166
00010 2148788
00010 4865466
00010 8252704
00010 9998952
00010 11184826
00010 13477272
00010 13556258
00010 22042314
00010 22650380
00010 23402728
00010 26557776
00010 29626008
00010 30632948
00010 30968650
00010 31557694
00010 35046408
00010 35300456
00010 36937498
00010 39091612
00010 46627584
00010 46843102
00010 49444916
00010 53427266
00010 53911338
00010 55168932
00010 55324824
00010 62019850
00010 63473082
00010 63663122
00010 70305760
00010 70934986
00010 70946574
00010 71792856
00010 74692236
00010 78628908
00010 78730708
00010 79088476
00010 79979996
00010 85928944
00010 88615990
00010 90766090
00010 91718846
00010 96580534
00010 97360062
00010 97422810
00010 98138644
00010 104083446
00010 104267424
00010 107122514
00010 107628418
00010 109465152
00010 113102040
00010 113886816
00010 115678432
00010 127547258
00010 131743706
00010 131781038
00010 136783242
00010 137016238
00010 137049016
00010 137993662
00010 139070028
00010 139927318
00010 140143242
00010 140287452
00010 149008026
00010 149270122
00010 153476344
00010 154777744
00010 154793576
00010 157796092
00010 158455700
00010 163352744
00010 163677098
00010 164470044
00010 165617858
00010 167551666
00010 171486430
00010 173569522
00010 178595012
00010 179872930
00010 181582018
00010 181666262
00010 185408628
00010 187662976
00010 187720936
00010 188734802
00010 191052428
00010 195850154
00010 197872192
00010 199385974
00010 199800266
00010 204794322
00010 207410480
00010 210093376
00010 211141414
00010 213549908
00010 217649160
00010 219348334
00010 220168220
00010 221420576
00010 222000224
00010 222059934
00010 226079890
00010 228310942
00010 231591390
00010 233875466
00010 234545728
00010 237509264
00010 244670662
00010 247543168
00010 248977814
00010 256715456
00010 260899836
00010 263926282
00010 268323152
00010 271663086
00010 275368654
00010 276020324
00010 279611260
00010 279820882
00010 281625348
00010 287299122
00010 289001664
00010 290008664
00010 293484216
00010 297065972
00010 300047960
00010 308508092
00010 313120780
00010 313966654
00010 315329346
00010 318937072
00010 320824406
00010 321403492
00010 326651296
00010 327144294
00010 331935556
00010 332333868
00010 332963812
00010 336134540
00010 336701876
00010 337896282
00010 341505064
00010 343967484
00010 344328170
00010 344484002
00010 345025698
00010 347718584
00010 351167926
00010 351498134
00010 351568838
00010 354884730
00010 358758574
00010 359170750
00010 359243916
00010 361115894
00010 363199162
00010 365052408
00010 365615772
00010 367794968
00010 371542026
00010 372451632
00010 375591296
00010 376922630
00010 377666932
00010 378154172
00010 379091280
00010 387055858
00010 389323680
00010 390636546
00010 392189834
00010 393727466
00010 395700882
00010 396302252
00010 403319612
00010 407944428
00010 408447514
00010 408489198
00010 410652052
00010 416144214
00010 419620952
00010 420035674
00010 426092290
00010 426317690
00010 428779982
00010 429441588
00010 431919774
00010 439440638
00010 441096184
00010 441760246
00010 447445340
00010 449335592
00010 449546964
00010 456290162
00010 456342564
00010 460572362
00010 461788964
00010 462322142
00010 463592340
00010 466602206
00010 467128326
00010 468903980
00010 470417210
00010 471179018
00010 471685588
00010 476619942
00010 477666390
00010 482161236
00010 482719492
00010 485435324
00010 485841636
00010 488270142
00010 488908160
00010 489145470
00010 496026874
00010 497567684
00010 500308708
00010 500784626
00010 510804284
00010 511320166
00010 511666264
00010 513755844
00010 515409632
00010 516619186
00010 518011028
00010 523756524
00010 525847470
00010 529677620
00010 529691822
00010 529943170
00010 531780304
00010 533566440
00010 538795776
00010 538864924
00010 541274334
00010 544558928
00010 545293264
00010 551672272
00010 552675554
00010 552834670
00010 557498726
00010 559778898
00010 560490524
00010 564700882
00010 565879384
00010 570981284
00010 572540258
00010 573554966
00010 576858586
00010 576962946
00010 584807144
00010 585802758
00010 587295688
00010 590080930
00010 591376422
00010 591837254
00010 596664348
00010 601338796
00010 601648860
00010 601806216
00010 602962962
00010 604190100
00010 604679076
00010 605512110
00010 607574804
00010 611461830
00010 611987002
00010 612469932
00010 613514554
00010 614377448
00010 615984242
00010 617865974
00010 617921466
00010 619605524
00010 619714180
00010 621896880
00010 627434888
00010 627462860
00010 633380124
00010 637784056
00010 639076426
00010 642163048
00010 643536482
00010 659232642
00010 660537046
00010 660911244
00010 662359572
00010 664216372
00010 666862152
00010 668662418
00010 676133900
00010 679487290
00010 682419692
00010 685864504
00010 685992496
00010 688441188
00010 689335434
00010 693149152
00010 693612950
00010 696057088
00010 696541606
00010 696616860
00010 698225582
00010 700568780
00010 700691878
00010 703038200
00010 704917552
00010 705143178
00010 710777826
00010 713682096
00010 715114516
00010 718579442
00010 722263662
00010 726069852
00010 727111288
00010 727513334
00010 730281406
00010 730638846
00010 731229926
00010 732416622
00010 732434314
00010 732533466
00010 733096298
00010 737123358
00010 739982024
00010 740483366
00010 741355892
00010 742620236
00010 743527890
00010 746382092
00010 747084414
00010 750360332
00010 750775576
00010 751253196
00010 751487776
00010 752686552
00010 756629068
00010 759369924
00010 760354824
00010 761865708
00010 761892708
00010 764055938
00010 768228146
00010 770074454
00010 772584718
00010 774241252
00010 781099738
00010 781661748
00010 787264342
00010 789020076
00010 794546860
00010 799507588
00010 801371184
00010 802087802
00010 805016216
00010 808291048
00010 808679714
00010 809339108
00010 812958786
00010 814717156
00010 814743768
00010 814971128
00010 821789178
00010 824219096
00010 824635034
00010 826629172
00010 826844684
00010 827093124
00010 833760534
00010 834530480
00010 836482510
00010 837042820
00010 837872406
00010 840805764
00010 847727766
00010 847978646
00010 850153848
00010 851209708
00010 851838810
00010 853344084
00010 853759418
00010 854367328
00010 854441132
00010 855574186
00010 857664510
00010 861974214
00010 863908288
00010 865025634
00010 868000894
00010 868311102
00010 871747212
00010 877034702
00010 885314836
00010 889915934
00010 896142634
00010 896189426
00010 896496952
00010 897601644
00010 899282434
00010 901457528
00010 903013816
00010 906300452
00010 908487320
00010 908972846
00010 914071172
00010 916464862
00010 918032976
00010 918418528
00010 920706912
00010 922141910
00010 922372660
00010 922455456
00010 923617980
00010 925297886
00010 925436228
00010 930490064
00010 932447168
00010 937912406
00010 939293924
00010 940262582
00010 940963356
00010 943654362
00010 950267864
00010 954738624
00010 955724788
00010 961341628
00010 965035170
00010 966922168
00010 967167004
00010 969557772
00010 972702712
00010 974007646
00010 975868656
00010 983988472
00010 984740846
00010 994933934
00010 996921080
00010 997589958
00010 999517144
00010 1731834
00010 2555476
00010 2715116
00010 6583992
00010 9248240
00010 10332714
00010 14424912
00010 14844414
00010 15443692
00010 16012196
00010 18813792
00010 19619680
00010 20095658
00010 21699846
00010 22437914
00010 26300510
00010 29491128
00010 33820200
00010 35310112
00010 35491702
00010 35946380
00010 38441114
00010 38891568
00010 43070352
00010 48355490
00010 51478008
00010 52261304
00010 52554484
00010 52676326
00010 53730636
00010 55316296
00010 55884068
00010 61135628
00010 65007390
00010 66981752
00010 67400042
00010 70318658
00010 81709204
00010 84068070
00010 86578436
00010 87615024
00010 88201866
00010 88286668
00010 90307134
00010 91493020
00010 93552532
00010 94875930
00010 96738272
00010 97808966
00010 100218794
00010 104754900
00010 105008988
00010 105204500
00010 108171636
00010 110123496
00010 112764810
00010 113825266
00010 114941332
00010 114988970
00010 119606436
00010 119698844
00010 119701746
00010 122230444
00010 122477972
00010 125077610
00010 126970816
00010 127155374
00010 129690414
00010 130085578
00010 133109406
00010 135254620
00010 141628648
00010 142667832
00010 145280722
00010 145356808
00010 146285850
00010 147288802
00010 149237000
00010 149813442
00010 150771004
00010 151966066
00010 153815250
00010 154397168
00010 155137550
00010 155144852
00010 165329304
00010 172801330
00010 173689632
00010 173808622
00010 177630912
00010 182564646
00010 188601356
00010 188877262
00010 190678552
00010 193210702
00010 196070246
00010 200116494
00010 201028710
00010 202643664
00010 205197614
00010 205449240
00010 208434746
00010 208817514
00010 209295714
00010 210908994
00010 212951568
00010 214931668
00010 215159084
00010 215675280
00010 216086546
00010 217626966
00010 218072180
00010 218260488
00010 218798500
00010 223374282
00010 225263642
00010 226484234
00010 227939090
00010 231118848
00010 233493968
00010 235002014
00010 235676320
00010 243964026
00010 245478738
00010 249347906
00010 249597752
00010 251979624
00010 254636158
00010 261056500
00010 261253574
00010 263068044
00010 263314672
00010 263781458
00010 264017754
00010 264833484
00010 265240608
00010 267458154
00010 267913298
00010 268333752
00010 274272190
00010 277502814
00010 281642798
00010 287121150
00010 288611502
00010 288844290
00010 289007246
00010 289964622
00010 291867870
00010 292505902
00010 294206340
00010 295611038
00010 298526518
00010 300836850
00010 302167666
00010 302338714
00010 302856174
00010 303792580
00010 304091472
00010 306609058
00010 309117942
00010 310923046
00010 314644824
00010 315267432
00010 315851672
00010 321329272
00010 321437282
00010 321706616
00010 326601608
00010 329253600
00010 330234888
00010 331689340
00010 335478834
00010 335834986
00010 335997782
00010 336356896
00010 339284670
00010 345141770
00010 346393718
00010 347894282
00010 351008300
00010 351446068
00010 351867902
00010 353250466
00010 356480372
00010 356596760
00010 357651212
00010 362119274
00010 367216052
00010 368305114
00010 368503890
00010 378090214
00010 378113768
00010 379053542
00010 380129412
00010 382993754
00010 383059248
00010 385170228
00010 389443402
00010 389648486
00010 392352426
00010 399015036
00010 403472746
00010 407910576
00010 411390326
00010 411976140
00010 417231322
00010 423093246
00010 424642908
00010 427901520
00010 432136626
00010 432936364
00010 435234296
00010 436466596
00010 439057996
00010 440552998
00010 442966300
00010 444977806
00010 447572514
00010 450161072
00010 452432970
00010 452821602
00010 453616364
00010 453730570
00010 453824926
00010 454676426
00010 459666540
00010 463786346
00010 465930358
00010 466854614
00010 467477182
00010 468796716
00010 478980682
00010 479640728
00010 483586066
00010 483825012
00010 484999406
00010 485142402
00010 485983592
00010 488483948
00010 488688310
00010 496154340
00010 498424790
00010 500896940
00010 502120366
00010 503549448
00010 504341320
00010 506181168
00010 507377130
00010 508822766
00010 511510532
00010 513541160
00010 513555236
00010 514137866
00010 514266550
00010 514427916
00010 517868800
00010 519366474
00010 519710502
00010 522414448
00010 525412440
00010 532195766
00010 532824630
00010 534029108
00010 535636824
00010 538612508
00010 542310244
00010 545043418
00010 545646166
00010 546521580
00010 546589344
00010 547205002
00010 548412478
00010 551607802
00010 556996364
00010 566462920
00010 569830488
00010 570695864
00010 578200394
00010 578379842
00010 579689612
00010 579849376
00010 580461804
00010 581485956
00010 581747884
00010 585192840
00010 585209744
00010 587936752
00010 589419368
00010 591698588
00010 592145712
00010 592938858
00010 593068162
00010 594145802
00010 594329842
00010 594437518
00010 595843074
00010 596884264
00010 602040008
00010 603237178
00010 604459176
00010 605620436
00010 606151814
00010 610179842
00010 611963126
00010 612597738
00010 614390872
00010 621693154
00010 621889698
00010 622061000
00010 629480268
00010 629856580
00010 631615510
00010 635767556
00010 639246136
00010 639424444
00010 647692254
00010 648917834
00010 652495400
00010 652985474
00010 653050662
00010 656622864
00010 659539322
00010 662591382
00010 663702118
00010 667076580
00010 671933690
00010 675639130
00010 675890570
00010 678961070
00010 680474882
00010 684847468
00010 685353130
00010 686409624
00010 690630998
00010 690845112
00010 692192168
00010 693145664
00010 693661012
00010 694903974
00010 700568730
00010 701827300
00010 705638848
00010 705735090
00010 707888528
00010 707995852
00010 708179118
00010 710521264
00010 713381498
00010 714900244
00010 715106938
00010 717703778
00010 719478312
00010 719534996
00010 720640006
00010 720782196
00010 721556896
00010 722398616
00010 723183648
00010 724453886
00010 724782420
00010 724826624
00010 739240804
00010 741934946
00010 745546946
00010 748346914
00010 750795302
00010 753170434
00010 753221510
00010 753265146
00010 758544404
00010 760340008
00010 760367616
00010 766477832
00010 772964206
00010 774329832
00010 774405966
00010 776036096
00010 779341480
00010 780882728
00010 782077112
00010 784082648
00010 784534538
00010 786711054
00010 787056050
00010 793686398
00010 796613412
00010 797060964
00010 798506462
00010 799313488
00010 801305650
00010 803506314
00010 804541758
00010 807367892
00010 808911586
00010 809817514
00010 810053252
00010 811864580
00010 816366008
00010 817781454
00010 818053576
00010 819572608
00010 822247000
00010 824164512
00010 825370574
00010 833338726
00010 834288800
00010 839742696
00010 846932310
00010 848960982
00010 851542988
00010 853409704
00010 854389316
00010 854654590
00010 856872028
00010 867235234
00010 868680312
00010 869682160
00010 869901196
00010 872458302
00010 876031732
00010 876409064
00010 879863480
00010 880342458
00010 883080166
00010 885303712
00010 886118136
00010 887626420
00010 887916684
00010 888100088
00010 889745802
00010 889987394
00010 890929664
00010 891773454
00010 893496138
00010 896134162
00010 907393908
00010 910323280
00010 910597314
00010 911950038
00010 917319646
00010 919850032
00010 919858558
00010 921721856
00010 922625962
00010 926871360
00010 929504820
00010 929996246
00010 930138586
00010 930909664
00010 937249674
00010 937970902
00010 938452832
00010 939902950
00010 944962018
00010 945875832
00010 954527526
00010 955832722
00010 956369876
00010 961471952
00010 964704662
00010 967159670
00010 969833598
00010 970693950
00010 971528116
00010 976736176
00010 977157776
00010 980194072
00010 985673316
00010 988064510
00010 991880894
00010 992368642
00010 992853608
00010 993859874
00010 994275422
00010 994388404
00010 997026838
00010 998926036
00010 331082
00010 6146674
00010 9159636
00010 12168656
00010 15636866
00010 17280720
00010 20027752
00010 20177126
00010 21437846
00010 21474428
00010 21509914
00010 21796556
00010 24079610
00010 25293448
00010 25491124
00010 27685198
00010 30694624
00010 32158074
00010 40317242
00010 43267904
00010 44506342
00010 48941830
00010 49923146
00010 53724682
00010 54201756
00010 55170684
00010 58492796
00010 60352820
00010 64121222
00010 69410088
00010 70179252
00010 72459164
00010 73324638
00010 73348868
00010 82421102
00010 82703236
00010 92094584
00010 94994812
00010 97392298
00010 100549158
00010 102295226
00010 108347238
00010 110718232
00010 110998172
00010 116074460
00010 117663704
00010 117728542
00010 120591606
00010 121741654
00010 123605486
00010 125712394
00010 129609834
00010 133343504
00010 134848690
00010 138552144
00010 138616822
00010 141309024
00010 144392208
00010 145035014
00010 145926006
00010 146076438
00010 147684230
00010 151960916
00010 152915764
00010 153642512
00010 153724832
00010 154295862
00010 155052604
00010 155334690
00010 157917366
00010 161200324
00010 162243214
00010 163121718
00010 163898364
00010 166618554
00010 168921254
00010 168990198
00010 169230748
00010 169414980
00010 170208968
00010 173004352
00010 175526546
00010 178933252
00010 180184950
00010 186662802
00010 186959010
00010 188121792
00010 194838536
00010 194839654
00010 197819084
00010 208659984
00010 213085142
00010 214948550
00010 223191190
00010 223289300
00010 223736390
00010 223788632
00010 223848800
00010 225030536
00010 225396866
00010 226587324
00010 227408170
00010 229649660
00010 230018206
00010 233989406
00010 236090896
00010 237243974
00010 239959608
00010 240385342
00010 242209716
00010 245788216
00010 245856180
00010 246656106
00010 248393798
00010 251680114
00010 252049590
00010 253888054
00010 254764978
00010 257362914
00010 258355492
00010 265030550
00010 270853522
00010 271836654
00010 271879088
00010 272084458
00010 273864494
00010 277382414
00010 279671298
00010 282102552
00010 282310380
00010 284124954
00010 284858680
00010 285759568
00010 292603596
00010 293330424
00010 295341872
00010 300439864
00010 301234306
00010 302314608
00010 305449394
00010 306693056
00010 308136864
00010 309670124
00010 309861750
00010 311317708
00010 313072996
00010 316586346
00010 316595958
00010 318620090
00010 321149758
00010 325628002
00010 327403380
00010 328834448
00010 330786282
00010 331122956
00010 335915140
00010 340040438
00010 340601456
00010 340732212
00010 341200654
00010 343059866
00010 344166838
00010 344885416
00010 345565234
00010 345646570
00010 346476062
00010 347457716
00010 348834774
00010 349538704
00010 349756694
00010 350069132
00010 356033560
00010 357573148
00010 358510986
00010 360231380
00010 360244034
00010 360261302
00010 365086634
00010 371050764
00010 374152698
00010 375618602
00010 381704948
00010 383678324
00010 384064936
00010 385153316
00010 386819586
00010 388421674
00010 392014308
00010 397619164
00010 398907830
00010 398938834
00010 405056898
00010 408454862
00010 409725106
00010 412960218
00010 414701278
00010 421612240
00010 424843516
00010 427117930
00010 428024386
00010 428417824
00010 428568284
00010 428727338
00010 429937658
00010 430089358
00010 432204644
00010 437334686
00010 440298984
00010 441845850
00010 442138206
00010 442600692
00010 448163284
00010 454754018
00010 455762996
00010 458457424
00010 458830486
00010 460037946
00010 462304948
00010 463547240
00010 464012928
00010 466557686
00010 470437348
00010 479422202
00010 479852818
00010 485942070
00010 494629932
00010 496654666
00010 499404478
00010 500842504
00010 501232954
00010 501526602
00010 503421662
00010 505228956
00010 505329360
00010 506379254
00010 506406052
00010 506966378
00010 507955770
00010 514228210
00010 516596680
00010 523403082
00010 524486734
00010 526602268
00010 527890548
00010 529519582
00010 529740830
00010 531101536
00010 531898342
00010 532566660
00010 533672050
00010 536388024
00010 537339962
00010 543158076
00010 544316418
00010 547510672
00010 547838330
00010 551075668
00010 551101192
00010 551697828
00010 555228028
00010 555744140
00010 555893842
00010 561838008
00010 565104430
00010 568735884
00010 568983114
00010 571201682
00010 571477662
00010 572926518
00010 575323876
00010 575903388
00010 576288000
00010 580339416
00010 585660770
00010 589840644
00010 590998098
00010 591039650
00010 598019880
00010 598960194
00010 603396460
00010 603974762
00010 610305450
00010 611316108
00010 611609458
00010 613896228
00010 614915356
00010 618357448
00010 619593118
00010 624803156
00010 628676196
00010 628955374
00010 629666244
00010 630476544
00010 630937374
00010 639299752
00010 645625032
00010 652859590
00010 654658046
00010 655483944
00010 656188776
00010 656226292
00010 656444194
00010 659875110
00010 662234692
00010 662568594
00010 663296606
00010 664443052
00010 668607632
00010 669473132
00010 673016508
00010 675066206
00010 675575262
00010 675804498
00010 678940742
00010 680392942
00010 690632116
00010 695121990
00010 696294312
00010 700264704
00010 700964608
00010 707848252
00010 711413776
00010 712575090
00010 714433352
00010 715584272
00010 716738388
00010 717224384
00010 718448910
00010 718649912
00010 723673528
00010 726736384
00010 727480108
00010 729259218
00010 731568110
00010 735506854
00010 736489316
00010 738418018
00010 740212974
00010 740706738
00010 740793692
00010 741840874
00010 742058850
00010 747780774
00010 747782102
00010 747836286
00010 748154858
00010 750026894
00010 750812422
00010 753897226
00010 755452936
00010 756044232
00010 764632968
00010 765645856
00010 769560228
00010 770737742
00010 770759750
00010 773572672
00010 779797314
00010 780487916
00010 783870224
00010 783922162
00010 787169500
00010 787229990
00010 788768052
00010 797334914
00010 800372054
00010 800521854
00010 800801340
00010 802210980
00010 802388126
00010 803829004
00010 811867862
00010 814052488
00010 821107466
00010 821906690
00010 823869860
00010 825241392
00010 826768294
00010 827469856
00010 829067444
00010 829466824
00010 833790032
00010 838904412
00010 839188666
00010 841612978
00010 843249094
00010 843853512
00010 847064714
00010 849251380
00010 851587600
00010 851755984
00010 855593228
00010 855834556
00010 857094958
00010 857391100
00010 858799078
00010 859406436
00010 859412352
00010 859800574
00010 860485232
00010 864315436
00010 864483814
00010 866575172
00010 868151722
00010 870197320
00010 871119728
00010 872398476
00010 876856948
00010 877146674
00010 880532086
00010 881779842
00010 890055176
00010 892657060
00010 897244358
00010 898441216
00010 899183614
00010 901760160
00010 909178624
00010 911233554
00010 911406190
00010 912848928
00010 914148606
00010 914988366
00010 918560068
00010 921915938
00010 922912694
00010 926307698
00010 927971520
00010 929939320
00010 936193108
00010 936680162
00010 945479018
00010 945836002
00010 949767738
00010 951461346
00010 951511140
00010 951848770
00010 952561122
00010 952875338
00010 955784488
00010 955855202
00010 956992224
00010 957095050
00010 959197394
00010 960039740
00010 967888054
00010 967896262
00010 976423804
00010 978711328
00010 982015676
00010 985670028
00010 986933336
00010 987698214
00010 989179864
00010 989464786
00010 990396332
00010 992664630
00010 995168004
00010 996524106
00010 996795354
00010 996855082
00010 999661182
