00010 764250
00010 1271322
00010 4932578
00010 5913000
00010 10650280
00010 10708444
00010 12735956
00010 13126642
00010 14179150
00010 15957452
00010 17807592
00010 19011412
00010 21348166
00010 26695542
00010 27943404
00010 28604972
00010 29755258
00010 30479280
00010 30862422
00010 31201972
00010 32985332
00010 35904484
00010 36907768
00010 40315672
00010 42812660
00010 45375772
00010 47313110
00010 47900720
00010 48193346
00010 48540266
00010 48562386
00010 49267116
00010 49470936
00010 55064376
00010 57882926
00010 65375564
00010 67062232
00010 67415542
00010 70083306
00010 70168854
00010 73678332
00010 73741810
00010 74117908
00010 80811066
00010 82092670
00010 82640792
00010 83488070
00010 85464124
00010 89131764
00010 92263364
00010 93814288
00010 97505304
00010 98022104
00010 98580186
00010 99019984
00010 100874464
00010 104337546
00010 106471552
00010 107582182
00010 109575688
00010 109663096
00010 114171870
00010 114277394
00010 114912552
00010 116735848
00010 117769132
00010 117990044
00010 118151356
00010 120083530
00010 120110846
00010 121557642
00010 124010040
00010 124564830
00010 125028644
00010 125182934
00010 125852152
00010 128513314
00010 129493742
00010 131725668
00010 132093492
00010 135647966
00010 138291208
00010 142115120
00010 143200726
00010 143351688
00010 147726366
00010 147838418
00010 149761906
00010 150629600
00010 151320408
00010 153072254
00010 155000160
00010 156720898
00010 156761026
00010 159367670
00010 160266448
00010 160773206
00010 162757750
00010 164742338
00010 166479818
00010 168051870
00010 168500938
00010 171994338
00010 174512088
00010 178342382
00010 179572306
00010 183508232
00010 184239786
00010 184985210
00010 186935628
00010 187058236
00010 188008052
00010 194488782
00010 195599896
00010 196890686
00010 197238778
00010 200004020
00010 201249820
00010 207828214
00010 211797552
00010 213584500
00010 213895124
00010 216965936
00010 217737252
00010 219405080
00010 220609414
00010 223509092
00010 224352502
00010 225829428
00010 232269032
00010 233623868
00010 235631976
00010 238624328
00010 243178206
00010 244254520
00010 245984990
00010 246473836
00010 252905716
00010 253483730
00010 257120732
00010 263895320
00010 267229334
00010 269057608
00010 271299028
00010 273883732
00010 276842632
00010 280977482
00010 281505186
00010 283900378
00010 286012116
00010 287144458
00010 289030004
00010 295789564
00010 297642190
00010 302464400
00010 303171270
00010 303176538
00010 307305648
00010 308127204
00010 309142670
00010 310116090
00010 312369130
00010 313187486
00010 313511714
00010 315749594
00010 317711130
00010 318023426
00010 318312200
00010 318713838
00010 323818408
00010 330397790
00010 332237618
00010 334161966
00010 335207122
00010 342882122
00010 347178152
00010 348342924
00010 349177544
00010 349216972
00010 355701778
00010 358128442
00010 360613056
00010 361423544
00010 362072588
00010 363003006
00010 364887288
00010 365176830
00010 367890126
00010 367913914
00010 376796512
00010 378932766
00010 379854366
00010 380467972
00010 381780924
00010 384095326
00010 384581322
00010 385386352
00010 385512900
00010 387561438
00010 389936854
00010 390410306
00010 391024464
00010 391528548
00010 396008998
00010 396012584
00010 397035102
00010 400597344
00010 404379084
00010 413495086
00010 414843836
00010 414922042
00010 422038362
00010 423445426
00010 425877158
00010 429482158
00010 430937524
00010 433192876
00010 434249914
00010 434438744
00010 439401104
00010 444912942
00010 447613838
00010 447806754
00010 450160026
00010 451569480
00010 452858484
00010 452961558
00010 453113328
00010 456164322
00010 456243806
00010 457507304
00010 458190536
00010 459879532
00010 460246966
00010 460525190
00010 463915148
00010 465014142
00010 466554854
00010 466614002
00010 469475226
00010 469498942
00010 470223436
00010 470726094
00010 480453926
00010 481027782
00010 482826408
00010 482913548
00010 483327406
00010 484769386
00010 490395762
00010 490534882
00010 493999130
00010 498134316
00010 504786738
00010 506015986
00010 506932608
00010 516392500
00010 517128460
00010 517301390
00010 518286680
00010 519548598
00010 520644250
00010 520783880
00010 523183732
00010 526922860
00010 527624002
00010 529708888
00010 531076916
00010 533546836
00010 540490146
00010 541172638
00010 541609130
00010 543738438
00010 546431526
00010 546761608
00010 547000428
00010 551147436
00010 553239498
00010 555565932
00010 556209262
00010 564052934
00010 565117008
00010 569738256
00010 573867664
00010 577057708
00010 586954238
00010 587449296
00010 592295028
00010 599911430
00010 600022382
00010 601151368
00010 602064582
00010 606584088
00010 610053786
00010 610250176
00010 611573114
00010 614131310
00010 615820034
00010 616011526
00010 616199192
00010 616871108
00010 618830642
00010 619601492
00010 622500630
00010 625023564
00010 628805404
00010 630117948
00010 634746158
00010 636195704
00010 636408418
00010 637107074
00010 637194900
00010 642406240
00010 646569724
00010 647281046
00010 649018432
00010 659774968
00010 663157284
00010 669244396
00010 669957656
00010 672442034
00010 675336376
00010 675517514
00010 678211774
00010 678565688
00010 679611398
00010 684095662
00010 684101202
00010 684893120
00010 685229564
00010 689040766
00010 693562386
00010 695663356
00010 697990516
00010 698166960
00010 699107448
00010 702416340
00010 703272696
00010 707575076
00010 707849288
00010 713754896
00010 714810868
00010 714816758
00010 717441022
00010 717638898
00010 719673480
00010 721189304
00010 723722588
00010 726753182
00010 729971950
00010 731068386
00010 732032362
00010 732991626
00010 735151904
00010 739348500
00010 739744310
00010 740144484
00010 740713870
00010 741837304
00010 745355734
00010 749909118
00010 754726062
00010 754782684
00010 754796842
00010 755123868
00010 760001566
00010 760466610
00010 761243188
00010 762332226
00010 763598098
00010 766577386
00010 772094560
00010 772099152
00010 773386156
00010 776826454
00010 779707114
00010 779735750
00010 780050294
00010 781153402
00010 783212848
00010 786757206
00010 786952070
00010 788076136
00010 788077578
00010 790502564
00010 792264888
00010 792888332
00010 793185244
00010 795712584
00010 798439406
00010 803780922
00010 811640630
00010 811779078
00010 812641904
00010 819082364
00010 819718504
00010 819893620
00010 820630240
00010 824827346
00010 825170096
00010 827573852
00010 828036716
00010 830101428
00010 831530120
00010 832142902
00010 832746810
00010 834448448
00010 837828924
00010 842104742
00010 842988534
00010 854073410
00010 854998768
00010 862352486
00010 864565654
00010 866098012
00010 866103208
00010 866316958
00010 866358212
00010 874532842
00010 875054756
00010 877354490
00010 879845628
00010 880491996
00010 884634522
00010 886330264
00010 886423066
00010 888559260
00010 890544840
00010 892358770
00010 892432812
00010 894147518
00010 895014034
00010 895797156
00010 897904416
00010 898245232
00010 900743420
00010 901830530
00010 905702976
00010 906679752
00010 911712136
00010 914499514
00010 918468368
00010 922644646
00010 923904442
00010 924431234
00010 924791216
00010 934904940
00010 935398670
00010 938186698
00010 940854962
00010 942990548
00010 944099228
00010 944361418
00010 950688064
00010 951113550
00010 951382880
00010 951841012
00010 952624172
00010 953007250
00010 959413122
00010 959963638
00010 960435758
00010 963555130
00010 964777800
00010 965843260
00010 967330800
00010 975067132
00010 975118256
00010 977795954
00010 978032370
00010 979551472
00010 985834760
00010 987124398
00010 989358828
00010 991647502
00010 993246496
00010 993681260
00010 994223260
00010 994613366
00010 994649406
00010 995068886
00010 1000101848
00010 2914686
00010 6209262
00010 7151712
00010 12510138
00010 15804040
00010 17360578
00010 17838034
00010 18003982
00010 18088194
00010 19719566
00010 24778578
00010 25358286
00010 25414608
00010 32003330
00010 33002164
00010 34281412
00010 37142150
00010 37299722
00010 42367346
00010 43395088
00010 43968356
00010 46044688
00010 47143858
00010 49434068
00010 50508524
00010 51977778
00010 52180574
00010 55456498
00010 57821206
00010 57984416
00010 59898204
00010 63190608
00010 65054512
00010 65548468
00010 67362064
00010 68233922
00010 69819824
00010 73936932
00010 74771142
00010 75941032
00010 78259038
00010 83898924
00010 84873664
00010 86176372
00010 91521736
00010 97547878
00010 98604808
00010 101645880
00010 105158628
00010 111627308
00010 116740814
00010 121842892
00010 122220478
00010 122825586
00010 123423934
00010 123474616
00010 123647886
00010 125762436
00010 130173038
00010 133663550
00010 136729006
00010 138292476
00010 140980026
00010 144313028
00010 144607262
00010 144696414
00010 144711658
00010 148748790
00010 150159184
00010 150161722
00010 152065522
00010 152942560
00010 159214906
00010 161846894
00010 164819250
00010 166471956
00010 169016706
00010 171876932
00010 172632626
00010 173723320
00010 173959500
00010 176164040
00010 184746608
00010 186747528
00010 192848338
00010 196875708
00010 198430382
00010 208218328
00010 208337804
00010 208401050
00010 210349436
00010 211066648
00010 211687126
00010 212910434
00010 215150354
00010 216719526
00010 218953130
00010 222169530
00010 225801358
00010 226174156
00010 227046346
00010 227941064
00010 229590978
00010 230513694
00010 231722414
00010 232284188
00010 232488894
00010 232886962
00010 233975564
00010 234444482
00010 236904150
00010 242480886
00010 245650734
00010 248498336
00010 249659896
00010 250927070
00010 252606626
00010 259048196
00010 259803188
00010 262640562
00010 264257148
00010 267110106
00010 267989812
00010 269795206
00010 270996464
00010 272586346
00010 275915504
00010 276818198
00010 280829366
00010 280924496
00010 281954836
00010 282228238
00010 284238260
00010 284484180
00010 292884172
00010 296374844
00010 299570582
00010 302753464
00010 303072298
00010 304959154
00010 310052420
00010 310942208
00010 314243064
00010 315524910
00010 315741630
00010 322424742
00010 322527942
00010 326196498
00010 335833764
00010 336458868
00010 336628220
00010 341295112
00010 341297208
00010 341531360
00010 341573724
00010 343518724
00010 344649622
00010 344689260
00010 344796760
00010 350488900
00010 356323676
00010 357345012
00010 357628672
00010 359486844
00010 361359252
00010 361872132
00010 364749964
00010 364808546
00010 366844128
00010 368020160
00010 368659942
00010 370296844
00010 370503630
00010 373048936
00010 374745762
00010 375233328
00010 375412922
00010 376406406
00010 381340386
00010 382740692
00010 384535348
00010 389438118
00010 390085842
00010 396734770
00010 397825988
00010 401571698
00010 406065294
00010 407605782
00010 408276478
00010 408933484
00010 410637834
00010 412811126
00010 413543030
00010 415861940
00010 417936456
00010 418384784
00010 419117386
00010 421360736
00010 423338854
00010 425898026
00010 434732522
00010 438048872
00010 438627222
00010 441051586
00010 441351142
00010 441777766
00010 442201602
00010 443661128
00010 447624314
00010 453325860
00010 456810866
00010 457460950
00010 458184512
00010 466953614
00010 473552350
00010 476028386
00010 476897026
00010 477798260
00010 478079100
00010 478674528
00010 479294228
00010 483567772
00010 484393732
00010 489439048
00010 492343956
00010 493153930
00010 494143186
00010 498489310
00010 498814814
00010 500692318
00010 501807122
00010 503861024
00010 505908474
00010 507221768
00010 508010244
00010 512492222
00010 513429862
00010 514444108
00010 516475466
00010 518730894
00010 524592822
00010 524801986
00010 528298420
00010 529301468
00010 531294156
00010 532938756
00010 533454392
00010 534810146
00010 535876314
00010 537104012
00010 539112180
00010 543568482
00010 548948012
00010 549055010
00010 551075226
00010 551583038
00010 552189822
00010 555396694
00010 555413126
00010 558356180
00010 559876446
00010 560265226
00010 561556072
00010 562770540
00010 563713700
00010 568149924
00010 569152698
00010 577675556
00010 580105266
00010 583844762
00010 596629328
00010 596831058
00010 597364928
00010 598625170
00010 599008986
00010 600575038
00010 603998782
00010 604863400
00010 606166730
00010 606389498
00010 606544272
00010 607074698
00010 607981360
00010 610506454
00010 611559690
00010 611958326
00010 618469780
00010 620247520
00010 621461534
00010 623569962
00010 624727160
00010 627026310
00010 630083322
00010 631567854
00010 632956556
00010 633419682
00010 633628544
00010 635995938
00010 639055994
00010 640135992
00010 642025646
00010 642500888
00010 643270328
00010 645224108
00010 647899808
00010 648249328
00010 651982132
00010 652780542
00010 652943776
00010 653742000
00010 654479518
00010 654653514
00010 657197844
00010 662522106
00010 664208636
00010 664828152
00010 668880670
00010 669439338
00010 669561532
00010 669728834
00010 671373900
00010 671625740
00010 673549940
00010 677205046
00010 681254984
00010 691602136
00010 691818648
00010 694203624
00010 700634850
00010 703457954
00010 703952158
00010 705078436
00010 705294954
00010 705711538
00010 706088352
00010 707329824
00010 710008108
00010 712490094
00010 715014910
00010 722645944
00010 723736820
00010 723768268
00010 723958700
00010 725713998
00010 733629112
00010 734128654
00010 734245048
00010 738204398
00010 741408450
00010 741656938
00010 743032496
00010 745125098
00010 748638468
00010 754700760
00010 754816150
00010 759125994
00010 759916238
00010 759990700
00010 763025620
00010 763647208
00010 764948084
00010 766322206
00010 768134818
00010 768831108
00010 770398204
00010 773132728
00010 776979010
00010 777388122
00010 782835704
00010 784057214
00010 785223578
00010 790249306
00010 790536688
00010 791823706
00010 793498264
00010 795516636
00010 796903452
00010 798608890
00010 804226722
00010 804465698
00010 805643496
00010 806454458
00010 808523746
00010 809471416
00010 813464128
00010 813768848
00010 819561732
00010 822580336
00010 822995444
00010 823927160
00010 824850778
00010 827401620
00010 833373276
00010 837265690
00010 838259110
00010 838798838
00010 840539988
00010 841427176
00010 841972416
00010 843644456
00010 847099546
00010 853060084
00010 858535454
00010 861395658
00010 862786536
00010 864981500
00010 865177078
00010 869175320
00010 870405952
00010 870504486
00010 873145756
00010 874640440
00010 877584558
00010 878963702
00010 879806336
00010 879989862
00010 880010082
00010 885506974
00010 885675178
00010 887787090
00010 888360156
00010 890703988
00010 891472306
00010 893046392
00010 894608902
00010 898206344
00010 905144632
00010 905611376
00010 907526480
00010 908047044
00010 908104190
00010 908510206
00010 909859854
00010 909972064
00010 910032118
00010 910187308
00010 912159672
00010 914256712
00010 917217854
00010 921716104
00010 924233470
00010 926672236
00010 929276228
00010 929948856
00010 932671298
00010 932894952
00010 935205630
00010 936444706
00010 936741560
00010 945003446
00010 945439008
00010 947532204
00010 949405494
00010 955385032
00010 955507162
00010 957488856
00010 959414164
00010 959659596
00010 960577176
00010 960953418
00010 963139490
00010 965361120
00010 967406292
00010 967420794
00010 967656680
00010 972268900
00010 972346828
00010 974232330
00010 976836144
00010 977243102
00010 985286016
00010 985840108
00010 986654212
00010 988246994
00010 991694714
00010 992545628
00010 993987456
00010 994689556
00010 998219590
00010 999058474
00010 1000274716
00010 1000344726
00010 5046372
00010 10120170
00010 11616032
00010 16312134
00010 18534770
00010 19853822
00010 23062108
00010 26877568
00010 29827992
00010 30124334
00010 30133350
00010 31942410
00010 42959892
00010 45307298
00010 45448868
00010 46893198
00010 49435242
00010 50068758
00010 50208450
00010 53670682
00010 59334320
00010 60835566
00010 61171358
00010 64297218
00010 64677250
00010 64984784
00010 68897290
00010 69338532
00010 69543920
00010 71005510
00010 78421360
00010 84642040
00010 86553162
00010 90171094
00010 91066022
00010 92237522
00010 94030670
00010 94940136
00010 97879822
00010 98109484
00010 107858822
00010 108473238
00010 108502942
00010 109615002
00010 109999354
00010 110908536
00010 113779786
00010 115634222
00010 117011626
00010 117093086
00010 120737836
00010 126562010
00010 127894612
00010 130800862
00010 131922404
00010 136398688
00010 138829542
00010 141526148
00010 142784960
00010 144804692
00010 147771408
00010 150620062
00010 154792612
00010 154892780
00010 156217378
00010 156908288
00010 158501068
00010 163563242
00010 164594962
00010 166509772
00010 168045404
00010 168816598
00010 172726306
00010 172909274
00010 173531532
00010 176682236
00010 178840438
00010 179424886
00010 179721858
00010 183982272
00010 187273972
00010 187671636
00010 188346158
00010 191800762
00010 193162854
00010 195487008
00010 197472126
00010 201926456
00010 205808510
00010 205812746
00010 206240674
00010 210757752
00010 212637262
00010 213155290
00010 217774734
00010 218325088
00010 218700672
00010 221421160
00010 221926094
00010 227085506
00010 233771110
00010 233983428
00010 234836270
00010 235950932
00010 236432934
00010 238183050
00010 240521244
00010 250522868
00010 255553630
00010 255765132
00010 256252176
00010 259817868
00010 261145116
00010 263018008
00010 263790514
00010 264413442
00010 264989690
00010 265808066
00010 267728818
00010 268962896
00010 269155772
00010 273343340
00010 273362672
00010 277641314
00010 280242802
00010 281008494
00010 281145444
00010 282405214
00010 282576004
00010 283794848
00010 283796316
00010 284236070
00010 285702412
00010 286862488
00010 291343626
00010 291614772
00010 294500862
00010 294789444
00010 295753456
00010 296555348
00010 298696538
00010 299663498
00010 300301078
00010 300548650
00010 302832944
00010 305842426
00010 309940004
00010 310461618
00010 311492292
00010 313589474
00010 317577306
00010 317985828
00010 320574904
00010 322012610
00010 322113006
00010 323508416
00010 323803866
00010 324386726
00010 325305440
00010 327816906
00010 331814706
00010 332855054
00010 334223334
00010 338432722
00010 343038756
00010 345052930
00010 348769510
00010 349412728
00010 351130070
00010 355223748
00010 360378620
00010 361506426
00010 362571800
00010 363082882
00010 370083788
00010 371010170
00010 371542492
00010 375519590
00010 378377014
00010 378846900
00010 380207356
00010 386803166
00010 390902646
00010 392361564
00010 405367918
00010 406129656
00010 407531686
00010 408301144
00010 420913482
00010 420921526
00010 421172848
00010 422658766
00010 422662066
00010 422878376
00010 423762142
00010 424725876
00010 425776702
00010 428249700
00010 430462696
00010 430670322
00010 432778648
00010 434237240
00010 437234946
00010 438868536
00010 446689506
00010 448114570
00010 448237072
00010 448821004
00010 449042518
00010 450762654
00010 451401184
00010 451654982
00010 453753746
00010 454108408
00010 454400180
00010 457418764
00010 461870110
00010 462916528
00010 467300836
00010 468338996
00010 473605054
00010 474766042
00010 478031430
00010 482321456
00010 482730414
00010 483002682
00010 485562034
00010 487689356
00010 488412338
00010 489500598
00010 491004006
00010 491903028
00010 493844602
00010 493931870
00010 497184356
00010 500116548
00010 505677836
00010 506462516
00010 506668490
00010 509137060
00010 509463934
00010 511378718
00010 513561484
00010 513580062
00010 517837118
00010 518744176
00010 520765576
00010 521349960
00010 523568236
00010 524720668
00010 524722666
00010 526968002
00010 527924572
00010 528891542
00010 529348762
00010 529461596
00010 532379012
00010 534731836
00010 536523792
00010 538015278
00010 542025456
00010 543086330
00010 543645868
00010 544632088
00010 545784366
00010 546270122
00010 551980906
00010 553224762
00010 554068050
00010 563870770
00010 565974570
00010 566871576
00010 567718938
00010 569639358
00010 572351964
00010 574788184
00010 576932632
00010 583570174
00010 583837572
00010 584466400
00010 589174736
00010 589948322
00010 590953286
00010 591893326
00010 595429810
00010 599931484
00010 603176244
00010 603467720
00010 607171210
00010 608096294
00010 612327748
00010 613908954
00010 614744190
00010 615546044
00010 615951706
00010 620069444
00010 624489332
00010 624769678
00010 625166546
00010 629925020
00010 631025474
00010 635542856
00010 638680594
00010 643155004
00010 643864608
00010 646311680
00010 648830104
00010 651637180
00010 655199578
00010 659365786
00010 663274778
00010 663305162
00010 664017118
00010 669480202
00010 670362636
00010 672250018
00010 674396092
00010 675063750
00010 675109950
00010 676829002
00010 678834294
00010 678880316
00010 681276736
00010 681553114
00010 682124454
00010 683163834
00010 683198138
00010 684758676
00010 685981822
00010 686656298
00010 686913072
00010 687040260
00010 694807516
00010 695418368
00010 697836126
00010 700584158
00010 703114806
00010 706686830
00010 706791136
00010 708138510
00010 708229958
00010 708608554
00010 712570474
00010 713704884
00010 719853202
00010 723328900
00010 730230980
00010 731453414
00010 733453514
00010 734084780
00010 736578886
00010 737373098
00010 738053736
00010 739157748
00010 743199466
00010 743496692
00010 743802356
00010 745843978
00010 748316130
00010 749833858
00010 750874692
00010 751906708
00010 759021650
00010 759570648
00010 762148224
00010 767635018
00010 768196684
00010 769110248
00010 770378480
00010 771369690
00010 771535354
00010 774146538
00010 775014876
00010 775992332
00010 776023226
00010 777826658
00010 779238518
00010 781464522
00010 783593978
00010 783602316
00010 783840976
00010 790255580
00010 793474442
00010 796385338
00010 802509438
00010 803709608
00010 805369592
00010 805996894
00010 807274196
00010 810056822
00010 817392588
00010 817529922
00010 820151782
00010 827619910
00010 827837216
00010 831267266
00010 832444998
00010 834424830
00010 835059874
00010 835531578
00010 837920682
00010 839991368
00010 840024718
00010 842196282
00010 843077470
00010 843094840
00010 843357158
00010 843488148
00010 846720598
00010 849095842
00010 853273394
00010 855522962
00010 855731304
00010 855763962
00010 857384122
00010 858503646
00010 860215966
00010 865358796
00010 866127744
00010 868152196
00010 868730096
00010 869500574
00010 871652362
00010 874081838
00010 875213030
00010 875214102
00010 875735312
00010 881036110
00010 881205122
00010 884796352
00010 884952182
00010 886659896
00010 888209966
00010 894319206
00010 895508300
00010 897750104
00010 899081188
00010 902300450
00010 904272358
00010 906718400
00010 912528302
00010 914122864
00010 914243620
00010 914959698
00010 917365552
00010 918476664
00010 919487366
00010 923545310
00010 926381564
00010 928970870
00010 931697418
00010 933896624
00010 934466592
00010 935094482
00010 942133556
00010 946053556
00010 951631146
00010 952688282
00010 954295436
00010 960874814
00010 963248978
00010 964422910
00010 971946052
00010 974158470
00010 978153436
00010 978432020
00010 979129508
00010 983088512
00010 986874690
00010 987139676
00010 989835376
00010 993274340
00010 995145774
00010 995888436
00010 996681240
00010 999121928
00010 999142158
00010 999880562
00010 1000021590
00010 4815832
00010 5274522
00010 7894418
00010 9917484
00010 10183094
00010 12480912
00010 13467166
00010 23735290
00010 26064872
00010 26584878
00010 29785132
00010 31775400
00010 38308524
00010 46618524
00010 50424016
00010 50640518
00010 52776818
00010 52780868
00010 63071270
00010 64355356
00010 66330230
00010 67612020
00010 70977182
00010 74246098
00010 74843492
00010 83257026
00010 84712836
00010 87038752
00010 87368346
00010 90902894
00010 91753386
00010 93762552
00010 94926980
00010 96925236
00010 97928912
00010 101436544
00010 104010932
00010 104900976
00010 105897250
00010 106092272
00010 106110488
00010 107660992
00010 109404378
00010 114915474
00010 117110036
00010 118938488
00010 123982278
00010 124798144
00010 128894440
00010 132177078
00010 142905114
00010 142960434
00010 147533638
00010 147614288
00010 149762432
00010 150156020
00010 150448226
00010 150462594
00010 150832068
00010 156580628
00010 158206678
00010 158570022
00010 158789550
00010 159318754
00010 159696484
00010 161148634
00010 167025398
00010 167128052
00010 170634742
00010 172525584
00010 172714526
00010 174594668
00010 178950568
00010 181248562
00010 183728354
00010 187758254
00010 192289766
00010 198206852
00010 198386898
00010 199042326
00010 202186202
00010 202519286
00010 205781054
00010 210882770
00010 211774224
00010 215486458
00010 216756232
00010 223960344
00010 224342108
00010 224984448
00010 226700558
00010 227491318
00010 227685688
00010 230910652
00010 231097896
00010 231792092
00010 232368944
00010 235343046
00010 235958074
00010 242063650
00010 245106278
00010 247512286
00010 248658174
00010 248742696
00010 252142418
00010 252253632
00010 252787376
00010 252797508
00010 255857280
00010 258049920
00010 258321314
00010 274964110
00010 277744516
00010 279452776
00010 280631666
00010 284510822
00010 284619306
00010 286923222
00010 287436532
00010 287776636
00010 290491146
00010 291725204
00010 291730162
00010 292057692
00010 295384894
00010 295580394
00010 300180386
00010 300383098
00010 301217602
00010 305300192
00010 307738864
00010 309931024
00010 313816674
00010 314433838
00010 314671146
00010 319931072
00010 319976506
00010 320809110
00010 321183554
00010 322606582
00010 322865332
00010 324686200
00010 325263140
00010 334530462
00010 335768826
00010 335781674
00010 342893446
00010 344065856
00010 344069212
00010 351704166
00010 355352316
00010 360778732
00010 361829286
00010 362179780
00010 362375774
00010 369725404
00010 369850896
00010 370895632
00010 374466012
00010 374749196
00010 377088462
00010 377282080
00010 380216918
00010 381125462
00010 381337076
00010 383659484
00010 383689964
00010 384252980
00010 386311120
00010 386523198
00010 389378362
00010 389646092
00010 390207118
00010 395221634
00010 396033122
00010 397271672
00010 398093722
00010 399686464
00010 401289996
00010 403584570
00010 404677242
00010 405153554
00010 407542620
00010 412559794
00010 413653236
00010 416228114
00010 417664434
00010 417858348
00010 418071020
00010 418224748
00010 419674012
00010 420690780
00010 421116826
00010 422004432
00010 422861396
00010 425897548
00010 426544346
00010 428385626
00010 432125398
00010 439835444
00010 441539558
00010 442953200
00010 443630734
00010 444103902
00010 445566312
00010 448403566
00010 451864830
00010 456904574
00010 457415614
00010 459414692
00010 460138310
00010 460890476
00010 462642230
00010 464266788
00010 470850792
00010 471581436
00010 472753030
00010 476640428
00010 482890368
00010 483750818
00010 483894360
00010 484032102
00010 487558090
00010 489129950
00010 490919004
00010 491205130
00010 493750118
00010 509460082
00010 510718408
00010 513603016
00010 516815538
00010 520352538
00010 524026856
00010 524027902
00010 524064166
00010 525537526
00010 525658630
00010 526983194
00010 535619574
00010 537615346
00010 538154252
00010 539271722
00010 539470814
00010 541337188
00010 548071874
00010 549160782
00010 549767914
00010 551877784
00010 556474604
00010 557066960
00010 558268558
00010 563409202
00010 565280422
00010 566882876
00010 568649008
00010 569035608
00010 580312394
00010 582574824
00010 587306972
00010 592307302
00010 592884216
00010 593353186
00010 594649300
00010 600717666
00010 601383752
00010 603877304
00010 608562134
00010 615744420
00010 616656174
00010 619118418
00010 619515808
00010 619636628
00010 620817128
00010 621557672
00010 628231184
00010 632389796
00010 632630718
00010 633998384
00010 636453176
00010 637796216
00010 639581590
00010 639780104
00010 642017614
00010 642147910
00010 644743934
00010 650512966
00010 651281246
00010 652346140
00010 653232172
00010 659076090
00010 659183876
00010 664466864
00010 664959126
00010 667300436
00010 670558682
00010 672228914
00010 672770992
00010 678861312
00010 680317682
00010 681143670
00010 681571138
00010 686557746
00010 686710142
00010 687616686
00010 688103298
00010 688690066
00010 689395154
00010 689775898
00010 689777026
00010 690598132
00010 692229866
00010 693031868
00010 693145186
00010 693146790
00010 695758016
00010 699761520
00010 700693772
00010 701189218
00010 701389982
00010 706021312
00010 706449226
00010 710061316
00010 713116182
00010 714405684
00010 715112854
00010 715385508
00010 719397632
00010 719992268
00010 722263522
00010 722541534
00010 722837558
00010 723315230
00010 724631202
00010 728399676
00010 730727968
00010 733080630
00010 733409396
00010 735744324
00010 737431036
00010 740144932
00010 741033788
00010 743592974
00010 744679576
00010 747538506
00010 749878956
00010 754230754
00010 758601490
00010 758839744
00010 760396876
00010 760771148
00010 763306130
00010 763780878
00010 765171662
00010 772052288
00010 773476572
00010 773947368
00010 774320226
00010 778354354
00010 780897380
00010 781534624
00010 782405880
00010 787719648
00010 793167350
00010 793877052
00010 794915046
00010 799032184
00010 799745900
00010 802130056
00010 803896386
00010 807709920
00010 808630682
00010 810892392
00010 813796392
00010 814559966
00010 814904676
00010 820880880
00010 823057330
00010 825763936
00010 827815822
00010 828099330
00010 830894490
00010 831719294
00010 834022408
00010 834837288
00010 841979270
00010 842368506
00010 842587426
00010 843294896
00010 843739044
00010 846283846
00010 847266146
00010 850370582
00010 852182648
00010 852625688
00010 852915418
00010 854014530
00010 857655290
00010 858078376
00010 859024986
00010 862137672
00010 862159996
00010 866594894
00010 868905170
00010 873837318
00010 876762648
00010 878964098
00010 879833772
00010 881345050
00010 882304770
00010 883907168
00010 883908692
00010 888031812
00010 888045984
00010 888631694
00010 890366512
00010 897198188
00010 898018370
00010 900733966
00010 919467454
00010 921585442
00010 926541362
00010 927496154
00010 929654188
00010 930519736
00010 932897112
00010 933096544
00010 934495122
00010 934912264
00010 935067142
00010 935557148
00010 941347250
00010 943006076
00010 949875358
00010 952986232
00010 956008404
00010 956369868
00010 956915998
00010 960036096
00010 961672704
00010 968325542
00010 968622772
00010 970893218
00010 971118740
00010 971512664
00010 972429074
00010 972769572
00010 975991630
00010 977888220
00010 978266720
00010 979146718
00010 981457704
00010 983556172
00010 986658680
00010 995703928
00010 999003810
00010 1581298
00010 6993332
00010 9987802
00010 10083062
00010 10487762
00010 10624128
00010 13724182
00010 15424092
00010 18321836
00010 18616024
00010 19593478
00010 22396410
00010 27101876
00010 32356198
00010 34188314
00010 39092512
00010 40898536
00010 41246250
00010 46103720
00010 47230528
00010 47290718
00010 53497380
00010 56799470
00010 58727214
00010 58920442
00010 66517118
00010 67487640
00010 67946174
00010 68362188
00010 68510502
00010 68573500
00010 69788162
00010 75726984
00010 76890306
00010 77773858
00010 78676006
00010 78712230
00010 78940966
00010 82025958
00010 82217570
00010 82509918
00010 84210432
00010 84916474
00010 88749350
00010 90247654
00010 92936102
00010 94624488
00010 95708912
00010 101266254
00010 106592702
00010 106765920
00010 107535376
00010 113690662
00010 115227246
00010 115459372
00010 117924732
00010 122602678
00010 123242814
00010 132980078
00010 134357042
00010 135489876
00010 136207828
00010 137235808
00010 141476818
00010 142068324
00010 143661296
00010 143897822
00010 145235354
00010 145350848
00010 151623302
00010 152981694
00010 160600822
00010 162097694
00010 163799942
00010 174347578
00010 174588152
00010 174729952
00010 175770938
00010 175817476
00010 176747014
00010 177793092
00010 178095772
00010 182125724
00010 184260388
00010 187234512
00010 187509186
00010 188196450
00010 189544316
00010 190036982
00010 198177270
00010 198862362
00010 199067178
00010 200248662
00010 200371496
00010 202143118
00010 208094926
00010 211292172
00010 213365446
00010 216144638
00010 216203164
00010 217327622
00010 221143018
00010 222325576
00010 222411550
00010 222958872
00010 223942246
00010 227409974
00010 230399598
00010 230574070
00010 236598266
00010 237454126
00010 237986552
00010 239852948
00010 241292046
00010 241333742
00010 242946554
00010 254580168
00010 254873440
00010 257400734
00010 257695892
00010 258513480
00010 260131218
00010 261666856
00010 264574518
00010 266657530
00010 267085358
00010 268691756
00010 269580026
00010 276516132
00010 279771950
00010 279807014
00010 284603100
00010 288977896
00010 291510856
00010 293227294
00010 296739126
00010 298465676
00010 300501524
00010 301813106
00010 306801050
00010 307747128
00010 307790154
00010 310739278
00010 311518096
00010 311909210
00010 312738116
00010 316640302
00010 317831720
00010 324471088
00010 326318716
00010 329769194
00010 330102356
00010 334124374
00010 334275794
00010 340373226
00010 341327960
00010 342719926
00010 342907690
00010 347233192
00010 347359240
00010 350708918
00010 351438918
00010 353056530
00010 353125112
00010 353796820
00010 356591104
00010 357197342
00010 361326562
00010 362244250
00010 364513286
00010 365025802
00010 368152690
00010 368517432
00010 369766638
00010 373568976
00010 373629716
00010 375406082
00010 375782984
00010 376858626
00010 377106812
00010 380938650
00010 381825414
00010 386226044
00010 387293772
00010 388214272
00010 389022382
00010 391245450
00010 392411850
00010 398847506
00010 399645984
00010 400699260
00010 402836190
00010 404659314
00010 406187732
00010 407273474
00010 409426106
00010 410252026
00010 410409204
00010 414194092
00010 418086346
00010 419386764
00010 421127338
00010 421368334
00010 428789000
00010 430771650
00010 432705970
00010 433880678
00010 435198048
00010 437146396
00010 438467822
00010 439595826
00010 439800258
00010 440927482
00010 446119142
00010 447621150
00010 447966426
00010 449599406
00010 449928692
00010 451458360
00010 453026622
00010 454982402
00010 458441442
00010 461483854
00010 462971974
00010 468710874
00010 469071412
00010 470797884
00010 470998160
00010 471422796
00010 473633678
00010 473872846
00010 474151890
00010 474760560
00010 475674328
00010 476170094
00010 479194066
00010 481428864
00010 481480704
00010 481916726
00010 482387262
00010 486061204
00010 486569988
00010 487222018
00010 492139134
00010 499343292
00010 500892062
00010 501803526
00010 502646720
00010 504568986
00010 506549356
00010 506752288
00010 510367982
00010 512732960
00010 514863426
00010 514907956
00010 519073540
00010 522473232
00010 523397054
00010 526057510
00010 527021238
00010 530243462
00010 532415824
00010 535501706
00010 535913994
00010 536097754
00010 537372072
00010 538260266
00010 538560694
00010 538883300
00010 544795598
00010 545200496
00010 547160978
00010 550974886
00010 550983064
00010 555657566
00010 556832718
00010 558174666
00010 562625852
00010 564459880
00010 565196050
00010 565446312
00010 565545138
00010 566607082
00010 568291638
00010 570990222
00010 571948622
00010 573030080
00010 574086424
00010 574222552
00010 574967884
00010 575288946
00010 577889294
00010 579847846
00010 579971110
00010 583233412
00010 584259930
00010 589010480
00010 594953248
00010 595086014
00010 597189838
00010 598383416
00010 602384810
00010 602531332
00010 604913816
00010 604916048
00010 608508038
00010 610194928
00010 613331098
00010 616670886
00010 617065164
00010 617616954
00010 619768736
00010 626672514
00010 626903944
00010 627314674
00010 630018722
00010 630206338
00010 631396480
00010 631478636
00010 631515108
00010 634350514
00010 636517110
00010 637177210
00010 637573536
00010 639203508
00010 640392710
00010 641447342
00010 643165846
00010 643167334
00010 647392370
00010 653889004
00010 656645758
00010 657917808
00010 662974700
00010 667295700
00010 668864124
00010 670080882
00010 676890158
00010 677690016
00010 685088544
00010 685529194
00010 686121274
00010 691507260
00010 696133768
00010 696817184
00010 697620696
00010 698222032
00010 701773210
00010 702911456
00010 703423406
00010 707639706
00010 707916308
00010 708575962
00010 710079384
00010 713248786
00010 720247046
00010 721492566
00010 722146870
00010 722786724
00010 724681346
00010 731151938
00010 731707654
00010 731842054
00010 732585028
00010 734173378
00010 734984150
00010 736659346
00010 737480542
00010 738282766
00010 738508388
00010 744976918
00010 745836972
00010 750703228
00010 751204324
00010 753592996
00010 756178348
00010 759069328
00010 760994356
00010 763086178
00010 767489496
00010 770828626
00010 771356454
00010 772855574
00010 777539972
00010 778048634
00010 778335544
00010 778621400
00010 780175128
00010 781001532
00010 784290980
00010 785422068
00010 785892226
00010 791410686
00010 791449218
00010 791574908
00010 792560324
00010 793795418
00010 796943782
00010 797135124
00010 798286374
00010 802825538
00010 806840832
00010 818030872
00010 819149804
00010 822951614
00010 823130648
00010 824147944
00010 825327952
00010 826443420
00010 828373046
00010 829686614
00010 831279384
00010 832454184
00010 833086936
00010 838693498
00010 842325522
00010 844412370
00010 845776466
00010 850729892
00010 854110950
00010 854829020
00010 856149754
00010 857642974
00010 860407580
00010 861005324
00010 861972068
00010 872598630
00010 873343680
00010 873545902
00010 877202232
00010 878027548
00010 878872808
00010 878946550
00010 888067544
00010 889512804
00010 889636064
00010 890789748
00010 891218978
00010 896318974
00010 896998432
00010 899392670
00010 899990864
00010 903360274
00010 903478920
00010 910336648
00010 910374418
00010 911280444
00010 915422602
00010 916779314
00010 918420798
00010 921284694
00010 923018250
00010 924076812
00010 925083204
00010 927260316
00010 927953540
00010 928292602
00010 928588040
00010 933228056
00010 936943800
00010 938044574
00010 940264998
00010 942319012
00010 942996654
00010 945209676
00010 946218812
00010 947286568
00010 947964622
00010 949003214
00010 949788044
00010 949879142
00010 950084548
00010 952154748
00010 954053148
00010 954635810
00010 957050840
00010 963155760
00010 966181926
00010 969137146
00010 969927652
00010 970975432
00010 971429142
00010 972883506
00010 977259690
00010 980620506
00010 980883518
00010 980890280
00010 981037878
00010 981419640
00010 981598502
00010 983131522
00010 984233948
00010 986043308
00010 986634556
00010 987378084
00010 996772642
00010 1146890
00010 1483604
00010 5132344
00010 5796922
00010 9213286
00010 10617556
00010 11573738
00010 15070018
00010 17192662
00010 17252568
00010 18051458
00010 19713046
00010 21533578
00010 22932888
00010 24371510
00010 27730862
00010 28284550
00010 28306694
00010 30758774
00010 32298374
00010 36396962
00010 36679764
00010 36686194
00010 36771458
00010 38523806
00010 40145150
00010 44875626
00010 49978110
00010 50626574
00010 55295562
00010 59991576
00010 61456588
00010 62043278
00010 62421510
00010 63223932
00010 75756672
00010 83271350
00010 84375088
00010 86205402
00010 86796210
00010 89911224
00010 90698198
00010 92697692
00010 99428646
00010 99762358
00010 101495020
00010 101513528
00010 103321616
00010 104908218
00010 106605890
00010 109216784
00010 111382908
00010 114300874
00010 116435998
00010 118131620
00010 119830502
00010 120073052
00010 121243014
00010 122682174
00010 124879216
00010 127701566
00010 128764234
00010 129326866
00010 132223044
00010 135690998
00010 136385948
00010 144806934
00010 144849104
00010 147707558
00010 147853180
00010 149064016
00010 152216334
00010 152773426
00010 153717162
00010 155682650
00010 156529030
00010 160093276
00010 161178848
00010 162087350
00010 163116134
00010 164390538
00010 164406572
00010 165769584
00010 167244894
00010 167459134
00010 169292914
00010 170435770
00010 175829818
00010 181280224
00010 182686166
00010 183344680
00010 187183458
00010 191977678
00010 195318796
00010 195618456
00010 195926792
00010 196021560
00010 196859862
00010 198844688
00010 199382138
00010 202778458
00010 203356000
00010 203513720
00010 203577486
00010 207726532
00010 208175426
00010 212140984
00010 212937216
00010 217461766
00010 217573690
00010 217735430
00010 224257174
00010 225639532
00010 230401920
00010 232880478
00010 233285060
00010 235440776
00010 243533650
00010 245437040
00010 245762392
00010 249432212
00010 254107830
00010 254956920
00010 263036236
00010 263133528
00010 263757188
00010 267014032
00010 268917172
00010 270402920
00010 270463924
00010 271654032
00010 272965140
00010 273012202
00010 273425140
00010 282317472
00010 286902898
00010 287816954
00010 287869938
00010 295268818
00010 295442368
00010 295527730
00010 297776454
00010 300823552
00010 302705678
00010 304060222
00010 305670516
00010 310406302
00010 310814084
00010 311649348
00010 314961500
00010 315159102
00010 318138748
00010 319795050
00010 319881314
00010 320656466
00010 322715078
00010 324513242
00010 324677040
00010 327768830
00010 332246044
00010 334564330
00010 337179012
00010 337229034
00010 338228182
00010 338395002
00010 339167236
00010 340260928
00010 340431118
00010 340854694
00010 340956926
00010 342303722
00010 344675336
00010 348520500
00010 351010542
00010 351185842
00010 351195344
00010 353067394
00010 356855302
00010 358130552
00010 358276842
00010 358743006
00010 362036766
00010 363791340
00010 375776084
00010 376367238
00010 377522992
00010 377647780
00010 381704090
00010 382336530
00010 383583776
00010 386643604
00010 387499202
00010 389208294
00010 390414048
00010 390474166
00010 390553898
00010 390657962
00010 394414884
00010 394471660
00010 395016986
00010 396581160
00010 397399142
00010 397502820
00010 398847146
00010 401059134
00010 402345504
00010 402920162
00010 403085586
00010 405229924
00010 405703246
00010 407060224
00010 412784642
00010 413500368
00010 413973014
00010 414176196
00010 414746968
00010 415124222
00010 417234714
00010 421887196
00010 422169566
00010 424028224
00010 427675538
00010 427848796
00010 433060932
00010 436518592
00010 438586706
00010 443849258
00010 445090694
00010 445679028
00010 446743142
00010 447510704
00010 451020666
00010 451259038
00010 451537160
00010 454136464
00010 454268508
00010 455721282
00010 457849462
00010 458864296
00010 460420960
00010 461000368
00010 462225370
00010 464499438
00010 465784934
00010 468213154
00010 471687450
00010 472900208
00010 473501078
00010 478710912
00010 480213930
00010 485306862
00010 487458626
00010 491122734
00010 493902106
00010 494579606
00010 497129396
00010 498894910
00010 500487414
00010 500756396
00010 501643356
00010 501874362
00010 504573082
00010 507755870
00010 514342150
00010 517188802
00010 517542232
00010 526311512
00010 530257752
00010 532094724
00010 533385536
00010 534148334
00010 534319364
00010 534521828
00010 536182386
00010 536772514
00010 537086674
00010 540513010
00010 542060216
00010 546262532
00010 546491784
00010 547385608
00010 547758866
00010 549199354
00010 552243780
00010 552256696
00010 552508564
00010 553030944
00010 554317180
00010 554377104
00010 554503984
00010 557315844
00010 559575664
00010 566334676
00010 569598608
00010 573586694
00010 575245300
00010 576230838
00010 579411850
00010 580734682
00010 580927578
00010 581506560
00010 589245342
00010 589406240
00010 589410338
00010 590886440
00010 594776458
00010 595129012
00010 597660804
00010 598958264
00010 599787386
00010 601201128
00010 601984458
00010 602707826
00010 603236140
00010 605164180
00010 606773762
00010 612670922
00010 615111294
00010 616520424
00010 619077168
00010 623864400
00010 624086658
00010 630045450
00010 634240024
00010 637833254
00010 647100102
00010 649627342
00010 652939636
00010 656319334
00010 657889600
00010 659341362
00010 659377270
00010 659746486
00010 661408394
00010 665551600
00010 666596802
00010 669447786
00010 673535784
00010 674760182
00010 675791934
00010 676564708
00010 678089524
00010 678461684
00010 678593852
00010 679304492
00010 680776880
00010 681088372
00010 683250580
00010 683619826
00010 688185690
00010 689022868
00010 690167694
00010 690211962
00010 691471526
00010 692662812
00010 693903884
00010 694712204
00010 697191562
00010 699148040
00010 703780492
00010 704100224
00010 705178776
00010 708695804
00010 712950308
00010 714072116
00010 715117436
00010 719614968
00010 723838280
00010 724856246
00010 725870256
00010 726523940
00010 726846256
00010 728076272
00010 730288610
00010 730938550
00010 732948528
00010 742152890
00010 742942374
00010 754905888
00010 755182016
00010 756008396
00010 760150514
00010 760519184
00010 767647760
00010 771410698
00010 773136046
00010 773380524
00010 776895072
00010 777621642
00010 779046264
00010 779509130
00010 780018594
00010 781937142
00010 784771944
00010 788227820
00010 788447636
00010 793112512
00010 794787516
00010 796486166
00010 797155614
00010 801228320
00010 803514864
00010 803670926
00010 804746598
00010 806058068
00010 808501192
00010 808659116
00010 809472518
00010 811101526
00010 812051224
00010 814151174
00010 815270990
00010 818172014
00010 818188654
00010 822481610
00010 824015974
00010 824988916
00010 826896552
00010 830014734
00010 830264218
00010 830761570
00010 830865382
00010 831602940
00010 834458118
00010 834596740
00010 839192050
00010 839261486
00010 843473204
00010 844324350
00010 844841870
00010 845545378
00010 845875840
00010 849864546
00010 850825018
00010 857447094
00010 857455260
00010 858493590
00010 859774538
00010 860315760
00010 860347622
00010 861053434
00010 861849714
00010 862035676
00010 862152872
00010 867606808
00010 870239214
00010 873515338
00010 873847728
00010 876132640
00010 877769684
00010 878650146
00010 879250380
00010 882501584
00010 884643292
00010 884850468
00010 886638010
00010 887534278
00010 890568312
00010 892382684
00010 896557980
00010 897493464
00010 897559790
00010 902110248
00010 902675746
00010 903418648
00010 906798180
00010 914000630
00010 915063354
00010 917374714
00010 918218960
00010 920744464
00010 922725996
00010 922967128
00010 924212094
00010 924262372
00010 924820442
00010 925072404
00010 925737352
00010 926076382
00010 927008570
00010 927085684
00010 927715138
00010 929741724
00010 930642354
00010 931188186
00010 931779030
00010 936061122
00010 941823744
00010 941937482
00010 951955918
00010 952367456
00010 952571114
00010 954241226
00010 956621932
00010 959034180
00010 960662528
00010 960764316
00010 965209398
00010 965601448
00010 968731930
00010 970846912
00010 973773548
00010 977385132
00010 978820546
00010 983793106
00010 985203740
00010 986976336
00010 988467472
00010 988537204
00010 992855960
00010 995864980
00010 997664670
00010 5825244
00010 9682434
00010 11248590
00010 11838558
00010 12885218
00010 13277970
00010 16742404
00010 18570306
00010 18893796
00010 21257340
00010 21260564
00010 21317282
00010 21944332
00010 27360548
00010 27397908
00010 31168554
00010 40348790
00010 43711142
00010 44490452
00010 46251772
00010 48733376
00010 49168212
00010 57923760
00010 59868928
00010 66199252
00010 66328604
00010 67622360
00010 68571088
00010 71162730
00010 73251150
00010 74802196
00010 79845600
00010 84900616
00010 85711750
00010 86032756
00010 90901528
00010 91007960
00010 92474712
00010 96029230
00010 98202970
00010 98336342
00010 99843566
00010 101615878
00010 105775082
00010 107558368
00010 110665344
00010 111074178
00010 111617652
00010 113641372
00010 114096854
00010 114762700
00010 115886752
00010 116205082
00010 116717128
00010 118796812
00010 123732300
00010 128293694
00010 135479432
00010 135593552
00010 141957420
00010 143724316
00010 145655982
00010 147371048
00010 148251760
00010 150695612
00010 152454536
00010 153622704
00010 153978886
00010 156157216
00010 160229748
00010 168820412
00010 169052880
00010 170903052
00010 171652680
00010 176117148
00010 178456836
00010 180511514
00010 181609870
00010 182790708
00010 182869410
00010 185179238
00010 185183640
00010 185380790
00010 187360168
00010 188745358
00010 189933260
00010 195386562
00010 195924272
00010 198156596
00010 209697226
00010 209782656
00010 211693308
00010 216096480
00010 217460354
00010 218022754
00010 221307806
00010 221879930
00010 230853598
00010 231751706
00010 233792590
00010 235200872
00010 235829752
00010 236452386
00010 236500536
00010 236504720
00010 239719226
00010 240360014
00010 240750556
00010 242095966
00010 242979016
00010 243761880
00010 246400998
00010 247341916
00010 247536334
00010 248231728
00010 249803438
00010 251067350
00010 254080136
00010 256634558
00010 259914940
00010 260196914
00010 261882952
00010 263392740
00010 266766676
00010 270494212
00010 271421386
00010 271876540
00010 272464886
00010 277899750
00010 278450106
00010 280060112
00010 280887108
00010 280925268
00010 281374082
00010 284303124
00010 285701496
00010 287176316
00010 289231448
00010 289720246
00010 291790822
00010 292122112
00010 292434416
00010 292580834
00010 294485488
00010 294923472
00010 295207408
00010 295526994
00010 297399590
00010 297401874
00010 297460462
00010 298487952
00010 299757428
00010 306873068
00010 309161684
00010 309522968
00010 309894604
00010 315093016
00010 315281726
00010 318930128
00010 320946834
00010 322163824
00010 325865834
00010 332510520
00010 333815234
00010 334281586
00010 335378212
00010 338014302
00010 340403838
00010 341120086
00010 341893052
00010 343673610
00010 344118686
00010 345767468
00010 350547982
00010 352991406
00010 355473734
00010 356686320
00010 357586664
00010 358469796
00010 360228984
00010 361453432
00010 364554984
00010 367309826
00010 370631414
00010 371311902
00010 374018008
00010 374177014
00010 375052060
00010 381572070
00010 385400420
00010 387125914
00010 387616112
00010 394952284
00010 395946580
00010 397771280
00010 398689424
00010 401392188
00010 401490170
00010 401731644
00010 403886894
00010 406218474
00010 408433838
00010 408747686
00010 409219764
00010 410221424
00010 417657538
00010 420874646
00010 423974424
00010 424405644
00010 425488650
00010 425918408
00010 428007508
00010 428789182
00010 430047390
00010 430337890
00010 431673878
00010 432933290
00010 433135060
00010 435054072
00010 437172384
00010 437610354
00010 440606786
00010 441300846
00010 442582448
00010 444651832
00010 444708780
00010 445224418
00010 445249968
00010 445603392
00010 446741866
00010 446860758
00010 447209562
00010 448615794
00010 450005772
00010 453741944
00010 454108686
00010 454649162
00010 455051666
00010 456402312
00010 457339656
00010 458393402
00010 458941840
00010 461694146
00010 468399850
00010 473425908
00010 475055408
00010 483833826
00010 483948872
00010 486206082
00010 486310250
00010 492516452
00010 495496416
00010 496496168
00010 499227786
00010 501807238
00010 502215158
00010 505730478
00010 507630568
00010 508121548
00010 510189900
00010 512383674
00010 513245076
00010 515554704
00010 516181722
00010 519239546
00010 519859958
00010 524728890
00010 526154084
00010 528067242
00010 528100932
00010 528881790
00010 531300330
00010 536058922
00010 539719068
00010 539738370
00010 542013018
00010 542270864
00010 543342796
00010 546497604
00010 547821452
00010 548400122
00010 549843284
00010 552023000
00010 555198938
00010 556457174
00010 560133198
00010 560268554
00010 560317532
00010 563434192
00010 565034630
00010 569371162
00010 569484752
00010 573811410
00010 574626750
00010 577623744
00010 589337580
00010 589574150
00010 590304716
00010 591540618
00010 591917554
00010 592030498
00010 596458546
00010 596582706
00010 597390716
00010 597608530
00010 606833540
00010 607916328
00010 608084718
00010 613006432
00010 616522888
00010 616726090
00010 618113556
00010 619039730
00010 619249276
00010 619450760
00010 620917144
00010 621144858
00010 622272280
00010 624725388
00010 625439428
00010 625908072
00010 628650112
00010 629067138
00010 632493196
00010 634617910
00010 634945904
00010 639017110
00010 641756362
00010 643678890
00010 646922954
00010 649176900
00010 649362746
00010 651679858
00010 653180924
00010 653606962
00010 653827568
00010 653894482
00010 654022938
00010 655108602
00010 656724658
00010 656925322
00010 657311458
00010 663799704
00010 664724166
00010 667325036
00010 667647928
00010 670932610
00010 671095358
00010 671425918
00010 672238014
00010 672537496
00010 675368548
00010 678240616
00010 686169980
00010 686263066
00010 687522660
00010 689885542
00010 691279638
00010 691938120
00010 695672390
00010 695835516
00010 697442830
00010 699753754
00010 700697032
00010 700706102
00010 700890262
00010 709569670
00010 710844418
00010 713146026
00010 716444432
00010 719283332
00010 719834756
00010 721400246
00010 729267696
00010 729905326
00010 735923074
00010 737601594
00010 737776138
00010 739502436
00010 742968126
00010 744844590
00010 745622174
00010 746141170
00010 746195628
00010 746262934
00010 747364028
00010 747658170
00010 750656752
00010 750856178
00010 753552736
00010 755713066
00010 757244522
00010 757781708
00010 764228544
00010 764909986
00010 765674742
00010 767545788
00010 771185726
00010 774803984
00010 788510148
00010 791161882
00010 791588174
00010 794237124
00010 794286748
00010 794986294
00010 795050660
00010 795730528
00010 795734634
00010 799997016
00010 802981036
00010 803175790
00010 807313260
00010 809182920
00010 810172550
00010 815090960
00010 817890302
00010 818560204
00010 819273886
00010 827335500
00010 827911220
00010 828557184
00010 831118572
00010 834038818
00010 835026346
00010 836488302
00010 841915216
00010 847934182
00010 858909834
00010 860721414
00010 862401078
00010 863730506
00010 864791310
00010 865801822
00010 869842124
00010 873340428
00010 875595854
00010 877197334
00010 877411512
00010 878606494
00010 880223614
00010 880317830
00010 880376236
00010 882111872
00010 885646962
00010 886388228
00010 891639340
00010 891916246
00010 894276950
00010 894795272
00010 897651450
00010 900082796
00010 903168526
00010 907424406
00010 909165432
00010 910011072
00010 911286312
00010 912758950
00010 916651748
00010 916749424
00010 917905240
00010 918457020
00010 921121830
00010 921270702
00010 926060598
00010 926366142
00010 932112834
00010 933560324
00010 933707886
00010 934977304
00010 936116282
00010 937418704
00010 937747210
00010 938570498
00010 944629958
00010 945693438
00010 946991348
00010 947568974
00010 949123432
00010 949735622
00010 950453622
00010 952842856
00010 954626662
00010 957306412
00010 958464210
00010 960066512
00010 965647248
00010 965960236
00010 968233198
00010 968609754
00010 975795566
00010 977517538
00010 977520714
00010 978950138
00010 979473992
00010 981565134
00010 986047576
00010 992096348
00010 992773280
00010 993115992
00010 994028750
00010 996188164
00010 996961258
00010 998033002
00010 4384320
00010 11458082
00010 17782246
00010 18120458
00010 19082978
00010 19627746
00010 20584226
00010 22262522
00010 27861926
00010 28948908
00010 29492950
00010 39176310
00010 40639490
00010 41033548
00010 43423740
00010 44948162
00010 45357164
00010 53146286
00010 54634128
00010 55918254
00010 60353748
00010 60560206
00010 60955224
00010 64881108
00010 66528070
00010 68261356
00010 68537576
00010 68751842
00010 70792234
00010 72017964
00010 72456046
00010 73635792
00010 74832942
00010 74888238
00010 75389850
00010 77456474
00010 80535624
00010 81265292
00010 84338764
00010 87196502
00010 89233240
00010 97618376
00010 100898534
00010 100930250
00010 102138868
00010 102691552
00010 105991368
00010 106114406
00010 106509456
00010 106912132
00010 107436702
00010 108135594
00010 108480674
00010 109619758
00010 110172096
00010 110573030
00010 110907556
00010 111468526
00010 113127532
00010 113294642
00010 114014560
00010 114495786
00010 121053336
00010 126786334
00010 130319518
00010 132260364
00010 138192020
00010 138807442
00010 139187612
00010 144194496
00010 145133180
00010 149397758
00010 149737350
00010 152082732
00010 152678278
00010 153493932
00010 157204956
00010 159431636
00010 162485070
00010 165768932
00010 166702500
00010 166929274
00010 167141996
00010 167146814
00010 170087644
00010 175500804
00010 175679252
00010 176144904
00010 178461906
00010 180492512
00010 180511850
00010 193925766
00010 194266216
00010 194443238
00010 195476100
00010 195795766
00010 196323086
00010 206825774
00010 206893000
00010 207117588
00010 207137230
00010 207971004
00010 211078704
00010 212738558
00010 213438528
00010 215989668
00010 216274438
00010 219001186
00010 220019052
00010 220720038
00010 222345674
00010 222348140
00010 223810208
00010 224360318
00010 231589868
00010 236098090
00010 239152528
00010 241828116
00010 247604318
00010 248711304
00010 249784708
00010 252238966
00010 254219304
00010 254660396
00010 258869708
00010 259215586
00010 259284568
00010 259332582
00010 259823662
00010 260276348
00010 260670398
00010 263065176
00010 264568958
00010 266292472
00010 268390122
00010 272415776
00010 273329960
00010 279607414
00010 286419308
00010 287819048
00010 288490060
00010 294669242
00010 299164508
00010 302051704
00010 302953704
00010 303425656
00010 305245768
00010 305656634
00010 305902636
00010 309419944
00010 309464748
00010 310218948
00010 311065396
00010 312629470
00010 312986436
00010 320612604
00010 327845156
00010 329306172
00010 330448036
00010 332519060
00010 336617050
00010 346316428
00010 347209042
00010 347559048
00010 348794854
00010 352892944
00010 355696720
00010 358882746
00010 359939516
00010 362278028
00010 363276798
00010 364023844
00010 367374408
00010 368190400
00010 370860888
00010 372922558
00010 374302596
00010 375039686
00010 375877678
00010 376465672
00010 378774918
00010 381987890
00010 382528354
00010 384885262
00010 386418450
00010 386739614
00010 387721962
00010 395010270
00010 395902438
00010 396063130
00010 396986876
00010 398834904
00010 399031184
00010 407652272
00010 408201730
00010 408287242
00010 408999438
00010 409054250
00010 410303768
00010 410459388
00010 416233292
00010 419653346
00010 423483176
00010 423485312
00010 425518888
00010 428058210
00010 431905128
00010 432717074
00010 433833948
00010 435968032
00010 436873380
00010 437347770
00010 438144294
00010 439420892
00010 439569900
00010 439922340
00010 440889778
00010 441613032
00010 445900394
00010 446789984
00010 446839628
00010 448018006
00010 458808050
00010 458911374
00010 461950488
00010 463390682
00010 467968080
00010 469704684
00010 470146654
00010 472354758
00010 472528904
00010 474849074
00010 477006816
00010 480064702
00010 480427938
00010 480937272
00010 483826398
00010 484284112
00010 486671546
00010 489175222
00010 491367816
00010 494921802
00010 495820458
00010 496047354
00010 497326956
00010 498500540
00010 502124424
00010 502665080
00010 506886856
00010 508031142
00010 508996468
00010 511384512
00010 512549986
00010 518222966
00010 522344168
00010 522379772
00010 527408688
00010 529346902
00010 533435664
00010 535733182
00010 538251240
00010 539743572
00010 540768242
00010 541414108
00010 543463778
00010 544817344
00010 550844070
00010 555132042
00010 557263870
00010 559768766
00010 560680770
00010 561370862
00010 562379064
00010 565275506
00010 568035218
00010 570406062
00010 571943166
00010 572490150
00010 575787446
00010 577735076
00010 579937962
00010 580461048
00010 581277504
00010 583593946
00010 585939608
00010 586397342
00010 586487420
00010 587412360
00010 589119838
00010 589455088
00010 590054038
00010 590702090
00010 592954418
00010 594851922
00010 596295172
00010 597137120
00010 600591162
00010 601183720
00010 601202706
00010 603489000
00010 604171592
00010 605957582
00010 607019468
00010 614082316
00010 615249038
00010 615735932
00010 618489290
00010 618572890
00010 618629200
00010 619603630
00010 621125358
00010 621866490
00010 622985554
00010 626006288
00010 631971914
00010 632689970
00010 636244730
00010 640559068
00010 640844522
00010 645362354
00010 645920234
00010 646301598
00010 648599994
00010 651449944
00010 654487490
00010 655457632
00010 660852318
00010 663370122
00010 663406838
00010 665134590
00010 668414040
00010 669124770
00010 669196744
00010 671295200
00010 672288882
00010 676262278
00010 679724680
00010 682936094
00010 684418726
00010 684509700
00010 687476956
00010 687607640
00010 687764726
00010 688754258
00010 689368616
00010 690151388
00010 691187518
00010 696794970
00010 699048832
00010 699818042
00010 703841022
00010 706647380
00010 708905092
00010 711925634
00010 713912860
00010 718366540
00010 721056512
00010 721208232
00010 725024108
00010 725642214
00010 730585314
00010 732041018
00010 732600714
00010 734885676
00010 734963200
00010 740002298
00010 742500238
00010 747036968
00010 754780956
00010 755209020
00010 759430750
00010 760802340
00010 765706462
00010 765889176
00010 767128216
00010 768024998
00010 768034922
00010 768104100
00010 768235506
00010 769112004
00010 770090242
00010 771073622
00010 771292046
00010 773017494
00010 774377896
00010 776943566
00010 776950840
00010 780076576
00010 780441884
00010 781269600
00010 783264506
00010 783491452
00010 783583966
00010 784456950
00010 786126738
00010 788638718
00010 790208102
00010 792779182
00010 795543222
00010 800348570
00010 801038484
00010 803389100
00010 803999356
00010 812294152
00010 815710982
00010 819050700
00010 819089512
00010 819239166
00010 819438924
00010 820105996
00010 821366146
00010 823125070
00010 825614146
00010 826964678
00010 828861792
00010 833219346
00010 837891578
00010 841459188
00010 846882108
00010 847701440
00010 848496430
00010 849356418
00010 854348774
00010 855328238
00010 857225498
00010 859313004
00010 863824112
00010 864665056
00010 866976064
00010 867630364
00010 872058062
00010 874805744
00010 877508114
00010 877537230
00010 878441422
00010 878476608
00010 878864306
00010 879285734
00010 883499696
00010 888443952
00010 891562824
00010 891655082
00010 899585482
00010 900715552
00010 900909594
00010 903107620
00010 903871444
00010 904480858
00010 904632618
00010 907115886
00010 907270490
00010 908174950
00010 915843768
00010 915980426
00010 917190488
00010 920005234
00010 920764938
00010 922540530
00010 922674836
00010 923800956
00010 925293858
00010 925665218
00010 926763170
00010 928029948
00010 931160932
00010 931192790
00010 939433730
00010 939528956
00010 942918926
00010 943328618
00010 949393702
00010 950627478
00010 951439178
00010 951583722
00010 954046188
00010 957655750
00010 964060304
00010 966148948
00010 968164248
00010 969218640
00010 971368250
00010 973089250
00010 973557924
00010 973732826
00010 974295630
00010 977506254
00010 978890036
00010 985227378
00010 989573904
00010 993452688
00010 995849558
00010 996019068
