00010 2227378
00010 3968440
00010 4322546
00010 4590662
00010 8398472
00010 10730616
00010 12579078
00010 20706256
00010 24385196
00010 24479776
00010 27323812
00010 28526984
00010 28561246
00010 34344964
00010 35877474
00010 36033504
00010 36035734
00010 36818292
00010 48872804
00010 50374040
00010 51555796
00010 56611020
00010 59397654
00010 63268484
00010 63831320
00010 65582664
00010 66415376
00010 67114248
00010 68672906
00010 72854408
00010 73918184
00010 74955574
00010 75188506
00010 76341684
00010 76462814
00010 79279028
00010 81582310
00010 85713222
00010 92148052
00010 92474294
00010 92544342
00010 93244462
00010 96841368
00010 98551686
00010 101436662
00010 101840868
00010 104129316
00010 111650824
00010 111750400
00010 113123200
00010 114072818
00010 117725936
00010 118850954
00010 119842068
00010 120950040
00010 126491566
00010 128414572
00010 130172874
00010 135950282
00010 136808680
00010 144577880
00010 146021230
00010 146324642
00010 147229324
00010 152124942
00010 160217900
00010 161607846
00010 162045420
00010 163063090
00010 169132272
00010 172777124
00010 173702942
00010 174528972
00010 176398234
00010 176650590
00010 177250004
00010 177712350
00010 178265002
00010 178738858
00010 179388850
00010 179795906
00010 180234696
00010 181653946
00010 181921166
00010 183200218
00010 188946322
00010 190249680
00010 192202186
00010 193644248
00010 193648040
00010 194614358
00010 196860478
00010 198893274
00010 199434958
00010 200420696
00010 203174772
00010 209747026
00010 211537434
00010 211598196
00010 216944276
00010 218099928
00010 218797196
00010 219710558
00010 220758100
00010 222187868
00010 233541026
00010 235741060
00010 236076984
00010 242096354
00010 243760038
00010 245996300
00010 247607112
00010 248121330
00010 252785214
00010 254393872
00010 256129404
00010 259853862
00010 261061346
00010 261453216
00010 263721530
00010 265737108
00010 266260462
00010 267066136
00010 272868008
00010 273504300
00010 277403164
00010 278139896
00010 279943160
00010 280282562
00010 281489348
00010 282688994
00010 282810386
00010 284656156
00010 284797522
00010 286570378
00010 291155452
00010 292419280
00010 292751180
00010 293746868
00010 301226178
00010 304930014
00010 306267434
00010 308520538
00010 309061544
00010 310433252
00010 310774260
00010 313178584
00010 313210390
00010 314730964
00010 315921790
00010 316355600
00010 317297674
00010 317481996
00010 317848428
00010 320410292
00010 324801456
00010 325513256
00010 332256950
00010 334099300
00010 334342952
00010 336027356
00010 338433074
00010 339353844
00010 346005908
00010 347798650
00010 348290654
00010 349036522
00010 352900348
00010 353027906
00010 355575542
00010 359304420
00010 360653572
00010 361507082
00010 367032118
00010 367726746
00010 370603198
00010 372321660
00010 378663824
00010 378928332
00010 379317790
00010 379549696
00010 379814786
00010 381770956
00010 381849712
00010 382311032
00010 382791516
00010 384931828
00010 386550936
00010 390987210
00010 392621994
00010 394914148
00010 398585596
00010 400568366
00010 400640464
00010 402350038
00010 403952732
00010 406120994
00010 409850756
00010 411329886
00010 412924804
00010 413107564
00010 413783522
00010 414601780
00010 417431492
00010 419594558
00010 422709014
00010 423398264
00010 424913344
00010 428050502
00010 431239084
00010 431369074
00010 434243244
00010 434728422
00010 435983978
00010 437389284
00010 437413742
00010 437921156
00010 438249904
00010 452846890
00010 453567452
00010 453709586
00010 455242834
00010 455971480
00010 457192624
00010 457271694
00010 457278440
00010 462105098
00010 462305866
00010 464217146
00010 467828386
00010 468275762
00010 469324692
00010 474568602
00010 474808424
00010 474828102
00010 476111078
00010 478184860
00010 478660246
00010 478828070
00010 480967238
00010 485382098
00010 486323584
00010 489940814
00010 495677420
00010 496512708
00010 497488350
00010 503239862
00010 506259608
00010 511511344
00010 511810890
00010 515883530
00010 517639866
00010 520105804
00010 523417244
00010 523688532
00010 527185618
00010 529666860
00010 531593622
00010 532066076
00010 533876126
00010 534995914
00010 535249788
00010 535938672
00010 536381408
00010 542296924
00010 543381508
00010 543408394
00010 545321946
00010 548459768
00010 550400838
00010 550688088
00010 552965738
00010 554321566
00010 554406722
00010 568609892
00010 570450780
00010 571034696
00010 576477914
00010 581421632
00010 584527322
00010 585213732
00010 587475184
00010 589827778
00010 591536848
00010 600079916
00010 600162136
00010 601396982
00010 601687056
00010 609290370
00010 612110282
00010 612326988
00010 613427222
00010 615264466
00010 616171240
00010 616451042
00010 616477872
00010 618352516
00010 619404770
00010 626552688
00010 630873762
00010 633084320
00010 634481552
00010 634799394
00010 637136374
00010 638514538
00010 638640126
00010 640160720
00010 641657794
00010 650113118
00010 650369696
00010 657680220
00010 663591606
00010 664257928
00010 673124820
00010 675593598
00010 675654316
00010 675890156
00010 677000900
00010 677116394
00010 679855198
00010 683012950
00010 684116374
00010 686339784
00010 692582994
00010 696227946
00010 696232040
00010 696509904
00010 700426666
00010 701855642
00010 704679920
00010 707277578
00010 708809204
00010 712366330
00010 722379000
00010 723830380
00010 724172128
00010 727336440
00010 728331894
00010 728500554
00010 730224918
00010 731735278
00010 732315780
00010 736741944
00010 739761478
00010 746797892
00010 748647446
00010 748956180
00010 756206360
00010 771355880
00010 775628266
00010 776892002
00010 777102160
00010 780133204
00010 782461506
00010 789425602
00010 790531444
00010 792510722
00010 793112532
00010 794698828
00010 802031140
00010 802417838
00010 803545928
00010 804761526
00010 804923400
00010 805342534
00010 806996500
00010 809891316
00010 813617228
00010 813670110
00010 815446406
00010 816690802
00010 818391150
00010 823084198
00010 827116042
00010 828487784
00010 828838898
00010 831130356
00010 833065442
00010 833391988
00010 838508108
00010 838615222
00010 840255020
00010 840571374
00010 840996682
00010 845788914
00010 846224454
00010 847036530
00010 850205910
00010 855483630
00010 858135068
00010 858486752
00010 860357824
00010 861024246
00010 866626606
00010 866893350
00010 867477054
00010 871149330
00010 873335552
00010 874568094
00010 874682056
00010 876277802
00010 877905368
00010 878665856
00010 879298096
00010 879648322
00010 879796350
00010 879892330
00010 880681774
00010 882212054
00010 885970724
00010 886009464
00010 886651812
00010 888221156
00010 889209236
00010 889337500
00010 890982838
00010 892172658
00010 892989094
00010 895037054
00010 895849276
00010 896080598
00010 896357908
00010 898262334
00010 900622370
00010 903203076
00010 903861428
00010 909426140
00010 911428556
00010 914208498
00010 914932920
00010 916647338
00010 916854354
00010 916856190
00010 917402948
00010 922924556
00010 924651262
00010 924804570
00010 925464978
00010 925485164
00010 925688964
00010 926849948
00010 927146322
00010 927169376
00010 927881604
00010 930836620
00010 931556842
00010 932019426
00010 933673964
00010 935576778
00010 936002236
00010 936220562
00010 937738268
00010 937988826
00010 939763974
00010 943656052
00010 944564806
00010 946308382
00010 948245666
00010 951030842
00010 951644082
00010 955376064
00010 956162334
00010 959277296
00010 961777044
00010 962472154
00010 962553438
00010 964278266
00010 965105334
00010 965517760
00010 975276044
00010 976413202
00010 977775858
00010 978003258
00010 982628872
00010 983129514
00010 983420338
00010 983802282
00010 991427910
00010 991565330
00010 992517546
00010 992738792
00010 993635552
00010 999452944
00010 404224
00010 4320910
00010 11303336
00010 14943448
00010 17741312
00010 19642950
00010 20340716
00010 22718222
00010 28125344
00010 28814356
00010 28822796
00010 30189886
00010 30475140
00010 30515638
00010 31662132
00010 33073504
00010 36006902
00010 37903816
00010 43749262
00010 50525618
00010 51789838
00010 52126446
00010 52781410
00010 54094388
00010 57547792
00010 61387796
00010 62639862
00010 62716712
00010 72922586
00010 73988718
00010 77274862
00010 79128274
00010 79129258
00010 82745912
00010 83836948
00010 83966434
00010 91014950
00010 94170622
00010 94322246
00010 94557384
00010 97117390
00010 98277526
00010 100158746
00010 104324612
00010 105202952
00010 105623192
00010 110089254
00010 110164612
00010 113187490
00010 113490684
00010 113494264
00010 116830672
00010 118081620
00010 120265148
00010 120280366
00010 123211324
00010 124785922
00010 125764014
00010 126354962
00010 126750914
00010 126993596
00010 127800742
00010 128975444
00010 130286602
00010 131637738
00010 134159124
00010 134537190
00010 135268930
00010 136035276
00010 137061574
00010 138450656
00010 144768114
00010 146573794
00010 150137678
00010 153752672
00010 154216656
00010 155322570
00010 155428060
00010 156187134
00010 156309032
00010 156600318
00010 157548536
00010 158405400
00010 161811184
00010 162982350
00010 171918274
00010 174333928
00010 174720136
00010 176981352
00010 180754804
00010 185605974
00010 185701130
00010 193308602
00010 193364744
00010 195475506
00010 196642614
00010 198083498
00010 201087870
00010 202126884
00010 206692812
00010 208599030
00010 209461898
00010 211543272
00010 212730176
00010 212817142
00010 212838586
00010 212959190
00010 216146964
00010 216727240
00010 220984584
00010 221965280
00010 223370210
00010 224800870
00010 225512394
00010 226124040
00010 226728288
00010 229237150
00010 232866928
00010 233813810
00010 233928360
00010 235035746
00010 236694322
00010 238079592
00010 238359234
00010 239182974
00010 239471888
00010 240920838
00010 245689514
00010 247232892
00010 248400948
00010 249985658
00010 251539898
00010 256071208
00010 260688244
00010 260795216
00010 261125424
00010 265581416
00010 265685272
00010 266617906
00010 269152428
00010 270107874
00010 270340876
00010 272258868
00010 274965190
00010 275801428
00010 280074830
00010 280675154
00010 281852526
00010 283930990
00010 284087948
00010 284115434
00010 286179568
00010 288914962
00010 290529930
00010 290815310
00010 294009170
00010 295096806
00010 297091448
00010 297965900
00010 298865716
00010 300764968
00010 301020838
00010 301294126
00010 302354416
00010 311794676
00010 313662762
00010 315025628
00010 315281050
00010 316090496
00010 318301950
00010 318723986
00010 325517584
00010 330591516
00010 331801340
00010 333769108
00010 335161992
00010 337644172
00010 338298062
00010 339167598
00010 346018070
00010 350596144
00010 351144316
00010 358743908
00010 363773302
00010 367649166
00010 367792408
00010 367879444
00010 368025392
00010 368187022
00010 368608448
00010 368949656
00010 373761490
00010 373881422
00010 377346646
00010 382733126
00010 384206170
00010 384785044
00010 386508772
00010 393311836
00010 395713458
00010 399313956
00010 402109362
00010 405104186
00010 407309828
00010 412126166
00010 412386378
00010 413163372
00010 414694740
00010 416057136
00010 417260402
00010 418628960
00010 419461418
00010 420019570
00010 424325474
00010 426121884
00010 430069516
00010 431408732
00010 438894666
00010 439387634
00010 439421406
00010 455948404
00010 457033228
00010 457848510
00010 458726604
00010 459671274
00010 461397962
00010 462743276
00010 462990830
00010 463629534
00010 464139962
00010 465113986
00010 465424474
00010 466239310
00010 468224380
00010 469818722
00010 470867800
00010 471057844
00010 471990402
00010 472380278
00010 473160926
00010 474854994
00010 478612278
00010 479516454
00010 487155778
00010 490164430
00010 490996588
00010 491943374
00010 492428786
00010 493268626
00010 493941224
00010 496798484
00010 498015794
00010 499656196
00010 501334156
00010 503211882
00010 504062254
00010 506847044
00010 507553518
00010 508322274
00010 513086704
00010 514406702
00010 520255174
00010 524330634
00010 527304718
00010 527374368
00010 529413542
00010 531112770
00010 533968588
00010 535486950
00010 535793632
00010 536394820
00010 538537588
00010 542797824
00010 544827130
00010 551634812
00010 553440442
00010 555387906
00010 566342424
00010 567352158
00010 569194656
00010 571555496
00010 574414988
00010 581584738
00010 583245426
00010 587353142
00010 588590892
00010 589587412
00010 596753522
00010 597082998
00010 599302674
00010 599480012
00010 599982050
00010 601236004
00010 602154738
00010 603534440
00010 603829454
00010 603843280
00010 604377840
00010 607862784
00010 607896628
00010 609369712
00010 611256242
00010 612247598
00010 612541750
00010 614155626
00010 614157120
00010 614178454
00010 615232454
00010 615700630
00010 618018266
00010 618933010
00010 619025468
00010 619618644
00010 621778028
00010 623277164
00010 624319404
00010 624374300
00010 626492498
00010 627424458
00010 628427716
00010 629139658
00010 629708280
00010 630172728
00010 631691084
00010 634838172
00010 635070924
00010 635529016
00010 636001462
00010 642161408
00010 645700404
00010 648849396
00010 649313278
00010 657154840
00010 662370590
00010 663839952
00010 665836184
00010 667899276
00010 670327718
00010 674855692
00010 675556480
00010 677096710
00010 678774792
00010 678988940
00010 681791538
00010 683226274
00010 686185978
00010 688719772
00010 693618994
00010 694854374
00010 697036750
00010 697575736
00010 700270636
00010 701890070
00010 702042048
00010 702212668
00010 708114954
00010 709554384
00010 713504798
00010 717696512
00010 717904108
00010 719304210
00010 719735440
00010 719869438
00010 720676422
00010 723993412
00010 727273000
00010 730873114
00010 736978044
00010 740104722
00010 745089230
00010 746870690
00010 746891010
00010 748617896
00010 750570060
00010 750751904
00010 752404960
00010 752544702
00010 752773988
00010 753177510
00010 759046094
00010 759785654
00010 760300320
00010 761320586
00010 761763138
00010 761845838
00010 770498230
00010 771842362
00010 771901344
00010 772549098
00010 774843612
00010 776547234
00010 777332786
00010 779023116
00010 779837124
00010 790434042
00010 791384222
00010 792320858
00010 793284522
00010 794869812
00010 802592314
00010 807768100
00010 808107644
00010 808118624
00010 808260428
00010 811128684
00010 814128210
00010 814242810
00010 816520716
00010 817870148
00010 818317650
00010 820462604
00010 821333272
00010 823206052
00010 824716620
00010 824752896
00010 830731352
00010 830870350
00010 831294230
00010 833461412
00010 834517114
00010 834534066
00010 836022830
00010 838729062
00010 839295978
00010 840292202
00010 842069362
00010 846435992
00010 846744974
00010 846774796
00010 849095438
00010 850346710
00010 850683292
00010 850881898
00010 850941472
00010 853305402
00010 855098474
00010 862972618
00010 863813032
00010 863937742
00010 864429226
00010 866113066
00010 867181768
00010 875169424
00010 877504854
00010 877749690
00010 879551772
00010 881245090
00010 883207306
00010 884853134
00010 886094926
00010 889656626
00010 891161384
00010 891607528
00010 891774140
00010 897168984
00010 900868206
00010 901990178
00010 906305352
00010 906407792
00010 908028020
00010 909715126
00010 910347402
00010 910788936
00010 911156368
00010 915136908
00010 916402786
00010 916855874
00010 917863004
00010 919691254
00010 921674998
00010 922846410
00010 924258370
00010 924308826
00010 932690192
00010 942937804
00010 944744154
00010 945967244
00010 946413648
00010 947439170
00010 947863622
00010 948866562
00010 958337046
00010 961008040
00010 961198634
00010 964735338
00010 965206408
00010 969550008
00010 969754230
00010 970225030
00010 970478846
00010 973149398
00010 981872410
00010 984138674
00010 984707446
00010 985166100
00010 985177924
00010 987391794
00010 992179350
00010 992331378
00010 993345470
00010 999356600
00010 999427604
00010 4938460
00010 5140774
00010 5424706
00010 9123884
00010 12021278
00010 14911184
00010 21762316
00010 23860296
00010 25573224
00010 26993378
00010 31740566
00010 33760134
00010 34563892
00010 35427884
00010 37990024
00010 39878202
00010 40477936
00010 40479838
00010 41355492
00010 44639604
00010 45472186
00010 45508306
00010 47958630
00010 50102276
00010 50977922
00010 53908868
00010 55434442
00010 55526226
00010 56313032
00010 63596732
00010 63815242
00010 65663758
00010 69304588
00010 69878252
00010 69895514
00010 73528568
00010 73569680
00010 75496708
00010 78316582
00010 79643800
00010 81967308
00010 84289758
00010 85247648
00010 91051524
00010 92122602
00010 93384546
00010 95040008
00010 97543680
00010 100732882
00010 102657328
00010 104371774
00010 105925554
00010 105930940
00010 109864640
00010 114864074
00010 115703002
00010 115965122
00010 128014002
00010 130247176
00010 130511490
00010 131108662
00010 131619102
00010 135435740
00010 136870160
00010 138137134
00010 139451604
00010 141529354
00010 142299590
00010 142390768
00010 143653684
00010 143997176
00010 144552406
00010 147137154
00010 148464984
00010 149558854
00010 150995106
00010 152215764
00010 155504192
00010 155630352
00010 158811314
00010 159825474
00010 160066632
00010 162977246
00010 165117634
00010 169546512
00010 171916542
00010 174393790
00010 174870824
00010 174993936
00010 175016742
00010 177509318
00010 178737064
00010 179989062
00010 183231452
00010 191329686
00010 191432544
00010 192206958
00010 194645648
00010 194672720
00010 201557416
00010 202282486
00010 203991290
00010 204769226
00010 205888132
00010 206207948
00010 206679832
00010 210487526
00010 211232148
00010 212092272
00010 214056636
00010 220902696
00010 221743788
00010 225099112
00010 226298476
00010 226452806
00010 226627742
00010 229054610
00010 231117812
00010 234958938
00010 234995704
00010 238210264
00010 238741894
00010 242248482
00010 246199608
00010 250835236
00010 255176472
00010 256947060
00010 258583480
00010 260476674
00010 261449940
00010 261777392
00010 262586338
00010 267034622
00010 278470082
00010 279982676
00010 280473674
00010 285826634
00010 287194254
00010 289194066
00010 291341736
00010 292847206
00010 297470450
00010 299106954
00010 300780696
00010 301625556
00010 304373630
00010 305754826
00010 307770730
00010 310664658
00010 311212872
00010 312861454
00010 312874220
00010 313783672
00010 315405698
00010 316034408
00010 316814742
00010 318317962
00010 321658244
00010 323521926
00010 324403290
00010 326800596
00010 329362958
00010 331525982
00010 335842502
00010 336377402
00010 336476988
00010 336575450
00010 336592708
00010 337133188
00010 338061820
00010 338161504
00010 338496932
00010 338524122
00010 339774096
00010 339831668
00010 339911952
00010 339973700
00010 344379520
00010 345354612
00010 345486994
00010 346714918
00010 347117026
00010 348647874
00010 350195694
00010 351431750
00010 351755700
00010 352721500
00010 353909786
00010 355700030
00010 355859616
00010 360228654
00010 363730750
00010 366807306
00010 367821550
00010 370858714
00010 371819678
00010 372226410
00010 372947808
00010 376440390
00010 377491754
00010 379208870
00010 383609232
00010 385610644
00010 386873540
00010 387346370
00010 391611438
00010 392868328
00010 395826432
00010 399439046
00010 400816424
00010 401241618
00010 402411874
00010 402413222
00010 407106180
00010 414197618
00010 416757810
00010 417149446
00010 417346266
00010 421950068
00010 422581638
00010 423896128
00010 424872924
00010 427789658
00010 429550322
00010 430400416
00010 430403798
00010 431426802
00010 432045484
00010 432269336
00010 434667234
00010 435652534
00010 436978788
00010 438678360
00010 439837666
00010 440422548
00010 441636766
00010 443393412
00010 443582798
00010 444274784
00010 447198518
00010 449551032
00010 449691324
00010 450299234
00010 453771112
00010 454436382
00010 459702044
00010 462211236
00010 462317452
00010 463173104
00010 464714438
00010 465636336
00010 467052288
00010 468593446
00010 469812838
00010 470548564
00010 470582506
00010 472514710
00010 473505266
00010 483369924
00010 483603568
00010 485256678
00010 486380712
00010 487028558
00010 495140544
00010 497516952
00010 503692426
00010 506979332
00010 507519160
00010 508441090
00010 511522226
00010 513694714
00010 517032534
00010 517961836
00010 521675862
00010 526912994
00010 528568700
00010 530394730
00010 531629128
00010 532495496
00010 533143498
00010 533847642
00010 538332878
00010 541059994
00010 545429392
00010 547499828
00010 548880846
00010 551583464
00010 552270688
00010 557480266
00010 559027416
00010 562278472
00010 565351974
00010 565390268
00010 568079484
00010 569432444
00010 569815452
00010 579554336
00010 579939376
00010 580346564
00010 581955474
00010 583063154
00010 583722910
00010 585323610
00010 586106122
00010 586659132
00010 590800206
00010 591339466
00010 594006004
00010 594513788
00010 594816932
00010 595798914
00010 598306378
00010 599378644
00010 599444326
00010 600374628
00010 600552922
00010 600863032
00010 601278776
00010 602253016
00010 602321056
00010 609118552
00010 609803332
00010 610669990
00010 615211116
00010 620111292
00010 625827584
00010 626326476
00010 626400680
00010 631091972
00010 632823520
00010 637511332
00010 638719646
00010 642232710
00010 643925182
00010 645019904
00010 646001890
00010 646601142
00010 649927338
00010 650879020
00010 652331724
00010 653354736
00010 655693542
00010 657618288
00010 658963862
00010 658978228
00010 662571212
00010 668099136
00010 670340108
00010 671391912
00010 672201062
00010 672552432
00010 674664232
00010 676195128
00010 678880826
00010 679943324
00010 682385468
00010 682869464
00010 688078670
00010 688997848
00010 690313534
00010 691560454
00010 691717342
00010 700308870
00010 702733934
00010 702942660
00010 703894436
00010 707679546
00010 708914040
00010 710091092
00010 710340242
00010 710940726
00010 712471312
00010 712870388
00010 719337598
00010 721203960
00010 723159262
00010 725123678
00010 726753426
00010 728557084
00010 728916020
00010 730785854
00010 731436338
00010 735019842
00010 736074034
00010 744144612
00010 744668496
00010 748039424
00010 749141818
00010 750085986
00010 750769782
00010 751156794
00010 754461866
00010 756095528
00010 758091178
00010 758809248
00010 761706676
00010 762927054
00010 764273130
00010 765873230
00010 766187450
00010 772954022
00010 773597560
00010 776790530
00010 777391472
00010 783008272
00010 788579978
00010 789230994
00010 790442576
00010 790912940
00010 794354294
00010 794580090
00010 796381690
00010 799770678
00010 800910704
00010 801585948
00010 802023228
00010 802830734
00010 804104082
00010 811241720
00010 811601594
00010 812106696
00010 813984090
00010 814783884
00010 816266614
00010 816332760
00010 821759300
00010 832724522
00010 833013594
00010 833321772
00010 834679874
00010 834778566
00010 836127616
00010 840308772
00010 840514140
00010 844574602
00010 845741340
00010 849798300
00010 851344434
00010 853246712
00010 854039046
00010 855362480
00010 867993294
00010 868753202
00010 869703404
00010 870552058
00010 870704356
00010 879547422
00010 880310732
00010 881259610
00010 881322438
00010 882004976
00010 882500428
00010 887545300
00010 890264894
00010 892457328
00010 894474616
00010 895179246
00010 898036776
00010 898224334
00010 900147366
00010 902541252
00010 907500570
00010 910827334
00010 912249882
00010 913922844
00010 914184500
00010 915276880
00010 920419014
00010 920578896
00010 921853320
00010 924388866
00010 926915162
00010 928021852
00010 930865040
00010 935342162
00010 936764204
00010 937479222
00010 938616438
00010 940058472
00010 940243942
00010 943809426
00010 945983434
00010 947985978
00010 949364158
00010 950106752
00010 950681496
00010 951415554
00010 954648844
00010 954717030
00010 955303946
00010 958512268
00010 962262268
00010 962263924
00010 966931702
00010 967064486
00010 968101342
00010 969883514
00010 983819358
00010 985793082
00010 986944240
00010 988639006
00010 990698446
00010 991833108
00010 995527844
00010 995862362
00010 996718210
00010 866324
00010 2778324
00010 7422550
00010 12045458
00010 12048542
00010 12985364
00010 13569520
00010 15921732
00010 16677272
00010 18681008
00010 20587886
00010 21288476
00010 28606200
00010 28688134
00010 31768834
00010 34486026
00010 35995762
00010 39052456
00010 39548622
00010 40999248
00010 41634690
00010 42658412
00010 46241410
00010 48948842
00010 50077484
00010 50541206
00010 52435172
00010 52779090
00010 54903586
00010 60702972
00010 61732354
00010 62027566
00010 62152634
00010 63212430
00010 63514700
00010 63605356
00010 66006230
00010 66485634
00010 68434794
00010 70134216
00010 71550056
00010 74228914
00010 80071288
00010 80614876
00010 80655098
00010 81596138
00010 81775250
00010 82003040
00010 82511896
00010 88165630
00010 90575940
00010 90655192
00010 98242096
00010 98561486
00010 107181706
00010 112770506
00010 117042338
00010 120371926
00010 120411036
00010 120651264
00010 121798918
00010 126471566
00010 128192120
00010 128321532
00010 129266632
00010 131012552
00010 132683400
00010 132858986
00010 135991644
00010 138582298
00010 140380260
00010 144855440
00010 146271058
00010 146987786
00010 148319124
00010 151386096
00010 153245882
00010 154921176
00010 156444158
00010 157611544
00010 157814494
00010 161889550
00010 162984872
00010 169195942
00010 169551172
00010 171347450
00010 174879494
00010 176100756
00010 177156392
00010 181309548
00010 182941726
00010 186117984
00010 186590732
00010 187400710
00010 188395770
00010 188587034
00010 189504632
00010 190893654
00010 193233182
00010 197302046
00010 200524700
00010 206243638
00010 207880808
00010 209004824
00010 209220710
00010 209451716
00010 213887190
00010 215058842
00010 220226552
00010 222665264
00010 223415794
00010 224036252
00010 228774142
00010 230968294
00010 231167772
00010 231387586
00010 234812592
00010 236039182
00010 237896840
00010 239051704
00010 240834184
00010 242906458
00010 243116678
00010 245030662
00010 247789722
00010 250577564
00010 252224732
00010 252452660
00010 253907016
00010 254177330
00010 258664876
00010 261024338
00010 261987438
00010 265369630
00010 272139544
00010 274544482
00010 276950924
00010 277711372
00010 278393326
00010 278643380
00010 278651082
00010 278799384
00010 279658856
00010 279665418
00010 280037716
00010 280921188
00010 281181082
00010 282107858
00010 282768450
00010 285392350
00010 285835108
00010 290080728
00010 291999588
00010 294180914
00010 294606496
00010 295494304
00010 296695646
00010 297649780
00010 299473790
00010 301589924
00010 301600880
00010 303406036
00010 303714638
00010 305648040
00010 305743382
00010 306367510
00010 309861528
00010 311717770
00010 314773676
00010 316128210
00010 316211156
00010 318993744
00010 324433804
00010 325790106
00010 327466508
00010 339863794
00010 340664028
00010 340758216
00010 345575772
00010 346405332
00010 350702146
00010 354320358
00010 357246750
00010 359739218
00010 361291216
00010 364952348
00010 367473932
00010 368159736
00010 369421970
00010 370331872
00010 373860832
00010 375166518
00010 376518914
00010 378374414
00010 381416210
00010 381638264
00010 382524970
00010 383506930
00010 383558922
00010 383588214
00010 383654562
00010 389823526
00010 390541646
00010 393222370
00010 399500586
00010 401468784
00010 401494586
00010 405722722
00010 412631534
00010 414178196
00010 414733238
00010 418861882
00010 420290892
00010 420785332
00010 420840398
00010 420843558
00010 421437412
00010 423867604
00010 424544878
00010 425403708
00010 429700034
00010 430137620
00010 432404084
00010 433359996
00010 439905936
00010 447432116
00010 447736446
00010 449999282
00010 453867718
00010 455226826
00010 458234428
00010 458888060
00010 460222116
00010 460635170
00010 460760384
00010 466107894
00010 466874406
00010 467139468
00010 469131872
00010 469687336
00010 473559116
00010 473878210
00010 474652678
00010 475965122
00010 478218056
00010 478286726
00010 481069998
00010 482913380
00010 482919654
00010 487000500
00010 487996520
00010 488228148
00010 488231942
00010 488640706
00010 491533632
00010 491951706
00010 492049498
00010 492297236
00010 493565092
00010 494423466
00010 494774790
00010 495610098
00010 496103384
00010 497096392
00010 497464916
00010 498239564
00010 498432246
00010 498674932
00010 499078020
00010 500658776
00010 500956740
00010 502539000
00010 504578990
00010 511269154
00010 513477834
00010 515778920
00010 522055954
00010 524690494
00010 525273614
00010 525428248
00010 531647198
00010 532264676
00010 534516980
00010 535268646
00010 535388000
00010 536929226
00010 539457922
00010 540063508
00010 542491556
00010 542650332
00010 542724844
00010 543282714
00010 546069612
00010 548199590
00010 548990226
00010 551911938
00010 554890826
00010 557113114
00010 557461282
00010 558350930
00010 559219094
00010 559652550
00010 561109296
00010 565819452
00010 567415310
00010 567929154
00010 568318124
00010 570869208
00010 572298298
00010 572445834
00010 575722100
00010 575822300
00010 580022046
00010 583982034
00010 586654542
00010 587603764
00010 595423496
00010 596488922
00010 596825252
00010 599431658
00010 601707318
00010 602329540
00010 602382820
00010 605190058
00010 605333808
00010 606783200
00010 607273692
00010 607279444
00010 610945756
00010 614442762
00010 617447876
00010 618222172
00010 619574696
00010 621400618
00010 621703410
00010 622454300
00010 622594896
00010 624778920
00010 625338004
00010 629768560
00010 630304618
00010 632826396
00010 634716660
00010 635053328
00010 636483424
00010 637776552
00010 638366196
00010 640731202
00010 644784468
00010 645723658
00010 648134080
00010 650908132
00010 650949270
00010 657205776
00010 659063554
00010 660435844
00010 667922276
00010 673117054
00010 677549972
00010 679231944
00010 682354886
00010 684855678
00010 690511478
00010 695983554
00010 698865824
00010 707452070
00010 718611590
00010 719583892
00010 719806806
00010 722747266
00010 723190620
00010 725371436
00010 725424022
00010 726530080
00010 726556550
00010 734784770
00010 736422278
00010 738094514
00010 739640822
00010 741575822
00010 745052782
00010 745285550
00010 748063354
00010 754267548
00010 756570644
00010 762546084
00010 764089210
00010 768639156
00010 770136892
00010 773400824
00010 775286740
00010 777932990
00010 779366472
00010 784530526
00010 785427750
00010 786006640
00010 787469508
00010 790548128
00010 790956204
00010 791207916
00010 795888248
00010 798012694
00010 800664862
00010 801097310
00010 801104814
00010 802292084
00010 812364892
00010 813857758
00010 826319522
00010 834282742
00010 834375576
00010 834607370
00010 836888898
00010 837806168
00010 837955148
00010 838634968
00010 843107514
00010 843110738
00010 843913462
00010 846033094
00010 846415432
00010 848694372
00010 849703496
00010 850163358
00010 852831122
00010 853465858
00010 853651844
00010 853664406
00010 854516676
00010 855762114
00010 859374952
00010 859642580
00010 861698868
00010 863573874
00010 866307726
00010 870093298
00010 870992272
00010 871222948
00010 871285098
00010 872170652
00010 872432002
00010 877562198
00010 879810708
00010 884610822
00010 886922448
00010 888489046
00010 891739618
00010 893417178
00010 897611718
00010 897925996
00010 902534072
00010 903810068
00010 903811024
00010 904945840
00010 906632718
00010 908989816
00010 909632754
00010 910897718
00010 911446762
00010 911480508
00010 913660588
00010 914019108
00010 917022814
00010 918311852
00010 921093050
00010 925627930
00010 929247654
00010 929369776
00010 936813778
00010 944009940
00010 944145174
00010 944284668
00010 944899462
00010 944908910
00010 945902204
00010 951343002
00010 959473754
00010 960617000
00010 960625096
00010 960874096
00010 962596594
00010 965544316
00010 967380154
00010 969373672
00010 970065692
00010 971317210
00010 974715020
00010 985264044
00010 986037274
00010 988638564
00010 992474560
00010 997773820
00010 997794780
00010 998558466
00010 999056586
00010 2957598
00010 10129270
00010 10238566
00010 11498926
00010 11588056
00010 14745850
00010 16142330
00010 20572870
00010 20753506
00010 22217394
00010 24874672
00010 25757564
00010 26373414
00010 28831208
00010 32522126
00010 35233212
00010 35732348
00010 35743468
00010 36464500
00010 36634818
00010 38723138
00010 45553042
00010 46663420
00010 49739378
00010 51034332
00010 54602366
00010 55351648
00010 57503972
00010 58885776
00010 62630218
00010 65945098
00010 66050068
00010 66390852
00010 67486182
00010 69474054
00010 71472952
00010 75799922
00010 76579880
00010 77458746
00010 81864806
00010 82658694
00010 82921930
00010 90875166
00010 94342400
00010 98135388
00010 98850760
00010 99851032
00010 100599788
00010 103757374
00010 107144660
00010 108386134
00010 108407374
00010 115492598
00010 115713312
00010 117736050
00010 118780514
00010 120620590
00010 122275022
00010 127240046
00010 127522800
00010 128095802
00010 133049970
00010 133556784
00010 135468738
00010 138344512
00010 138733306
00010 139369514
00010 139658396
00010 140916848
00010 145614246
00010 149142046
00010 150040960
00010 154149640
00010 158099212
00010 158436084
00010 158838204
00010 160708320
00010 161039270
00010 162956198
00010 166208650
00010 170550656
00010 174572674
00010 175307232
00010 176079050
00010 177474278
00010 178243424
00010 178709614
00010 180011878
00010 181974616
00010 189549188
00010 191292124
00010 196994842
00010 197339140
00010 197690548
00010 197691648
00010 198311160
00010 202803560
00010 204697166
00010 204733682
00010 205995326
00010 208305150
00010 208426554
00010 209311160
00010 209405424
00010 212348344
00010 213909870
00010 216724310
00010 217623646
00010 217667770
00010 217681392
00010 219120304
00010 220006496
00010 221282942
00010 224848084
00010 229110562
00010 229801926
00010 235288220
00010 236634068
00010 236976836
00010 238563658
00010 241755854
00010 243998972
00010 244046920
00010 246400682
00010 247644550
00010 257569524
00010 262792354
00010 264144962
00010 264446518
00010 277535680
00010 280903170
00010 281149480
00010 281500028
00010 281902126
00010 282134662
00010 282206864
00010 283989962
00010 287894468
00010 288921164
00010 290315076
00010 291890360
00010 292497566
00010 293604698
00010 294579076
00010 299605430
00010 305252100
00010 307361916
00010 307642484
00010 310095304
00010 313227612
00010 315797886
00010 318572612
00010 319576136
00010 320125710
00010 320127898
00010 320358202
00010 322109188
00010 322125720
00010 328291924
00010 329413008
00010 332049360
00010 333977186
00010 335504286
00010 336334826
00010 336529110
00010 339286760
00010 340212798
00010 342734080
00010 343456842
00010 348380958
00010 351093478
00010 351997682
00010 352705678
00010 353226318
00010 353712536
00010 354026152
00010 354368320
00010 356624608
00010 358192848
00010 362253202
00010 362467904
00010 365919640
00010 368806520
00010 370651776
00010 381331622
00010 381609098
00010 383398998
00010 385633914
00010 387978194
00010 388495478
00010 389869152
00010 390616420
00010 391417490
00010 392059356
00010 392366258
00010 392930344
00010 393168532
00010 395775616
00010 397163554
00010 399223046
00010 402526022
00010 403800060
00010 404681954
00010 404692050
00010 407415026
00010 407736990
00010 407774536
00010 407794648
00010 408267298
00010 409054580
00010 409397918
00010 412090820
00010 412668702
00010 414324594
00010 420846490
00010 421751438
00010 421802696
00010 421846246
00010 426273260
00010 431712858
00010 431874754
00010 434121274
00010 435148386
00010 435578508
00010 438469568
00010 439083430
00010 441809340
00010 442924080
00010 444042514
00010 444369222
00010 445275702
00010 446322368
00010 449103508
00010 449741338
00010 458298952
00010 458740742
00010 460632496
00010 465131536
00010 466843074
00010 466881432
00010 473808052
00010 473908556
00010 476844638
00010 478141214
00010 480325424
00010 481538512
00010 482642270
00010 484311652
00010 485185342
00010 485999922
00010 486525990
00010 487200862
00010 489583524
00010 491347130
00010 491591258
00010 492738996
00010 492776600
00010 492816332
00010 497580318
00010 498578190
00010 501190294
00010 502517752
00010 503081742
00010 503839164
00010 507908594
00010 513468676
00010 513687112
00010 518430788
00010 521020494
00010 521822150
00010 522405372
00010 526685822
00010 533933146
00010 534389864
00010 534830434
00010 535298714
00010 536812186
00010 536931846
00010 537139014
00010 537624352
00010 537672962
00010 538771316
00010 538832206
00010 542794750
00010 544974426
00010 548028480
00010 553944670
00010 554160714
00010 554350658
00010 554582832
00010 554624400
00010 554809236
00010 558599976
00010 561237422
00010 566471408
00010 570925582
00010 572743968
00010 573752638
00010 575775840
00010 578829400
00010 585533026
00010 587565590
00010 588084292
00010 589763974
00010 590290442
00010 595052442
00010 597101834
00010 597868402
00010 607960144
00010 608174078
00010 612387086
00010 612463590
00010 620638172
00010 621300726
00010 627012476
00010 631649728
00010 632976660
00010 634164422
00010 635639528
00010 639644208
00010 642485674
00010 643055224
00010 650259878
00010 650280888
00010 651847620
00010 652542964
00010 654605376
00010 655595572
00010 657584280
00010 658592856
00010 659331686
00010 662123386
00010 663228176
00010 668794556
00010 672384660
00010 676295390
00010 676966160
00010 678231966
00010 678511642
00010 678514108
00010 678959428
00010 680657490
00010 681705704
00010 688303426
00010 695278804
00010 697222458
00010 699452410
00010 699786244
00010 700563486
00010 702506182
00010 703691120
00010 703835132
00010 705078906
00010 707336636
00010 710588996
00010 714385330
00010 715409998
00010 719081204
00010 719335258
00010 721407162
00010 721556340
00010 722888508
00010 724273570
00010 725434742
00010 725908072
00010 732527582
00010 734443278
00010 735294490
00010 739616860
00010 741820920
00010 742524702
00010 743058228
00010 743279420
00010 745261606
00010 746949216
00010 747924004
00010 750560600
00010 750825088
00010 752649920
00010 757132872
00010 758618498
00010 762990478
00010 763402402
00010 766983450
00010 769278998
00010 769493074
00010 770176360
00010 770202686
00010 771314090
00010 771713346
00010 778506530
00010 778922642
00010 779827168
00010 779912738
00010 781308376
00010 784523704
00010 785903656
00010 787524212
00010 789443114
00010 789908644
00010 790048674
00010 790683384
00010 791101108
00010 792825928
00010 794328526
00010 795025104
00010 795836842
00010 801580972
00010 801976580
00010 802789254
00010 804596822
00010 806489946
00010 808585846
00010 816071928
00010 816092000
00010 817035888
00010 817220694
00010 820206120
00010 821946494
00010 824391718
00010 833184904
00010 835457050
00010 836612396
00010 837998128
00010 838737886
00010 844284384
00010 848306622
00010 849221538
00010 853220518
00010 856568504
00010 857797182
00010 863828446
00010 866877462
00010 868981674
00010 870348056
00010 870962894
00010 871596138
00010 872468754
00010 874363254
00010 875536066
00010 876595836
00010 876893996
00010 882924580
00010 884401818
00010 885717830
00010 886251834
00010 891359244
00010 891931824
00010 895864204
00010 897754898
00010 900165346
00010 900683830
00010 901171944
00010 901573568
00010 902306412
00010 903005016
00010 903374768
00010 903558906
00010 907022414
00010 907222462
00010 908996374
00010 909399176
00010 913681256
00010 916171300
00010 917054188
00010 917638912
00010 917730612
00010 919073254
00010 922288702
00010 922486578
00010 922500560
00010 931134926
00010 931748752
00010 932582368
00010 932913976
00010 933688680
00010 933729394
00010 938505322
00010 939436736
00010 941988610
00010 942028528
00010 942605972
00010 948978852
00010 956614148
00010 956649306
00010 959281748
00010 962098382
00010 964003332
00010 964596706
00010 965056964
00010 967261762
00010 968604614
00010 974971738
00010 975133994
00010 978747092
00010 978925574
00010 982873210
00010 983510748
00010 985650040
00010 986968754
00010 989982560
00010 991177036
00010 993922098
00010 995767906
00010 995863562
00010 998307034
00010 999629536
00010 3426090
00010 6158414
00010 7185714
00010 8570930
00010 13689542
00010 16084914
00010 16208176
00010 17874340
00010 22028020
00010 24348754
00010 25679660
00010 26330600
00010 26896214
00010 27034010
00010 28794126
00010 30838150
00010 31347012
00010 34453452
00010 38869140
00010 41066860
00010 42836248
00010 43121388
00010 45470226
00010 47219914
00010 47601742
00010 47847354
00010 48862742
00010 49028680
00010 49410136
00010 50656778
00010 51090008
00010 53139940
00010 56787036
00010 57598000
00010 58405722
00010 60097594
00010 63802104
00010 64779602
00010 64938050
00010 68341550
00010 69701388
00010 75818218
00010 76721914
00010 80376734
00010 81555224
00010 82728794
00010 82777148
00010 84612180
00010 89360154
00010 90760190
00010 92964828
00010 92982438
00010 95185140
00010 96933800
00010 97791378
00010 102732428
00010 103653236
00010 107715804
00010 109602382
00010 109685658
00010 113611948
00010 116245478
00010 117530418
00010 118330860
00010 119410530
00010 120203528
00010 126545072
00010 126758622
00010 128028920
00010 130189260
00010 132267592
00010 132789316
00010 134263678
00010 137873708
00010 138531988
00010 139310236
00010 141086118
00010 142360010
00010 144301038
00010 144631640
00010 146792880
00010 151021524
00010 151645516
00010 153027312
00010 154398160
00010 154969506
00010 157275222
00010 157856830
00010 160980432
00010 162483128
00010 162768864
00010 174671324
00010 178336526
00010 181764020
00010 182831200
00010 183293718
00010 184272904
00010 188374934
00010 190423924
00010 190836050
00010 192610700
00010 196819444
00010 198214396
00010 199533546
00010 199753156
00010 205714776
00010 206358674
00010 207804094
00010 208555056
00010 209177762
00010 209859490
00010 210207844
00010 210444782
00010 212789328
00010 213562248
00010 214147258
00010 214554464
00010 221183756
00010 222059392
00010 224037288
00010 227932412
00010 231142244
00010 232561122
00010 234926110
00010 235781032
00010 236573594
00010 237750602
00010 238777834
00010 239757386
00010 244391714
00010 244693512
00010 251126826
00010 253637000
00010 254413622
00010 254991696
00010 257329508
00010 257771494
00010 257836458
00010 259169736
00010 268021678
00010 268344736
00010 269448782
00010 270598704
00010 270745022
00010 273270240
00010 275063096
00010 275367958
00010 279115594
00010 284506056
00010 287117736
00010 287231916
00010 287373830
00010 290573344
00010 291373382
00010 293161156
00010 297735712
00010 300697218
00010 304200950
00010 308392766
00010 315287072
00010 315771838
00010 316598936
00010 318455444
00010 324040974
00010 324973098
00010 327562104
00010 331762004
00010 333137154
00010 333984340
00010 334531442
00010 335674692
00010 339219872
00010 339744276
00010 340392740
00010 340925562
00010 341958132
00010 343765322
00010 344127818
00010 344206028
00010 345917372
00010 346563482
00010 348284672
00010 351553810
00010 352829180
00010 358799926
00010 359436796
00010 359840080
00010 363048926
00010 363098462
00010 363326158
00010 364393188
00010 364690740
00010 365413478
00010 367071242
00010 370925620
00010 372048908
00010 372415354
00010 372588792
00010 374484014
00010 383120484
00010 386601840
00010 388625488
00010 390215192
00010 390263404
00010 390769922
00010 392122764
00010 396574470
00010 399400850
00010 400027842
00010 400844936
00010 401007816
00010 403180336
00010 404913142
00010 405705638
00010 406012894
00010 406381950
00010 407289230
00010 407290676
00010 407897904
00010 407914230
00010 409585794
00010 413199510
00010 417606918
00010 418155078
00010 418720478
00010 419978570
00010 422251752
00010 425173226
00010 425366634
00010 425865380
00010 427303506
00010 428105744
00010 430787730
00010 431863516
00010 433953412
00010 434135268
00010 434668866
00010 437391704
00010 437869948
00010 441997320
00010 442543474
00010 443431346
00010 445835494
00010 448261448
00010 448266532
00010 448737282
00010 454454006
00010 455181910
00010 455501204
00010 455502422
00010 458512512
00010 458614656
00010 458934754
00010 460660492
00010 462748350
00010 467083688
00010 467888152
00010 468916412
00010 469523044
00010 474957800
00010 475381156
00010 475383552
00010 477095014
00010 478841502
00010 481315150
00010 482589108
00010 482847400
00010 485648874
00010 489283074
00010 489792012
00010 493235286
00010 493307432
00010 494924030
00010 496261232
00010 497685104
00010 498189260
00010 504416256
00010 504740200
00010 504853230
00010 505434460
00010 506709456
00010 511166360
00010 511669696
00010 514503426
00010 515067022
00010 515234556
00010 515775666
00010 517204552
00010 517276728
00010 526605498
00010 528012034
00010 529801012
00010 530777958
00010 531432062
00010 532697960
00010 534923064
00010 536377738
00010 540894860
00010 541901018
00010 546082464
00010 546151136
00010 546162410
00010 546900062
00010 550081408
00010 551061704
00010 551712838
00010 553447834
00010 554077314
00010 554656658
00010 555406602
00010 555974544
00010 560788354
00010 564436646
00010 567513276
00010 570560344
00010 570848224
00010 571644472
00010 571753606
00010 574686082
00010 576055890
00010 576210576
00010 576571022
00010 577265376
00010 579594314
00010 583172140
00010 584200706
00010 585598852
00010 588620436
00010 589604554
00010 590762656
00010 591058676
00010 591105430
00010 591327174
00010 592821062
00010 593697178
00010 596223936
00010 599958598
00010 600016994
00010 603213538
00010 605649104
00010 606472682
00010 606914456
00010 607950932
00010 608960138
00010 609100868
00010 610386612
00010 612096608
00010 612575792
00010 612812208
00010 613533068
00010 620617828
00010 621485126
00010 621879718
00010 624169970
00010 625835222
00010 627033342
00010 627515824
00010 631515830
00010 632754968
00010 633801420
00010 634754426
00010 636000076
00010 636231320
00010 637584628
00010 637708718
00010 642273702
00010 646671908
00010 647777248
00010 648150262
00010 648496036
00010 649797596
00010 650114092
00010 650381834
00010 650444056
00010 653195060
00010 653299614
00010 653973944
00010 656894916
00010 658495406
00010 661014202
00010 662504114
00010 664392800
00010 664702556
00010 667519558
00010 668144098
00010 670268566
00010 671872796
00010 671896380
00010 671922246
00010 672215994
00010 674795486
00010 677579656
00010 677858598
00010 678659636
00010 678717908
00010 678951860
00010 683509524
00010 688434060
00010 692093286
00010 693516938
00010 694341090
00010 694929286
00010 695247054
00010 695329618
00010 698435246
00010 704492380
00010 706574838
00010 706891650
00010 708128486
00010 711744504
00010 712952372
00010 716253822
00010 719919056
00010 724244994
00010 725657188
00010 727594870
00010 727608098
00010 729168592
00010 733938538
00010 734947550
00010 735648872
00010 742115810
00010 742745080
00010 743218212
00010 744124454
00010 759455114
00010 760222754
00010 760289504
00010 761777056
00010 765708398
00010 770621248
00010 773068536
00010 774668840
00010 775178246
00010 775409170
00010 775501566
00010 775918818
00010 777486540
00010 777487978
00010 779441926
00010 780822402
00010 782148594
00010 782375744
00010 784500498
00010 788761912
00010 791713432
00010 791898294
00010 792649988
00010 799741910
00010 802866692
00010 804261446
00010 804267610
00010 806121644
00010 806344870
00010 808013298
00010 809612080
00010 809824268
00010 810524178
00010 811026190
00010 812879714
00010 813597592
00010 813950528
00010 815493338
00010 818304606
00010 819839082
00010 820658720
00010 821057882
00010 821987454
00010 827274524
00010 827361968
00010 831771788
00010 832123272
00010 832519186
00010 833374022
00010 835592956
00010 839581356
00010 840187804
00010 840247154
00010 840898962
00010 841914840
00010 843243622
00010 844071414
00010 844774392
00010 852367008
00010 857121732
00010 857483996
00010 858004784
00010 866228280
00010 867079810
00010 867917232
00010 871715626
00010 878161124
00010 885346512
00010 889813774
00010 892550464
00010 895037774
00010 898020372
00010 898093230
00010 899325556
00010 900003760
00010 902742012
00010 904248664
00010 907281406
00010 907593156
00010 911602312
00010 913094816
00010 914051010
00010 916743442
00010 918169684
00010 918538430
00010 919754448
00010 920455060
00010 922642076
00010 925504356
00010 928718684
00010 930966656
00010 931755020
00010 932171992
00010 933046156
00010 934164080
00010 935194634
00010 936266954
00010 936446222
00010 938917126
00010 940921760
00010 943806636
00010 943954886
00010 951719440
00010 955374532
00010 955436998
00010 956900528
00010 958543708
00010 958569382
00010 960333974
00010 964832890
00010 965689810
00010 968691108
00010 969828608
00010 971472178
00010 973663614
00010 974524912
00010 975782306
00010 976659236
00010 983396728
00010 984394306
00010 984802020
00010 985996776
00010 986879498
00010 989065222
00010 989209698
00010 995409382
00010 996882042
00010 4960774
00010 5725150
00010 6040870
00010 9765852
00010 10095184
00010 15478988
00010 16578354
00010 17431312
00010 17484260
00010 19477088
00010 25645854
00010 26713596
00010 28140466
00010 30047174
00010 33734728
00010 35394218
00010 35572932
00010 37067128
00010 37757074
00010 42862282
00010 42934422
00010 43110482
00010 44991344
00010 47321028
00010 47971246
00010 49601098
00010 51253556
00010 51791262
00010 57164308
00010 57298648
00010 57750636
00010 57867610
00010 58904714
00010 59250614
00010 62377622
00010 64267378
00010 64594246
00010 65664420
00010 67406028
00010 73739816
00010 77815650
00010 77909952
00010 79188844
00010 83841406
00010 84834242
00010 85520292
00010 85905338
00010 88266366
00010 90144168
00010 92454046
00010 97944052
00010 100850230
00010 104130206
00010 105629266
00010 114208892
00010 114718670
00010 114773450
00010 114785056
00010 120852794
00010 127370206
00010 132504370
00010 133398884
00010 133895272
00010 135666416
00010 138858014
00010 139928690
00010 145753990
00010 149041220
00010 149505304
00010 153452138
00010 153540548
00010 155197402
00010 155235494
00010 157813668
00010 158111144
00010 159265704
00010 164790314
00010 164981180
00010 165127794
00010 167352038
00010 167373712
00010 171080140
00010 173900288
00010 175523006
00010 176283904
00010 179138416
00010 180486184
00010 184832742
00010 184924228
00010 188394448
00010 193771370
00010 197288694
00010 198340288
00010 198347374
00010 200589968
00010 201699716
00010 203998064
00010 205576392
00010 207886596
00010 208087062
00010 208493140
00010 210923004
00010 212646402
00010 215083344
00010 218139548
00010 221217192
00010 229501136
00010 229583696
00010 229666684
00010 236562444
00010 239643748
00010 252536228
00010 253164308
00010 255618068
00010 262097272
00010 262794386
00010 264422160
00010 265232916
00010 266500928
00010 267056880
00010 267639870
00010 268495222
00010 273225146
00010 275012010
00010 278418770
00010 285619022
00010 290818352
00010 296189384
00010 296432160
00010 300415258
00010 301220182
00010 303498128
00010 303883028
00010 306847236
00010 307505492
00010 309303366
00010 309740908
00010 310815022
00010 312517410
00010 313424470
00010 313530946
00010 314111322
00010 317779474
00010 319754736
00010 322353050
00010 322744682
00010 326771696
00010 330870076
00010 333276448
00010 335243098
00010 340460902
00010 342473404
00010 344083154
00010 344124508
00010 344125558
00010 346022634
00010 348632146
00010 350841064
00010 353313272
00010 361329942
00010 362598038
00010 362901984
00010 363573906
00010 367528696
00010 367591730
00010 368073542
00010 369531984
00010 371702948
00010 373017234
00010 376131476
00010 379476860
00010 383247030
00010 384594790
00010 388793684
00010 388902602
00010 390577088
00010 390616538
00010 397047768
00010 398663492
00010 402534362
00010 402640750
00010 403244860
00010 407817808
00010 409042544
00010 411414576
00010 412241740
00010 414963872
00010 424256746
00010 425106894
00010 425627778
00010 428459410
00010 428467768
00010 430060200
00010 436677862
00010 440295278
00010 440463348
00010 442826722
00010 442934474
00010 443231970
00010 443556964
00010 443883086
00010 443932806
00010 445208564
00010 447097100
00010 448661584
00010 451361538
00010 454416978
00010 455896148
00010 458236476
00010 462595608
00010 462784384
00010 467479888
00010 471377292
00010 471726562
00010 473453138
00010 474309156
00010 475121082
00010 478072728
00010 480198140
00010 482749832
00010 483139916
00010 483664330
00010 485890810
00010 486797154
00010 487514146
00010 489257186
00010 491111300
00010 493601012
00010 494652760
00010 499530826
00010 502648970
00010 509394948
00010 509612496
00010 510801146
00010 514201644
00010 515102572
00010 518647504
00010 519103200
00010 524183976
00010 526068988
00010 535077356
00010 537237706
00010 537366120
00010 537379158
00010 546399154
00010 549405094
00010 551052324
00010 551337544
00010 552251674
00010 552732662
00010 553102338
00010 556829290
00010 558213544
00010 559668570
00010 562872604
00010 563123762
00010 563941782
00010 564106948
00010 565405106
00010 569336390
00010 571738910
00010 575683008
00010 576203088
00010 576709984
00010 577907414
00010 577963790
00010 578254936
00010 579913758
00010 580233318
00010 581926242
00010 582192298
00010 584166402
00010 584592900
00010 585771256
00010 587070996
00010 587092162
00010 587104974
00010 589204696
00010 590490656
00010 596704170
00010 597970746
00010 607604710
00010 608262312
00010 609076026
00010 609807640
00010 609916338
00010 613073318
00010 617693426
00010 618107830
00010 618170198
00010 618350606
00010 618998064
00010 619590200
00010 620321176
00010 621983300
00010 624175266
00010 625269254
00010 626024770
00010 628447172
00010 629649876
00010 630621502
00010 634381848
00010 635969688
00010 642769022
00010 642871034
00010 645846758
00010 646235608
00010 650050578
00010 650393950
00010 650668180
00010 656346186
00010 659408230
00010 660008300
00010 667886586
00010 668879500
00010 673241750
00010 673252278
00010 679214302
00010 682533366
00010 684582688
00010 685334252
00010 686524410
00010 691274040
00010 691672116
00010 692898580
00010 693585498
00010 696719018
00010 696858776
00010 698470582
00010 700567076
00010 703839698
00010 704469214
00010 707139046
00010 709518874
00010 710650136
00010 710751986
00010 712789230
00010 718551506
00010 719728178
00010 723435806
00010 732913606
00010 736274560
00010 738157320
00010 740229002
00010 740393296
00010 740728882
00010 740791902
00010 746036092
00010 748049146
00010 749331104
00010 755494728
00010 762428516
00010 762512874
00010 764713760
00010 766158598
00010 768043848
00010 768250346
00010 768415996
00010 769179828
00010 769844812
00010 772933736
00010 773959722
00010 776364734
00010 777262238
00010 777995510
00010 779641588
00010 780229664
00010 780874770
00010 780921058
00010 781573356
00010 783138410
00010 786558696
00010 792899412
00010 795106346
00010 796299332
00010 799991548
00010 802671192
00010 808725350
00010 808934774
00010 809177082
00010 811413886
00010 813595406
00010 815328990
00010 819191720
00010 822316322
00010 822469718
00010 824423056
00010 829107344
00010 831248178
00010 833537116
00010 834425244
00010 834563514
00010 834748142
00010 834750466
00010 837364514
00010 840895158
00010 845394310
00010 847843764
00010 851121380
00010 855434132
00010 855792682
00010 858813926
00010 862412606
00010 862640318
00010 870051406
00010 870233892
00010 873692106
00010 877378592
00010 878415304
00010 879838304
00010 879933638
00010 883840422
00010 884067732
00010 884258990
00010 888174618
00010 890515274
00010 893370460
00010 896191510
00010 898621992
00010 900192584
00010 905616274
00010 905991280
00010 908730846
00010 913001634
00010 913598134
00010 914564868
00010 914772152
00010 914798884
00010 916151054
00010 917347648
00010 917985674
00010 918600622
00010 918868346
00010 925726530
00010 925897122
00010 927191116
00010 928802098
00010 928894800
00010 929134626
00010 929718320
00010 929900904
00010 930195334
00010 932292420
00010 932295488
00010 938145636
00010 939413080
00010 939982642
00010 939993600
00010 944802672
00010 945466628
00010 946369064
00010 946740970
00010 951089034
00010 951722258
00010 951896678
00010 953343226
00010 954382700
00010 954464218
00010 956831854
00010 961441964
00010 964778586
00010 965251374
00010 965641492
00010 966641924
00010 968115192
00010 972325490
00010 972492066
00010 974784900
00010 976750048
00010 978409136
00010 979596588
00010 984990662
00010 988581260
00010 989107688
00010 991118808
00010 992154368
00010 996894156
00010 996911122
00010 999619878
00010 999813192
