00010 3316406
00010 6850586
00010 9106796
00010 11294670
00010 11380736
00010 12405006
00010 21691364
00010 24693062
00010 26651420
00010 30726140
00010 32929082
00010 35614486
00010 35719658
00010 36743084
00010 38753290
00010 39729832
00010 45297512
00010 48425292
00010 48468536
00010 48469866
00010 48597904
00010 52270820
00010 54473926
00010 55412786
00010 58239266
00010 58243268
00010 59217296
00010 64321112
00010 68826698
00010 69350164
00010 71827388
00010 76668800
00010 77809516
00010 78372580
00010 80629420
00010 80935174
00010 84041314
00010 84547430
00010 85448578
00010 87921170
00010 90006166
00010 90206534
00010 96405504
00010 104197696
00010 104237904
00010 104958016
00010 106559434
00010 106744224
00010 107049802
00010 117994192
00010 120911084
00010 124243660
00010 124514904
00010 125802744
00010 126287294
00010 132567610
00010 134708912
00010 135374780
00010 141961190
00010 146113372
00010 146119366
00010 148932368
00010 151133744
00010 153742298
00010 158312232
00010 161596066
00010 167193064
00010 167426990
00010 168777158
00010 169971494
00010 170822046
00010 172904180
00010 173087816
00010 173916016
00010 175120076
00010 175511514
00010 180401538
00010 180915200
00010 182630176
00010 185171488
00010 187555830
00010 188461938
00010 191820608
00010 192988768
00010 198377952
00010 208174078
00010 213814394
00010 216634620
00010 221802490
00010 223593434
00010 223669808
00010 224553686
00010 225345926
00010 225434080
00010 227304658
00010 227454880
00010 228584126
00010 228832722
00010 229293964
00010 229415728
00010 231207384
00010 232096038
00010 235338106
00010 235391924
00010 235521192
00010 238476622
00010 243596942
00010 246588224
00010 247179986
00010 251180288
00010 254301166
00010 254766302
00010 261402190
00010 263546410
00010 264856386
00010 265052746
00010 266723634
00010 274399594
00010 277131988
00010 279323600
00010 284347624
00010 284594684
00010 287461310
00010 288477636
00010 288684242
00010 291076062
00010 291965976
00010 296992822
00010 301855740
00010 306016194
00010 312019314
00010 312541562
00010 316771850
00010 318287402
00010 320488560
00010 321685914
00010 322842906
00010 325901106
00010 327134378
00010 327202358
00010 327215818
00010 330578912
00010 336217110
00010 338065156
00010 340680716
00010 340692530
00010 340694574
00010 341412158
00010 344058344
00010 345092046
00010 348142328
00010 351952086
00010 356504744
00010 356992402
00010 360274100
00010 364860100
00010 365639090
00010 365957886
00010 367322594
00010 371328430
00010 372952436
00010 375520224
00010 384072306
00010 390653358
00010 391335554
00010 392674604
00010 393535538
00010 393566518
00010 394175244
00010 397367858
00010 403198960
00010 409621238
00010 412794452
00010 413945052
00010 418703372
00010 421979458
00010 423849678
00010 425307474
00010 426528944
00010 427166520
00010 429489576
00010 429882710
00010 433224922
00010 434130090
00010 436432564
00010 438553676
00010 439672612
00010 440488020
00010 440688808
00010 440818858
00010 444131360
00010 446567570
00010 447099072
00010 448789122
00010 451807998
00010 455887788
00010 456497706
00010 456950394
00010 457786520
00010 465521672
00010 466747312
00010 468276820
00010 468280098
00010 471236308
00010 472453274
00010 475118756
00010 476859596
00010 478940392
00010 481612218
00010 484982236
00010 485517708
00010 485628214
00010 490964860
00010 497031522
00010 502108410
00010 504234144
00010 505352410
00010 508883698
00010 509087126
00010 509363962
00010 513528612
00010 514462182
00010 514518584
00010 517148404
00010 519048732
00010 522652826
00010 526317950
00010 526319984
00010 528271164
00010 537734342
00010 538354398
00010 538428814
00010 541504670
00010 541796802
00010 544277726
00010 549057546
00010 549928880
00010 554219742
00010 556724650
00010 560444300
00010 562234500
00010 568725600
00010 568901528
00010 571963504
00010 572909128
00010 573364406
00010 573596208
00010 573996548
00010 575259650
00010 587691596
00010 592903442
00010 593732422
00010 594454436
00010 596760832
00010 597300862
00010 603352758
00010 603638038
00010 612209834
00010 614225810
00010 617342230
00010 624798790
00010 630330926
00010 630630108
00010 631216162
00010 635961502
00010 636255304
00010 638799750
00010 640113490
00010 641965224
00010 642205442
00010 644300528
00010 645709514
00010 646393294
00010 646439012
00010 648556810
00010 650262552
00010 651152604
00010 651364444
00010 653344704
00010 654304852
00010 655338290
00010 656202172
00010 659280272
00010 660682352
00010 663707086
00010 663764130
00010 664417820
00010 665630614
00010 668629674
00010 677693320
00010 678959578
00010 680252214
00010 680420046
00010 689005202
00010 690431178
00010 694212830
00010 694454214
00010 696674742
00010 697208370
00010 697496208
00010 698607866
00010 701782866
00010 708506702
00010 708716034
00010 709150656
00010 710169682
00010 711929520
00010 713295414
00010 720434590
00010 724328826
00010 724624172
00010 726670098
00010 728741124
00010 729209504
00010 732542268
00010 733559498
00010 733793004
00010 735407054
00010 749416704
00010 752388658
00010 752669906
00010 753407972
00010 754795144
00010 757575630
00010 759470000
00010 768408850
00010 768562108
00010 768752904
00010 769719466
00010 773962106
00010 774321072
00010 776049200
00010 777216574
00010 780932296
00010 781048986
00010 782126722
00010 782131148
00010 783318628
00010 786035992
00010 786804910
00010 787380790
00010 789585322
00010 790826484
00010 793943380
00010 795992276
00010 799606166
00010 800239714
00010 800685454
00010 802164376
00010 807098412
00010 808685286
00010 813753814
00010 813948592
00010 818595844
00010 821989544
00010 824260514
00010 827609738
00010 831081560
00010 831855110
00010 836826304
00010 837533216
00010 838100000
00010 841859854
00010 843246146
00010 843277922
00010 851862774
00010 852185886
00010 856402578
00010 860197504
00010 860910884
00010 861266370
00010 862417386
00010 864700120
00010 864822302
00010 865604452
00010 865878328
00010 866496044
00010 869253436
00010 869275000
00010 871407706
00010 871789950
00010 871838006
00010 873523598
00010 875896478
00010 880110834
00010 880695748
00010 880853386
00010 882745592
00010 883497206
00010 888361504
00010 891317462
00010 894324788
00010 895023368
00010 902272618
00010 902617970
00010 902994040
00010 903134344
00010 906249570
00010 908158016
00010 909904682
00010 911756042
00010 912507294
00010 912529346
00010 929441430
00010 932741406
00010 933531080
00010 935372868
00010 939089406
00010 942101390
00010 948398076
00010 956130588
00010 963391224
00010 963903908
00010 965824598
00010 966798232
00010 968268536
00010 968869622
00010 969801842
00010 971034156
00010 972262528
00010 973274458
00010 974049996
00010 974768394
00010 979907636
00010 979963318
00010 980742204
00010 981435510
00010 981635962
00010 981890232
00010 989104244
00010 990807098
00010 997697558
00010 997808460
00010 999883664
00010 1000507392
00010 3729724
00010 6455580
00010 8261028
00010 12599898
00010 13785348
00010 15273902
00010 15846974
00010 18633048
00010 19301698
00010 23140084
00010 23694960
00010 26420432
00010 28934992
00010 31128380
00010 37931956
00010 38671868
00010 40001138
00010 41454578
00010 44488854
00010 49119246
00010 51122354
00010 51871732
00010 53895856
00010 54262918
00010 54280592
00010 59086916
00010 59611156
00010 59693218
00010 62273632
00010 66336092
00010 68435100
00010 68611732
00010 75045084
00010 77924460
00010 79552804
00010 84027948
00010 84662176
00010 93552814
00010 95187226
00010 97387046
00010 98204174
00010 105639318
00010 106031538
00010 107877146
00010 107979270
00010 109332776
00010 110252644
00010 110498142
00010 114718042
00010 118120854
00010 121394998
00010 122893942
00010 127546962
00010 127845288
00010 128714612
00010 129310406
00010 130507862
00010 133563118
00010 133642428
00010 133860626
00010 134183270
00010 134214880
00010 135727380
00010 140955762
00010 143737976
00010 145136080
00010 151980856
00010 152517288
00010 156189414
00010 162408480
00010 163716614
00010 165878326
00010 168374962
00010 168738118
00010 171890602
00010 172703130
00010 173657266
00010 174834868
00010 176688660
00010 178825254
00010 179237162
00010 181216350
00010 184041538
00010 189399974
00010 190386336
00010 192569384
00010 193086316
00010 195602216
00010 197016898
00010 197631410
00010 197944506
00010 200650850
00010 202514832
00010 207106548
00010 208453428
00010 221897956
00010 222480336
00010 225711952
00010 226362890
00010 228350386
00010 234607140
00010 242375004
00010 245242408
00010 246361084
00010 246725326
00010 249734480
00010 253699604
00010 254744806
00010 255658766
00010 255854138
00010 258073630
00010 263722976
00010 264612554
00010 267227148
00010 268235264
00010 268564000
00010 272730862
00010 276678078
00010 276715334
00010 277424986
00010 277786172
00010 278649916
00010 280646994
00010 281178278
00010 281580514
00010 284324740
00010 290498522
00010 293879842
00010 298345900
00010 300464954
00010 300773366
00010 304828294
00010 305069736
00010 306710712
00010 309890276
00010 315873646
00010 315875136
00010 318429700
00010 318758302
00010 321206572
00010 325566354
00010 326214244
00010 326750468
00010 327497246
00010 329539126
00010 331473772
00010 331993632
00010 332896098
00010 337077874
00010 338453960
00010 338759742
00010 339290474
00010 341644240
00010 341894446
00010 342990396
00010 349721970
00010 350682946
00010 353106910
00010 354462634
00010 355859880
00010 356107162
00010 358923576
00010 358966868
00010 361154502
00010 362891748
00010 365285794
00010 365718330
00010 370984746
00010 371008742
00010 371457282
00010 374028224
00010 374130610
00010 379181098
00010 380872294
00010 381015114
00010 381969358
00010 383531320
00010 393908484
00010 395494036
00010 396293006
00010 403892076
00010 404843202
00010 409669940
00010 413064576
00010 419749488
00010 420714180
00010 421138038
00010 426925964
00010 430408854
00010 431224998
00010 431493594
00010 431635820
00010 431783428
00010 436854174
00010 440567426
00010 442236684
00010 442622020
00010 443000900
00010 448086650
00010 448545822
00010 452446652
00010 454618690
00010 454843842
00010 455377158
00010 457780326
00010 461096584
00010 462959078
00010 464895682
00010 465096724
00010 465946018
00010 467875592
00010 469446396
00010 469823726
00010 472383934
00010 474192180
00010 474698820
00010 480286250
00010 480848294
00010 482343168
00010 482770724
00010 483818120
00010 484090536
00010 487612624
00010 489660628
00010 493956830
00010 494777814
00010 499185236
00010 500074362
00010 501498052
00010 501677240
00010 503751672
00010 506332826
00010 511992050
00010 519139058
00010 520809816
00010 529898198
00010 534134864
00010 535868498
00010 537194666
00010 537689644
00010 540716652
00010 542289762
00010 542765762
00010 543215434
00010 546226180
00010 548930442
00010 550040866
00010 551360792
00010 553715550
00010 558241572
00010 561670168
00010 561817644
00010 566344606
00010 567366478
00010 567918448
00010 568579746
00010 569130196
00010 572810628
00010 572844962
00010 577502764
00010 578226936
00010 579313074
00010 579826930
00010 581324764
00010 581544644
00010 586370314
00010 586398204
00010 588358412
00010 588987740
00010 589454358
00010 594813008
00010 600284298
00010 602660364
00010 603099352
00010 605771100
00010 607199610
00010 608081794
00010 611241266
00010 619552452
00010 621059988
00010 622801590
00010 628386882
00010 629481298
00010 630641882
00010 635894710
00010 636784468
00010 639551186
00010 643376374
00010 645905770
00010 656156728
00010 657656636
00010 658967710
00010 665833148
00010 668920762
00010 674180384
00010 680668648
00010 680894176
00010 680989624
00010 682078788
00010 687078872
00010 687528906
00010 689769898
00010 689928502
00010 691496294
00010 692252192
00010 692930610
00010 693779732
00010 697494988
00010 697652750
00010 698276296
00010 699585372
00010 700076786
00010 706035862
00010 707979772
00010 708903990
00010 711154158
00010 711328150
00010 712065884
00010 716920114
00010 717060048
00010 717088498
00010 726060114
00010 726762282
00010 729272742
00010 729662162
00010 731494946
00010 731886972
00010 732389646
00010 734072474
00010 734259294
00010 738654992
00010 743606856
00010 743609574
00010 744302434
00010 746611494
00010 750655298
00010 752744256
00010 753019036
00010 756835470
00010 757547896
00010 759443542
00010 760025990
00010 762421146
00010 763018838
00010 763380904
00010 767094842
00010 767291656
00010 768585268
00010 768586778
00010 769698524
00010 781825112
00010 782569904
00010 790494674
00010 791709810
00010 793179378
00010 794429694
00010 806108438
00010 806156900
00010 809725992
00010 809894654
00010 810849752
00010 810860758
00010 815026384
00010 817996284
00010 818164986
00010 820276336
00010 825265326
00010 828668500
00010 829746194
00010 832253710
00010 835844462
00010 836136658
00010 836839810
00010 837311728
00010 837325048
00010 838787612
00010 842429496
00010 842531202
00010 845295364
00010 850379772
00010 850725500
00010 851900832
00010 853398934
00010 857996040
00010 862556752
00010 866591786
00010 867377818
00010 868891698
00010 870437254
00010 878706304
00010 882080182
00010 887975646
00010 890868884
00010 891709534
00010 892367378
00010 894075222
00010 895355486
00010 897249592
00010 898272502
00010 903163728
00010 905072432
00010 907285778
00010 907926410
00010 909419024
00010 909474888
00010 909752438
00010 910093032
00010 913459840
00010 913515104
00010 914719942
00010 917192414
00010 917280696
00010 917463184
00010 919831414
00010 920642634
00010 920807058
00010 924200936
00010 924961786
00010 925150144
00010 925861904
00010 926552510
00010 927822336
00010 932044452
00010 932344540
00010 935145672
00010 937392676
00010 942597026
00010 945009156
00010 945854934
00010 946440284
00010 951568020
00010 952100632
00010 955123346
00010 955535214
00010 956682628
00010 957789728
00010 958886908
00010 964425536
00010 968775796
00010 969155604
00010 976245912
00010 982527366
00010 983637162
00010 985310626
00010 988727716
00010 996275552
00010 997441200
00010 997547044
00010 7497692
00010 7683682
00010 8191476
00010 11672966
00010 19918190
00010 20819552
00010 22060448
00010 24908004
00010 27804012
00010 28016420
00010 30677352
00010 33935462
00010 37874604
00010 37948622
00010 39067924
00010 40029054
00010 41834630
00010 42929998
00010 44780666
00010 46998614
00010 48057982
00010 48447708
00010 48879482
00010 48948060
00010 51955610
00010 53543006
00010 54592464
00010 58878558
00010 63679018
00010 65451050
00010 70305066
00010 70669304
00010 73710588
00010 74781920
00010 77896922
00010 78442458
00010 78743922
00010 80985470
00010 81104810
00010 81833254
00010 87902780
00010 88436254
00010 92345484
00010 93875332
00010 98752888
00010 101176708
00010 101551900
00010 103650414
00010 104953664
00010 105274490
00010 107227166
00010 108410342
00010 111116130
00010 116148618
00010 117910384
00010 118703370
00010 125736652
00010 126865240
00010 131477360
00010 132349140
00010 136051654
00010 140936946
00010 144833734
00010 145143012
00010 149327522
00010 158283042
00010 161030298
00010 162974360
00010 170144308
00010 171962192
00010 173154398
00010 175590692
00010 175605596
00010 175704954
00010 175743576
00010 175903090
00010 176092928
00010 180594556
00010 187305328
00010 187985730
00010 193188602
00010 195303918
00010 195570694
00010 197269730
00010 198349606
00010 198562332
00010 200558366
00010 205016730
00010 209492526
00010 214523298
00010 217207182
00010 218861366
00010 222067332
00010 226552890
00010 227119408
00010 227839308
00010 228217578
00010 228866282
00010 229433908
00010 235602364
00010 241828182
00010 241834116
00010 242537360
00010 244637488
00010 246813216
00010 253554582
00010 255142150
00010 256150068
00010 257309932
00010 258117728
00010 259471516
00010 259793640
00010 263628186
00010 266048222
00010 266896090
00010 266940452
00010 266992796
00010 267487582
00010 269792020
00010 274671520
00010 277855712
00010 281445780
00010 283525380
00010 283561350
00010 284054686
00010 284066980
00010 285065018
00010 285838124
00010 291803914
00010 297881190
00010 300668220
00010 303607490
00010 304883912
00010 306147088
00010 306506536
00010 311915510
00010 314145646
00010 316538428
00010 316658244
00010 317069950
00010 318422702
00010 322092606
00010 323248810
00010 326675988
00010 328141108
00010 328501368
00010 339437662
00010 339555774
00010 349297448
00010 351881730
00010 352608222
00010 355604708
00010 355832150
00010 357205028
00010 357406070
00010 359814296
00010 359897424
00010 361905802
00010 368113882
00010 369046422
00010 373631396
00010 374390984
00010 376222966
00010 376822820
00010 379519030
00010 380591944
00010 382494626
00010 383285582
00010 384599362
00010 384838996
00010 386456400
00010 387093364
00010 394841086
00010 396480200
00010 398440614
00010 398785308
00010 399934854
00010 400144310
00010 404322108
00010 405896914
00010 406955262
00010 408282880
00010 415365600
00010 415664728
00010 415950080
00010 418059430
00010 421246360
00010 421353928
00010 421626656
00010 423114572
00010 423145860
00010 424521794
00010 428789530
00010 428827814
00010 433121126
00010 437582262
00010 438888328
00010 438966720
00010 439203828
00010 440145122
00010 440754778
00010 441118650
00010 445713444
00010 448308958
00010 448366016
00010 448446518
00010 454244524
00010 457404308
00010 457585704
00010 462380044
00010 465791756
00010 466972344
00010 469665694
00010 470883852
00010 475141338
00010 475998776
00010 476875024
00010 477233214
00010 486184820
00010 489624276
00010 493410838
00010 493613594
00010 493905538
00010 496972294
00010 498427134
00010 498441354
00010 500616360
00010 502415054
00010 507718264
00010 507994722
00010 510958038
00010 512762394
00010 514274230
00010 514370436
00010 521418370
00010 521866720
00010 525335982
00010 530461670
00010 530718682
00010 532550808
00010 537418482
00010 538536904
00010 539222596
00010 542874606
00010 544939050
00010 557099834
00010 558101916
00010 558979114
00010 560466634
00010 560720638
00010 562231832
00010 562664462
00010 566425732
00010 567417798
00010 573318046
00010 574369002
00010 574472122
00010 577356490
00010 583597034
00010 585633638
00010 588318556
00010 594030768
00010 594336296
00010 595573950
00010 595611004
00010 595629452
00010 597217874
00010 598441596
00010 602964804
00010 603670124
00010 604542524
00010 605117194
00010 605160456
00010 607818648
00010 608500058
00010 608785250
00010 611246294
00010 614357948
00010 617437130
00010 617859380
00010 621190514
00010 624361342
00010 629100508
00010 633704324
00010 633976920
00010 634870698
00010 637023208
00010 637188976
00010 637584636
00010 640187580
00010 640704014
00010 641833588
00010 642208300
00010 642340412
00010 643599550
00010 646875516
00010 647449110
00010 649737864
00010 650843198
00010 654512304
00010 654616526
00010 656619794
00010 658062786
00010 661383112
00010 665964384
00010 667095226
00010 669750662
00010 670849396
00010 673742100
00010 674319494
00010 674684478
00010 674894662
00010 680658116
00010 681385560
00010 690080308
00010 696352174
00010 696871980
00010 701217844
00010 702440410
00010 705735380
00010 706495000
00010 711832734
00010 711843732
00010 716348266
00010 716419668
00010 716913476
00010 718490912
00010 719187628
00010 719514364
00010 728552638
00010 729384254
00010 733196738
00010 736396636
00010 737521124
00010 739024038
00010 741795432
00010 742394776
00010 744909362
00010 748620072
00010 750181332
00010 752080048
00010 753653352
00010 758177248
00010 766790268
00010 772741400
00010 777253796
00010 777803190
00010 782427850
00010 783675070
00010 784940886
00010 785758378
00010 789246484
00010 792637616
00010 795100156
00010 799951418
00010 806794776
00010 807219062
00010 809766814
00010 817898906
00010 818853774
00010 819574034
00010 821239986
00010 821737070
00010 821912442
00010 823130166
00010 824987558
00010 826024642
00010 826509868
00010 827026548
00010 830015578
00010 830393518
00010 839078910
00010 841479348
00010 842929012
00010 843653652
00010 844360778
00010 844562838
00010 847703152
00010 848099496
00010 856560896
00010 861647230
00010 863106906
00010 864883018
00010 868591068
00010 868822400
00010 869269500
00010 871106022
00010 871855668
00010 875140792
00010 875661982
00010 879209384
00010 895833270
00010 896098016
00010 896099414
00010 902916530
00010 911451882
00010 912587126
00010 913066850
00010 914689520
00010 916661404
00010 917924232
00010 920214118
00010 920341028
00010 921349648
00010 922657762
00010 923154526
00010 923393152
00010 928711506
00010 929846706
00010 929934870
00010 931726698
00010 936467376
00010 941864862
00010 942746544
00010 947170368
00010 948336560
00010 952753782
00010 954931626
00010 954936832
00010 960158390
00010 967397888
00010 967584008
00010 968863540
00010 976555616
00010 979435382
00010 979959498
00010 980727320
00010 988315442
00010 990880780
00010 994607046
00010 994767328
00010 995605514
00010 998726362
00010 1760066
00010 5095864
00010 6637396
00010 8184906
00010 10649918
00010 12681688
00010 13246494
00010 13886088
00010 14493644
00010 21355844
00010 22150002
00010 22784744
00010 26255388
00010 27424414
00010 27702036
00010 29443754
00010 33678428
00010 34706934
00010 35901568
00010 36274202
00010 37077220
00010 38067372
00010 39191064
00010 39359412
00010 39571360
00010 40516850
00010 40522492
00010 46674462
00010 49414154
00010 52545962
00010 55208572
00010 56039630
00010 56591190
00010 57697892
00010 58392638
00010 58594192
00010 61908510
00010 62279062
00010 67331020
00010 70148644
00010 79579506
00010 86939898
00010 87538656
00010 93204116
00010 96991938
00010 99697734
00010 99883944
00010 99931186
00010 104309066
00010 104546130
00010 111207466
00010 114471600
00010 114645322
00010 117608810
00010 119300578
00010 126851588
00010 127849384
00010 127924718
00010 129696480
00010 132457100
00010 139171988
00010 139828624
00010 140877582
00010 143263636
00010 145667318
00010 147157770
00010 148049586
00010 148440962
00010 150768592
00010 153573966
00010 155010626
00010 156775248
00010 157579492
00010 159872932
00010 162495904
00010 163173210
00010 165858240
00010 168253676
00010 169503336
00010 170380392
00010 170773218
00010 172680488
00010 172825608
00010 176203934
00010 177190514
00010 180596206
00010 181093474
00010 184517524
00010 187961204
00010 188647136
00010 188658244
00010 190818962
00010 192942258
00010 194812974
00010 195753636
00010 195796442
00010 196817106
00010 197428874
00010 200606852
00010 200940228
00010 206284478
00010 207538082
00010 210381454
00010 215230750
00010 215511244
00010 215941170
00010 216620902
00010 220635040
00010 220728518
00010 221175674
00010 221472542
00010 222682556
00010 227264892
00010 228059116
00010 228322698
00010 233584452
00010 241476214
00010 244449694
00010 248000298
00010 248278422
00010 250909074
00010 251162658
00010 251822786
00010 253231266
00010 253456182
00010 259086050
00010 259690194
00010 273173814
00010 277126490
00010 277435292
00010 280983908
00010 283635942
00010 292698716
00010 292922560
00010 299889976
00010 301796262
00010 301931646
00010 303576508
00010 305067416
00010 306189048
00010 309007200
00010 309041780
00010 314225458
00010 314333122
00010 316614928
00010 320477872
00010 329855940
00010 331000832
00010 331816282
00010 331957704
00010 332408174
00010 335292660
00010 337789840
00010 338099990
00010 339250238
00010 341995936
00010 343589636
00010 344531602
00010 344695328
00010 346876022
00010 347258740
00010 347412250
00010 348255076
00010 348874454
00010 349989280
00010 350275588
00010 351052542
00010 351203054
00010 351780614
00010 351956384
00010 352369232
00010 354556370
00010 359830718
00010 361173086
00010 363031568
00010 366225748
00010 367086006
00010 367996866
00010 369764548
00010 371404762
00010 374477746
00010 380200790
00010 384293914
00010 384390716
00010 385589994
00010 388561768
00010 389430056
00010 389728980
00010 391998046
00010 396275270
00010 396702566
00010 397213338
00010 398070006
00010 401333608
00010 404431556
00010 406759168
00010 409369590
00010 413127818
00010 413407890
00010 413781008
00010 416415818
00010 416963624
00010 419443622
00010 420163026
00010 420655348
00010 423929958
00010 425192794
00010 426823912
00010 430415572
00010 435019362
00010 435317700
00010 441667120
00010 442247712
00010 443705386
00010 444022056
00010 449396068
00010 450985798
00010 451400728
00010 457466482
00010 461571580
00010 461606686
00010 461615556
00010 463668356
00010 466258284
00010 467894980
00010 469343474
00010 471725780
00010 472063278
00010 474395308
00010 477690758
00010 478005552
00010 481927362
00010 483428842
00010 488849834
00010 489035728
00010 491758116
00010 492010028
00010 497095500
00010 499966716
00010 501535476
00010 501665974
00010 506475812
00010 509188368
00010 512046772
00010 512181408
00010 512883226
00010 513064536
00010 517777086
00010 519630198
00010 524342876
00010 526112424
00010 526459330
00010 526795768
00010 531474430
00010 531613112
00010 535238692
00010 536117650
00010 541291930
00010 542952992
00010 546428992
00010 553173404
00010 554490566
00010 555715756
00010 557574578
00010 558855348
00010 562847786
00010 563007156
00010 563798526
00010 563903444
00010 564429428
00010 567991590
00010 568051676
00010 569270474
00010 570786478
00010 573125860
00010 574199494
00010 574413324
00010 575459174
00010 575615332
00010 576617058
00010 582808360
00010 584524124
00010 586962108
00010 591178642
00010 601096050
00010 602351024
00010 604828716
00010 606333610
00010 607917660
00010 609430750
00010 611357874
00010 611382214
00010 611383790
00010 611634626
00010 616126722
00010 617171648
00010 617804084
00010 619578190
00010 620071258
00010 627022964
00010 627792006
00010 632910384
00010 633376348
00010 635193680
00010 639812560
00010 640461956
00010 644868118
00010 649190250
00010 651619206
00010 656849434
00010 660836020
00010 661862762
00010 662124396
00010 662536870
00010 665272848
00010 666366836
00010 669811588
00010 671199380
00010 672898042
00010 674460426
00010 674632058
00010 679150518
00010 679773472
00010 685315614
00010 687040952
00010 687899206
00010 698646768
00010 705123430
00010 705885632
00010 705887188
00010 710540570
00010 711950358
00010 713580180
00010 715513000
00010 717928836
00010 726932652
00010 728183636
00010 729896176
00010 733727872
00010 736127958
00010 736976302
00010 741241172
00010 743714352
00010 744611008
00010 746441698
00010 749550944
00010 749859932
00010 750938890
00010 752076552
00010 752540602
00010 758527140
00010 759198910
00010 761315430
00010 762996818
00010 766433498
00010 772384046
00010 772595640
00010 774524648
00010 775167342
00010 775874128
00010 776030634
00010 777404634
00010 777508274
00010 777615868
00010 777748794
00010 780475658
00010 781965674
00010 782474326
00010 784452904
00010 789628498
00010 789722722
00010 790552202
00010 790835676
00010 792718360
00010 792883978
00010 794433760
00010 797280532
00010 800557932
00010 801981970
00010 810002752
00010 811435934
00010 812780188
00010 813701512
00010 814806072
00010 817753226
00010 820264796
00010 820736832
00010 822288120
00010 822870004
00010 825836614
00010 826285820
00010 827127300
00010 827181130
00010 828724194
00010 833655880
00010 834376708
00010 835293476
00010 837557440
00010 839585808
00010 846532064
00010 850681586
00010 852759122
00010 854116790
00010 854837018
00010 856007468
00010 858387132
00010 859192394
00010 859437790
00010 862548946
00010 862560998
00010 867355098
00010 870854818
00010 877011436
00010 878878476
00010 881084174
00010 883678800
00010 883693434
00010 886210522
00010 889901886
00010 891204738
00010 898092378
00010 900540002
00010 904007436
00010 907752410
00010 909307914
00010 910744664
00010 914573664
00010 916174012
00010 916571092
00010 917893058
00010 918118196
00010 918876818
00010 920071558
00010 921160296
00010 921964026
00010 924836936
00010 928540088
00010 929862230
00010 932084938
00010 937028330
00010 937553148
00010 937723912
00010 938154180
00010 938777270
00010 942987252
00010 946168196
00010 946169184
00010 953351814
00010 958383898
00010 959679418
00010 960828126
00010 961093426
00010 961114806
00010 966039036
00010 968058390
00010 969193420
00010 969420356
00010 969811428
00010 973006802
00010 973134108
00010 980331272
00010 986847440
00010 986936200
00010 987242752
00010 992053932
00010 996693078
00010 997897620
00010 1000721946
00010 1509408
00010 5762470
00010 7717138
00010 8446512
00010 9259878
00010 10135464
00010 11919958
00010 13328148
00010 15159402
00010 15238804
00010 15798924
00010 18452872
00010 19277794
00010 20502280
00010 36871064
00010 39095664
00010 39871208
00010 44218064
00010 45278882
00010 48270922
00010 52903380
00010 53259480
00010 54226918
00010 55348898
00010 59409756
00010 61486018
00010 62058092
00010 62385002
00010 62427080
00010 65775400
00010 72405480
00010 73764792
00010 75516282
00010 76743526
00010 79378830
00010 80322164
00010 91714124
00010 93938066
00010 94908176
00010 99741426
00010 99867732
00010 100895902
00010 106501408
00010 114048160
00010 115958434
00010 116029440
00010 117358250
00010 120691106
00010 124345402
00010 124452110
00010 125715866
00010 129014570
00010 129266014
00010 129403260
00010 130996766
00010 134006814
00010 137405786
00010 138584292
00010 139904294
00010 141166484
00010 143749870
00010 145185068
00010 147113240
00010 147598090
00010 147616062
00010 149752740
00010 151351402
00010 151569934
00010 152734844
00010 164650452
00010 164693954
00010 165869578
00010 165915306
00010 167101938
00010 169662766
00010 174493340
00010 176796464
00010 178192774
00010 179679538
00010 181148670
00010 181494840
00010 185674388
00010 186899270
00010 187698606
00010 192913702
00010 192998336
00010 194373514
00010 198591432
00010 198595644
00010 200135992
00010 201045946
00010 205898256
00010 206162760
00010 207492090
00010 207493140
00010 208958482
00010 209231144
00010 213093000
00010 213824934
00010 213876230
00010 214188072
00010 215050656
00010 215423546
00010 215656888
00010 216858508
00010 219600090
00010 220054850
00010 220420998
00010 222027504
00010 223048950
00010 226017530
00010 227426722
00010 227493202
00010 227561224
00010 235803850
00010 238133868
00010 245256398
00010 246737730
00010 249070958
00010 249706982
00010 251812836
00010 253329136
00010 253394456
00010 254540054
00010 259177264
00010 261405048
00010 261485170
00010 261528482
00010 264627956
00010 264854376
00010 267398820
00010 269999290
00010 272248544
00010 272367358
00010 272801690
00010 275377576
00010 277216736
00010 278460370
00010 279601520
00010 280128782
00010 280222274
00010 280729936
00010 282252414
00010 288118946
00010 288225130
00010 289357902
00010 289365252
00010 290774674
00010 293107806
00010 293951964
00010 295230204
00010 295868812
00010 300380824
00010 302288490
00010 303564714
00010 305950854
00010 309261760
00010 311600962
00010 312131450
00010 313087260
00010 318124108
00010 320991754
00010 321989740
00010 326351130
00010 328595596
00010 329463552
00010 340784498
00010 341534870
00010 342025872
00010 342639240
00010 346226936
00010 347768100
00010 351041926
00010 351067302
00010 354587560
00010 356378648
00010 358112808
00010 358116854
00010 361505686
00010 366567402
00010 368656210
00010 368782318
00010 373789390
00010 373812482
00010 375013418
00010 375247866
00010 375871296
00010 376596770
00010 382695472
00010 383448876
00010 385057896
00010 386201742
00010 400182352
00010 404372622
00010 412149064
00010 415614348
00010 416718544
00010 418301994
00010 422065136
00010 422361060
00010 424271210
00010 424713136
00010 424919208
00010 425177928
00010 425629220
00010 429140144
00010 429976498
00010 430088570
00010 433241482
00010 434283258
00010 435542944
00010 438800848
00010 440421412
00010 444880342
00010 449450026
00010 449597956
00010 450515696
00010 450911346
00010 451723648
00010 453595444
00010 455142572
00010 456204812
00010 457835746
00010 462218866
00010 463704932
00010 466494126
00010 466709216
00010 471448756
00010 474611052
00010 474679424
00010 478180220
00010 480604466
00010 481394286
00010 482778022
00010 484445570
00010 487613640
00010 492509624
00010 493539256
00010 496626038
00010 496891190
00010 498781006
00010 498809200
00010 499385446
00010 499609142
00010 500488150
00010 500833180
00010 502155962
00010 506474204
00010 508135014
00010 509190252
00010 509897700
00010 511064594
00010 514908356
00010 515846116
00010 517421740
00010 523642702
00010 523700426
00010 526770120
00010 527693576
00010 530489364
00010 530836094
00010 532152102
00010 532715708
00010 532811616
00010 534016532
00010 535010390
00010 537077666
00010 537231746
00010 542427208
00010 546258598
00010 547144718
00010 548052810
00010 550591888
00010 551744568
00010 553930194
00010 554059362
00010 555709770
00010 557832564
00010 561654914
00010 562792610
00010 562839254
00010 565861846
00010 569481600
00010 570223592
00010 570465278
00010 572902640
00010 573196584
00010 573254122
00010 576044702
00010 577685994
00010 579083460
00010 580403312
00010 583451392
00010 584956146
00010 586473628
00010 587572656
00010 591904974
00010 592340172
00010 594274482
00010 596648432
00010 597457436
00010 600956344
00010 601558896
00010 603045510
00010 604340016
00010 607984032
00010 609339462
00010 609496026
00010 609732738
00010 611482644
00010 612011626
00010 613426120
00010 616523294
00010 616568012
00010 620548822
00010 624140784
00010 628246976
00010 631904666
00010 632459750
00010 633546532
00010 635402792
00010 636305934
00010 644391120
00010 646910060
00010 650080454
00010 650362688
00010 654717060
00010 654800648
00010 655135840
00010 656077248
00010 663987034
00010 664053850
00010 665985690
00010 667292630
00010 667373176
00010 667825418
00010 670539708
00010 670541388
00010 670668700
00010 671482220
00010 672230958
00010 679936460
00010 682046978
00010 686911400
00010 688627194
00010 690802518
00010 693304492
00010 693857204
00010 693859446
00010 696813394
00010 702682956
00010 703356332
00010 703672366
00010 712786080
00010 717707448
00010 717739198
00010 718781342
00010 720095682
00010 722920182
00010 728403394
00010 732135924
00010 735622660
00010 736079246
00010 741157874
00010 747647812
00010 748014830
00010 748908710
00010 753181814
00010 754270812
00010 754431188
00010 756215030
00010 756621806
00010 756667832
00010 758075636
00010 761913200
00010 769541570
00010 771174576
00010 776142760
00010 778424730
00010 779775392
00010 781255460
00010 781630364
00010 783353430
00010 786877882
00010 789370566
00010 792724396
00010 794265096
00010 795856828
00010 797067428
00010 797884906
00010 798393980
00010 799748276
00010 800931834
00010 804330214
00010 810166240
00010 811971838
00010 812070924
00010 814304518
00010 819931716
00010 820344820
00010 821206310
00010 825227370
00010 825473552
00010 826601364
00010 828462144
00010 832275590
00010 833709448
00010 841104968
00010 847565786
00010 848066888
00010 852751278
00010 854902450
00010 861812468
00010 864309910
00010 864593278
00010 864819182
00010 865729210
00010 867433646
00010 870055596
00010 870207062
00010 872792618
00010 873770624
00010 875971462
00010 877048776
00010 878071178
00010 883761340
00010 886770000
00010 888195846
00010 888394018
00010 888519566
00010 890092386
00010 898834400
00010 899941086
00010 901280448
00010 904961940
00010 905014580
00010 907353008
00010 907548702
00010 910918302
00010 915170430
00010 918487464
00010 920035468
00010 922250342
00010 922700388
00010 927190672
00010 928020178
00010 928461236
00010 934216794
00010 934909994
00010 938499156
00010 940464644
00010 941486274
00010 944538204
00010 944715580
00010 945596216
00010 946212040
00010 948097146
00010 950716676
00010 951025802
00010 953004518
00010 953310582
00010 954747612
00010 972297852
00010 973056354
00010 977100554
00010 977274458
00010 980050964
00010 982891494
00010 984482840
00010 990481302
00010 996124770
00010 998174996
00010 998793576
00010 999806336
00010 397086
00010 1331056
00010 1802218
00010 9543962
00010 12094080
00010 12166094
00010 12281624
00010 14216684
00010 15505136
00010 18879478
00010 19453736
00010 25274330
00010 25522498
00010 28471046
00010 30208618
00010 36910772
00010 38455414
00010 39936518
00010 44216962
00010 44417570
00010 44733216
00010 46362158
00010 46377826
00010 48490496
00010 49884702
00010 51341196
00010 52572674
00010 53152168
00010 53301036
00010 53914550
00010 61579012
00010 61740626
00010 66139238
00010 69001036
00010 71201826
00010 72096376
00010 73152986
00010 76041052
00010 76250114
00010 77364252
00010 78894244
00010 79307770
00010 79526290
00010 81266074
00010 83329884
00010 90648430
00010 91059860
00010 93513352
00010 100647674
00010 103903456
00010 106001114
00010 106269990
00010 106340066
00010 107548968
00010 109195550
00010 110724362
00010 114097146
00010 118683886
00010 122180350
00010 123256612
00010 124569126
00010 124816956
00010 126764254
00010 126833782
00010 130591272
00010 130592408
00010 134296658
00010 144428576
00010 151301782
00010 151585350
00010 152224332
00010 153541086
00010 153663046
00010 154377706
00010 156485756
00010 157149286
00010 159088430
00010 159089800
00010 161199074
00010 165028126
00010 166436432
00010 167530274
00010 167632436
00010 167920810
00010 168424640
00010 170104756
00010 170752914
00010 171237950
00010 171476410
00010 171845026
00010 177190176
00010 178066962
00010 180124724
00010 183085306
00010 186471646
00010 188966952
00010 189118036
00010 192156298
00010 192710796
00010 201671966
00010 204966130
00010 205118908
00010 206110680
00010 209140486
00010 211261160
00010 214460268
00010 217208168
00010 224356446
00010 225959430
00010 227203366
00010 231478892
00010 233670908
00010 234437906
00010 234980054
00010 235815738
00010 236216696
00010 236815596
00010 236990286
00010 239901420
00010 241070326
00010 241688242
00010 241897484
00010 244570822
00010 248345718
00010 249023544
00010 252023550
00010 252327030
00010 252538620
00010 258078240
00010 261911410
00010 262284536
00010 263124008
00010 265397508
00010 272712222
00010 272828428
00010 276158082
00010 279129100
00010 280591938
00010 281098032
00010 281216574
00010 283160104
00010 283834362
00010 284848306
00010 286941846
00010 287106268
00010 289825780
00010 290450400
00010 293915180
00010 295662628
00010 297118710
00010 297577554
00010 298042162
00010 298392662
00010 298905912
00010 299910178
00010 301162408
00010 303468494
00010 303880332
00010 305484000
00010 305901576
00010 306181162
00010 307972094
00010 312200254
00010 316116986
00010 321033860
00010 321532426
00010 330896106
00010 336323430
00010 336831740
00010 339641066
00010 340170770
00010 341741950
00010 344563254
00010 345376096
00010 345671000
00010 347931356
00010 350559930
00010 351322598
00010 351709058
00010 352518702
00010 352706960
00010 353156856
00010 353348306
00010 356540798
00010 359230172
00010 361333380
00010 361527056
00010 361917956
00010 366765886
00010 367068496
00010 367895596
00010 368137006
00010 368146324
00010 370544978
00010 371311562
00010 375367760
00010 377161550
00010 381605674
00010 384189104
00010 385971214
00010 388799834
00010 389624686
00010 393391656
00010 394205436
00010 398118794
00010 399550544
00010 399773826
00010 401360620
00010 401726238
00010 402330018
00010 402713434
00010 404994306
00010 405947396
00010 408039294
00010 411614676
00010 413326414
00010 419991208
00010 420082836
00010 425272004
00010 427683650
00010 432257856
00010 434344070
00010 435777254
00010 436372602
00010 438854524
00010 440120520
00010 443487978
00010 443598322
00010 444847090
00010 444915164
00010 447179382
00010 451810594
00010 453293236
00010 456012718
00010 459046942
00010 460711990
00010 462727652
00010 463414852
00010 466071802
00010 466622110
00010 468009414
00010 468313334
00010 469381270
00010 473163886
00010 479787640
00010 479993782
00010 481346110
00010 483714916
00010 485011252
00010 490806114
00010 495612506
00010 495622350
00010 495954900
00010 501410612
00010 505831520
00010 509690046
00010 509703934
00010 514657710
00010 517138224
00010 517697270
00010 520831090
00010 522416942
00010 522574004
00010 525080334
00010 527559694
00010 528044024
00010 528226640
00010 531794306
00010 535096102
00010 535345854
00010 536416452
00010 536976102
00010 537419898
00010 538221266
00010 538720174
00010 541551382
00010 542607788
00010 543754696
00010 544018398
00010 548554864
00010 551961368
00010 552574776
00010 559304780
00010 560181594
00010 561152182
00010 562911882
00010 566104346
00010 566604960
00010 569530294
00010 571089132
00010 572124142
00010 572992604
00010 575500780
00010 580073506
00010 583112972
00010 583870544
00010 589400678
00010 589417548
00010 590272264
00010 598394384
00010 598550984
00010 601288064
00010 602433424
00010 602436272
00010 605868672
00010 608044014
00010 608227736
00010 613188690
00010 613798462
00010 617071346
00010 617929782
00010 618308154
00010 619941988
00010 620239974
00010 620343168
00010 625735342
00010 626470080
00010 627861812
00010 628380444
00010 629169598
00010 629330634
00010 633969746
00010 638377968
00010 639639906
00010 641940636
00010 653807716
00010 654723780
00010 659337994
00010 659550960
00010 665462136
00010 665794030
00010 666155312
00010 666306488
00010 667152762
00010 669888102
00010 670005482
00010 670527512
00010 672184614
00010 676004382
00010 676019560
00010 679754486
00010 680007324
00010 680666530
00010 680872582
00010 680961780
00010 681783578
00010 686012034
00010 688988286
00010 692349026
00010 692350404
00010 692506974
00010 697477296
00010 698893636
00010 700568336
00010 700775686
00010 700806836
00010 705045302
00010 708864856
00010 710629950
00010 714531596
00010 716967950
00010 719128660
00010 720968648
00010 724236400
00010 724790520
00010 727840318
00010 729287612
00010 730658626
00010 732480218
00010 733307414
00010 734487870
00010 738737826
00010 742680208
00010 742747832
00010 743721250
00010 747402574
00010 753573620
00010 754462480
00010 754660988
00010 758848728
00010 760612960
00010 762032568
00010 765044120
00010 765525798
00010 773835818
00010 774281330
00010 776758064
00010 776760784
00010 779204414
00010 779241336
00010 783458140
00010 783705430
00010 787989986
00010 790654122
00010 794700318
00010 794801088
00010 796436748
00010 804330626
00010 810615980
00010 810991312
00010 811082446
00010 815696770
00010 816807078
00010 819887608
00010 822247808
00010 823046408
00010 826518990
00010 827208662
00010 828199262
00010 828718176
00010 830225286
00010 831353250
00010 834071186
00010 836446498
00010 838132360
00010 839002768
00010 841628742
00010 845755534
00010 845909574
00010 850727342
00010 851531382
00010 852195544
00010 857081190
00010 857671990
00010 862092868
00010 862679130
00010 869499562
00010 869669944
00010 872244906
00010 873521932
00010 874154696
00010 874642452
00010 876535252
00010 877236710
00010 880018238
00010 880104228
00010 882994174
00010 884182828
00010 884236998
00010 888289522
00010 891152738
00010 891422400
00010 896709938
00010 898026662
00010 903389724
00010 906726018
00010 912634082
00010 919814614
00010 920249428
00010 920980764
00010 922377922
00010 923888056
00010 927294108
00010 927694528
00010 930218158
00010 934846478
00010 936164626
00010 942311248
00010 945523662
00010 946604368
00010 948578542
00010 949589160
00010 951420242
00010 952994492
00010 953699706
00010 956148810
00010 956523568
00010 956667440
00010 957096208
00010 958733626
00010 960533066
00010 964208174
00010 965246532
00010 965579650
00010 966857530
00010 971018020
00010 974450334
00010 977920194
00010 979584932
00010 980923824
00010 982903434
00010 986541118
00010 988342190
00010 991252642
00010 992885840
00010 998188410
00010 5215724
00010 8654394
00010 15808648
00010 16302076
00010 18231380
00010 22671440
00010 23136386
00010 30122572
00010 32987180
00010 33105020
00010 39169682
00010 40071536
00010 40409020
00010 40786044
00010 46962486
00010 47092164
00010 52757356
00010 53001198
00010 53051580
00010 55979604
00010 56036498
00010 57424312
00010 66951104
00010 67670720
00010 71667644
00010 74362106
00010 75408902
00010 77433386
00010 78407544
00010 85192836
00010 87621676
00010 93932716
00010 95479388
00010 95487644
00010 100578022
00010 102286540
00010 105198574
00010 105916846
00010 106971058
00010 107945584
00010 118534558
00010 118823402
00010 120709940
00010 121534994
00010 122090230
00010 122484084
00010 122531600
00010 122727464
00010 123218410
00010 124485576
00010 124757420
00010 131214316
00010 133712244
00010 135174222
00010 136639432
00010 138094680
00010 139027172
00010 142250476
00010 144983046
00010 150143142
00010 151243978
00010 153945762
00010 160460744
00010 164550870
00010 165789162
00010 167398660
00010 168611140
00010 177495590
00010 181023704
00010 181486536
00010 183091054
00010 186913384
00010 187443660
00010 189950618
00010 190360522
00010 191874984
00010 196954366
00010 197232172
00010 199986358
00010 200365126
00010 201131560
00010 202531796
00010 202744006
00010 204015942
00010 205117054
00010 207502960
00010 208223686
00010 210616744
00010 216461400
00010 218162610
00010 219769740
00010 219944068
00010 220251370
00010 222917752
00010 223751674
00010 227881194
00010 227927716
00010 228369346
00010 230459932
00010 231101832
00010 233842614
00010 233934682
00010 234620972
00010 240556374
00010 241315184
00010 242584950
00010 244613366
00010 244873200
00010 246773554
00010 252407102
00010 257000488
00010 257058308
00010 258535480
00010 259778724
00010 261990606
00010 264471722
00010 266871346
00010 267453980
00010 268331738
00010 269956840
00010 270648790
00010 272557454
00010 273002492
00010 273406076
00010 275292920
00010 276404560
00010 276410242
00010 282038316
00010 284946112
00010 290597654
00010 292191312
00010 292275328
00010 293235520
00010 294898858
00010 297322902
00010 298110782
00010 301838566
00010 302041816
00010 305820902
00010 308013302
00010 308889672
00010 313512592
00010 313579728
00010 314236552
00010 315126068
00010 318779066
00010 320509780
00010 325822902
00010 326523070
00010 329982994
00010 337560624
00010 339144564
00010 339717786
00010 344070326
00010 345771294
00010 348176546
00010 351073334
00010 353824456
00010 353861426
00010 362182588
00010 362743976
00010 363251294
00010 365181822
00010 369063960
00010 371641568
00010 371881868
00010 372082166
00010 375715066
00010 376705620
00010 377088634
00010 379181168
00010 380263474
00010 381971508
00010 382352318
00010 384340288
00010 385729534
00010 386152916
00010 388809574
00010 389332262
00010 389685016
00010 393861464
00010 394335212
00010 394540552
00010 395519316
00010 397687114
00010 399096160
00010 399672830
00010 409563204
00010 410266980
00010 411537750
00010 414611090
00010 414780746
00010 415224326
00010 416115314
00010 416465340
00010 416497856
00010 416775822
00010 416930064
00010 417594368
00010 421348014
00010 422169866
00010 423311696
00010 424248758
00010 425911260
00010 432898782
00010 433764096
00010 434887276
00010 435028702
00010 445821034
00010 446845990
00010 447905756
00010 451943242
00010 452174382
00010 459618746
00010 460182550
00010 462807492
00010 466678138
00010 468635648
00010 468757114
00010 471968358
00010 473169782
00010 474967718
00010 477342252
00010 477345722
00010 478777074
00010 478783958
00010 479508962
00010 479990310
00010 480951686
00010 481399670
00010 482894556
00010 487875996
00010 489488368
00010 491161808
00010 492095414
00010 492159614
00010 493607096
00010 495885714
00010 497085328
00010 501408982
00010 502630138
00010 505047698
00010 506390970
00010 513991916
00010 514353300
00010 514774712
00010 515828238
00010 517029510
00010 517946646
00010 518309202
00010 519014628
00010 525610036
00010 525903924
00010 527903024
00010 528512332
00010 528678040
00010 532608136
00010 534683128
00010 534987886
00010 536114984
00010 539120500
00010 539753532
00010 540324734
00010 541442600
00010 551045120
00010 552772718
00010 554536692
00010 558836798
00010 562700444
00010 563444656
00010 563851626
00010 565340322
00010 566111238
00010 568353602
00010 570109264
00010 570385656
00010 571236126
00010 571584424
00010 575388486
00010 576216352
00010 576668268
00010 578319320
00010 578675494
00010 584272892
00010 589200070
00010 589201346
00010 597200446
00010 597497578
00010 598775892
00010 602171440
00010 603256786
00010 603929232
00010 609206378
00010 611945772
00010 612415056
00010 613938170
00010 616294266
00010 617810974
00010 619833502
00010 622728424
00010 628264742
00010 631922392
00010 632412726
00010 633909014
00010 635807066
00010 639552650
00010 643553922
00010 647405744
00010 647563794
00010 648619362
00010 650917598
00010 650970154
00010 652992480
00010 655397394
00010 657645124
00010 657814282
00010 659906270
00010 661245908
00010 661626502
00010 665963124
00010 666652146
00010 669158808
00010 672119296
00010 675500926
00010 680667248
00010 681225172
00010 681251700
00010 682846074
00010 683127822
00010 684375146
00010 685023132
00010 685779658
00010 685996526
00010 687095736
00010 688286672
00010 688887686
00010 689722438
00010 691603724
00010 693604172
00010 695521472
00010 696104382
00010 700277672
00010 702886300
00010 704870930
00010 708348480
00010 709713616
00010 710663910
00010 711879100
00010 711956624
00010 712146766
00010 712831564
00010 714297948
00010 714367348
00010 716351220
00010 718223362
00010 723645208
00010 724240666
00010 725960506
00010 726881068
00010 728521556
00010 732736760
00010 737553008
00010 739700118
00010 739804088
00010 745402510
00010 747216998
00010 747859568
00010 748630806
00010 748636532
00010 749101654
00010 751701762
00010 757154982
00010 757729126
00010 758572752
00010 759927806
00010 760757954
00010 764028282
00010 766833198
00010 770085360
00010 770931824
00010 771256662
00010 771351988
00010 771688000
00010 772080754
00010 775696624
00010 776574362
00010 781403906
00010 781520134
00010 783912764
00010 788389556
00010 790341764
00010 791571292
00010 791771378
00010 802164076
00010 802529960
00010 809136270
00010 811337920
00010 812923880
00010 812932574
00010 813035302
00010 816646816
00010 816680272
00010 821137754
00010 822285334
00010 827777956
00010 828220872
00010 829063048
00010 829201638
00010 831533042
00010 831651152
00010 832431388
00010 834608986
00010 835111948
00010 840177262
00010 842445802
00010 845066422
00010 848831532
00010 849661964
00010 849978178
00010 853356866
00010 854269718
00010 856591362
00010 864508338
00010 867951788
00010 873186556
00010 874641484
00010 877571562
00010 883922886
00010 886282618
00010 887158140
00010 888017034
00010 888127368
00010 893339218
00010 895790518
00010 896179380
00010 896412466
00010 903596166
00010 903857298
00010 904735770
00010 905736790
00010 906009042
00010 907719338
00010 910365204
00010 910390502
00010 912830244
00010 914770632
00010 916464412
00010 916903890
00010 917130192
00010 919445444
00010 919866880
00010 923297210
00010 923572424
00010 925338296
00010 927166172
00010 933030700
00010 934453574
00010 935007822
00010 938709890
00010 939203040
00010 941945102
00010 941968178
00010 942626612
00010 945561932
00010 945794732
00010 945980176
00010 947023832
00010 949427178
00010 950966596
00010 956439574
00010 957044358
00010 963412612
00010 966153622
00010 968155750
00010 969975120
00010 974661348
00010 975710966
00010 978854062
00010 981310778
00010 981760836
00010 982644310
00010 987246706
00010 988081528
00010 990813458
00010 991367758
00010 992224676
00010 992798280
00010 994021066
00010 994537122
00010 998782346
00010 999028458
00010 785128
00010 1036982
00010 1385674
00010 1922562
00010 4313598
00010 5239210
00010 6289262
00010 6427962
00010 7735170
00010 9778370
00010 14512086
00010 15052080
00010 25315230
00010 33013062
00010 35302718
00010 37318040
00010 37373868
00010 41693312
00010 46884418
00010 47902034
00010 49717546
00010 51416002
00010 52364338
00010 52818918
00010 56057124
00010 56786862
00010 60546592
00010 64342160
00010 65212358
00010 66691516
00010 67952682
00010 68141292
00010 68820244
00010 69681728
00010 70455474
00010 70559810
00010 75147434
00010 75651442
00010 76371596
00010 81902762
00010 91171926
00010 92004994
00010 93005066
00010 98947302
00010 101695860
00010 105156822
00010 113254830
00010 113855784
00010 115868346
00010 117233126
00010 119830170
00010 120329676
00010 122676220
00010 125190500
00010 125219498
00010 126043134
00010 129572862
00010 133374364
00010 133933836
00010 134920850
00010 134939952
00010 140753994
00010 143605144
00010 144675862
00010 144770618
00010 147676802
00010 147708016
00010 150325574
00010 153115402
00010 153636824
00010 154110914
00010 154209496
00010 154286754
00010 163428814
00010 166268120
00010 171247390
00010 177992402
00010 179090102
00010 179331514
00010 180180510
00010 180342264
00010 181883700
00010 182422548
00010 183249816
00010 189646288
00010 190419182
00010 192083928
00010 192296376
00010 193727182
00010 194250982
00010 199823746
00010 202744180
00010 204165544
00010 206618412
00010 207400812
00010 209762024
00010 210516964
00010 210862168
00010 211811652
00010 211982936
00010 213302500
00010 213837980
00010 215211796
00010 215432906
00010 216288470
00010 216886410
00010 219737506
00010 219974832
00010 221713216
00010 224479426
00010 227392740
00010 228413632
00010 230489338
00010 232482560
00010 233271506
00010 236146174
00010 236333984
00010 239140640
00010 243786186
00010 247269720
00010 247667430
00010 248567430
00010 251533026
00010 252042064
00010 253113104
00010 253946702
00010 256215084
00010 257655182
00010 258957990
00010 259230250
00010 259810114
00010 260251876
00010 263485400
00010 265591578
00010 266429436
00010 269769110
00010 270106190
00010 275764320
00010 277651558
00010 278908632
00010 279796408
00010 281464908
00010 281649660
00010 282318110
00010 283263522
00010 285477846
00010 289939364
00010 291960322
00010 303999730
00010 305562302
00010 305987458
00010 308657952
00010 309708144
00010 312254062
00010 316016052
00010 317279456
00010 318148876
00010 324917274
00010 326194660
00010 326683062
00010 328025074
00010 328331866
00010 331023578
00010 333462716
00010 333571418
00010 339962728
00010 344032122
00010 344270710
00010 344992134
00010 346867160
00010 351916986
00010 355271410
00010 358333244
00010 364050254
00010 365971824
00010 366332348
00010 366334236
00010 370041554
00010 371718752
00010 376713568
00010 382174342
00010 382199950
00010 384480938
00010 387632382
00010 393931654
00010 394030786
00010 396152772
00010 397468004
00010 397895038
00010 399925436
00010 400944370
00010 402058308
00010 408200512
00010 408493686
00010 409378598
00010 414627134
00010 414761444
00010 423235662
00010 424923362
00010 425118150
00010 427824256
00010 430243208
00010 430609632
00010 432066474
00010 433062672
00010 433833192
00010 436019864
00010 437856168
00010 438520730
00010 439929352
00010 439959118
00010 440025942
00010 444788704
00010 446967096
00010 448759790
00010 455565292
00010 456970282
00010 458502332
00010 460397924
00010 461324474
00010 465560120
00010 468481788
00010 469312824
00010 469322946
00010 470609144
00010 470832288
00010 475210878
00010 476848966
00010 478467898
00010 481396754
00010 484401320
00010 487601346
00010 488376612
00010 490477084
00010 491143886
00010 492816866
00010 493673738
00010 496378778
00010 499672312
00010 499791582
00010 504516790
00010 507546112
00010 508089866
00010 509798824
00010 510608330
00010 511550762
00010 511684658
00010 513837358
00010 520205098
00010 523705698
00010 528169368
00010 529837232
00010 531529812
00010 534306578
00010 537556530
00010 540568190
00010 540577060
00010 540742802
00010 542457082
00010 544979622
00010 545423744
00010 546422318
00010 546580896
00010 547443326
00010 548337962
00010 548339760
00010 552303370
00010 553777870
00010 554806054
00010 560810110
00010 561807446
00010 570411586
00010 575143278
00010 576458340
00010 578878630
00010 583434516
00010 585613378
00010 591128008
00010 591822246
00010 599400008
00010 599876598
00010 604196268
00010 604613878
00010 605572688
00010 610512244
00010 612829118
00010 613968640
00010 614141584
00010 615080598
00010 616167004
00010 617471258
00010 619945158
00010 624667448
00010 625270986
00010 626590330
00010 627119478
00010 629625594
00010 636218386
00010 636515014
00010 636988176
00010 637403794
00010 638519636
00010 639765320
00010 640407134
00010 644730366
00010 649349266
00010 652314284
00010 653652116
00010 654972732
00010 656878968
00010 657769778
00010 661496108
00010 661531072
00010 661596800
00010 665107162
00010 669098274
00010 670584868
00010 672463080
00010 676103980
00010 680482686
00010 691093658
00010 692230420
00010 695685154
00010 700512914
00010 701403298
00010 702621224
00010 704581094
00010 705071898
00010 710021508
00010 716890524
00010 717131182
00010 719220540
00010 719415254
00010 720071292
00010 721070386
00010 721904960
00010 726046320
00010 726957504
00010 729559352
00010 730704988
00010 731532446
00010 731812886
00010 734470910
00010 738746670
00010 739085606
00010 739131194
00010 740070748
00010 740317402
00010 740372438
00010 745644044
00010 747956670
00010 751437196
00010 753545826
00010 753648702
00010 754722590
00010 757338986
00010 757937180
00010 758792946
00010 760806576
00010 760854214
00010 760997538
00010 761139038
00010 761377656
00010 763276610
00010 763528720
00010 764873574
00010 765060160
00010 766495254
00010 767088940
00010 771241060
00010 773472002
00010 775987458
00010 776313840
00010 778888334
00010 778984842
00010 783512736
00010 784298220
00010 785343250
00010 787153286
00010 794811924
00010 797095604
00010 798510694
00010 814770800
00010 815523786
00010 815605058
00010 815896636
00010 820647064
00010 822270658
00010 825168472
00010 826622946
00010 831502410
00010 831895800
00010 832670292
00010 834620418
00010 838415686
00010 839704832
00010 842762568
00010 843044080
00010 843100192
00010 844644202
00010 849303260
00010 853155322
00010 854152012
00010 854182858
00010 856296638
00010 857646156
00010 858342938
00010 860281124
00010 867909112
00010 870203386
00010 870979548
00010 871717858
00010 874597944
00010 879483288
00010 879614268
00010 883014140
00010 887950152
00010 891843022
00010 892421902
00010 898008654
00010 899073428
00010 900297050
00010 900847936
00010 902646520
00010 907549864
00010 908323674
00010 909363946
00010 914897902
00010 922137158
00010 922920140
00010 925783982
00010 928801674
00010 929069594
00010 930601818
00010 930618082
00010 935219202
00010 935475116
00010 935631400
00010 939826962
00010 941504954
00010 942824726
00010 944124638
00010 944583738
00010 950605944
00010 952572536
00010 967211632
00010 969979314
00010 974325106
00010 977558376
00010 978645954
00010 980117916
00010 981660968
00010 984709660
00010 985500842
00010 986059990
00010 986893892
00010 988515166
00010 988557826
00010 989541626
00010 990451322
00010 993626138
00010 993761502
00010 995028296
00010 997409936
00010 998209708
00010 786736
00010 1751868
00010 2136664
00010 2842912
00010 7706732
00010 10326298
00010 13084606
00010 14161170
00010 15589280
00010 22858776
00010 23173530
00010 24241488
00010 25486264
00010 27039732
00010 29732308
00010 31674828
00010 33096588
00010 36735848
00010 37210084
00010 39508900
00010 40104044
00010 44431372
00010 46434218
00010 50109450
00010 50324324
00010 52875462
00010 55800622
00010 56465934
00010 56562974
00010 59270756
00010 61045350
00010 61834812
00010 63311854
00010 66328572
00010 69272878
00010 70476566
00010 74260050
00010 74793024
00010 78108244
00010 87957152
00010 91535054
00010 92219550
00010 93147804
00010 93811538
00010 93826342
00010 95308318
00010 95522852
00010 99639074
00010 102055752
00010 104099436
00010 105353946
00010 107468382
00010 115498846
00010 116806180
00010 118719828
00010 118810640
00010 120791330
00010 121111286
00010 122516248
00010 126811140
00010 127187760
00010 127273112
00010 127936002
00010 130062324
00010 130828340
00010 139576938
00010 141242936
00010 142441264
00010 144535462
00010 145007258
00010 145498150
00010 149060978
00010 149620300
00010 152424108
00010 154034986
00010 160395524
00010 164745542
00010 166333740
00010 173982522
00010 174005822
00010 177221084
00010 183166620
00010 188137172
00010 189865358
00010 192587526
00010 196464980
00010 198360774
00010 198981430
00010 199012956
00010 202021184
00010 204802468
00010 208353880
00010 209061092
00010 209921398
00010 211407974
00010 213944330
00010 215018034
00010 216035868
00010 217481718
00010 218012700
00010 219929732
00010 220581634
00010 220813098
00010 226261234
00010 227731880
00010 229984722
00010 231924004
00010 232257350
00010 234613130
00010 235449634
00010 237252862
00010 239366596
00010 241335516
00010 245748440
00010 247048048
00010 251540526
00010 251621186
00010 251641688
00010 256034090
00010 256612900
00010 257162112
00010 259734504
00010 260955404
00010 265764406
00010 268904368
00010 272365898
00010 272978832
00010 273461578
00010 276635132
00010 278266800
00010 282970654
00010 286540930
00010 289722478
00010 290350274
00010 290369062
00010 292652354
00010 293618110
00010 295934192
00010 295979290
00010 296783296
00010 296797248
00010 298270522
00010 300834812
00010 301052502
00010 301335660
00010 305483768
00010 307889998
00010 308624952
00010 312198062
00010 316654900
00010 319884980
00010 322438418
00010 324028618
00010 338202394
00010 339054810
00010 340420448
00010 341634934
00010 349583476
00010 350116988
00010 353146232
00010 357981302
00010 359326938
00010 361391506
00010 362925208
00010 362990042
00010 363535226
00010 368483166
00010 370037490
00010 370114034
00010 372505830
00010 376824646
00010 379671902
00010 384779840
00010 387013170
00010 387877602
00010 390881532
00010 395918852
00010 398457884
00010 398901298
00010 400261410
00010 403826208
00010 407025434
00010 407068902
00010 407367234
00010 408900688
00010 409228576
00010 409269038
00010 411278388
00010 415730762
00010 421341386
00010 423038034
00010 423353928
00010 424995294
00010 428236490
00010 428856548
00010 430849536
00010 435745242
00010 436516240
00010 437546746
00010 441664514
00010 443914152
00010 445211476
00010 446904588
00010 452414642
00010 456174128
00010 460151900
00010 464165864
00010 464806026
00010 464853438
00010 470466416
00010 470469476
00010 474913414
00010 476720076
00010 477691750
00010 477883626
00010 478523324
00010 479512906
00010 481190870
00010 481243360
00010 489411522
00010 490481064
00010 493739314
00010 495836654
00010 498670768
00010 500528146
00010 502930242
00010 506147024
00010 507247470
00010 507614714
00010 509683494
00010 511706782
00010 511717112
00010 513056038
00010 519892408
00010 522515496
00010 530137884
00010 534934442
00010 546918678
00010 548865944
00010 551520390
00010 553999792
00010 557429466
00010 557912290
00010 562136882
00010 566912740
00010 570260574
00010 570490684
00010 571389862
00010 573817578
00010 574415208
00010 575545618
00010 579623658
00010 579730406
00010 583492476
00010 584330136
00010 584338428
00010 586016910
00010 586586198
00010 588477124
00010 588789598
00010 589227152
00010 591974466
00010 593098290
00010 595149038
00010 596836830
00010 597274642
00010 597354084
00010 598137460
00010 599250084
00010 603976060
00010 605357222
00010 605940746
00010 612428840
00010 620025478
00010 620495918
00010 621021992
00010 622249854
00010 624045524
00010 624875538
00010 625655620
00010 631004178
00010 634313156
00010 637994880
00010 638172694
00010 639067862
00010 639617232
00010 640399344
00010 642307590
00010 642683952
00010 642687738
00010 643176524
00010 643976130
00010 644336914
00010 644506968
00010 647062508
00010 649037050
00010 649674290
00010 650894646
00010 651177218
00010 651643280
00010 655443744
00010 659102350
00010 660706730
00010 661632042
00010 661988080
00010 663286724
00010 666733866
00010 670571982
00010 672735288
00010 673287182
00010 680871962
00010 687279872
00010 689288152
00010 690755222
00010 693410650
00010 695762992
00010 700222602
00010 701596750
00010 707358882
00010 711560928
00010 714946802
00010 715573836
00010 717389242
00010 720356704
00010 724191414
00010 725334564
00010 730187652
00010 730768478
00010 731913138
00010 733121530
00010 736391650
00010 736428050
00010 737243924
00010 737245602
00010 737250850
00010 742220790
00010 746670182
00010 747839092
00010 747872206
00010 748307856
00010 748755736
00010 749959606
00010 752323528
00010 753361946
00010 762614674
00010 770324500
00010 770747666
00010 776611032
00010 779571282
00010 782715300
00010 786375092
00010 788798012
00010 789235760
00010 789973774
00010 792341950
00010 792720614
00010 793246664
00010 795029744
00010 796001848
00010 798976122
00010 800150938
00010 802037008
00010 803612220
00010 809156668
00010 811095860
00010 811573532
00010 812915050
00010 813763444
00010 816885610
00010 817665422
00010 820177650
00010 822619616
00010 824034038
00010 827521830
00010 828864348
00010 830238368
00010 830545826
00010 830816226
00010 832204588
00010 833134164
00010 833767794
00010 834440002
00010 835841764
00010 839719168
00010 841335610
00010 842488652
00010 845766566
00010 848232138
00010 848273834
00010 848801936
00010 848851436
00010 850955618
00010 858359988
00010 858561058
00010 858792880
00010 858907370
00010 865653646
00010 866032296
00010 867287854
00010 869690602
00010 878810960
00010 882967632
00010 885095844
00010 886668270
00010 888608216
00010 890753066
00010 891755032
00010 896034214
00010 896703818
00010 899430642
00010 901582236
00010 903040858
00010 907032624
00010 909137184
00010 915316288
00010 916196460
00010 919012690
00010 919966340
00010 921491250
00010 921768330
00010 925256058
00010 927147040
00010 927446588
00010 931470832
00010 936596970
00010 938833356
00010 939841844
00010 940908222
00010 944282190
00010 944448986
00010 946205582
00010 947686898
00010 950412716
00010 950821298
00010 950900546
00010 951098056
00010 953855386
00010 956125558
00010 958405124
00010 966920156
00010 967416226
00010 968277082
00010 970370976
00010 972056658
00010 976529326
00010 976953110
00010 980238398
00010 982295488
00010 983630954
00010 988400440
00010 989795736
00010 992366592
00010 992794758
00010 993887462
00010 996125090
00010 997861194
00010 999782620
00010 1288376
00010 3705662
00010 5420320
00010 6098288
00010 7439888
00010 8269926
00010 9090378
00010 13513832
00010 14517334
00010 14688660
00010 19144460
00010 20850130
00010 23700880
00010 25717822
00010 26838128
00010 32870240
00010 38181380
00010 43242544
00010 44093766
00010 46484418
00010 47378976
00010 48550340
00010 48674748
00010 49063302
00010 50733644
00010 50860414
00010 53264530
00010 54680938
00010 60868868
00010 61780722
00010 62578600
00010 64563466
00010 70951416
00010 72600946
00010 73488334
00010 79904252
00010 80256250
00010 82185576
00010 82209766
00010 84472670
00010 84477286
00010 85236356
00010 87558322
00010 95477868
00010 110558284
00010 114587782
00010 118440996
00010 119375802
00010 120600492
00010 125239412
00010 127143514
00010 127645350
00010 128641992
00010 129254264
00010 130563698
00010 130703782
00010 131555316
00010 132440942
00010 139467962
00010 144166088
00010 147728466
00010 150202044
00010 152851710
00010 154706544
00010 159915612
00010 164225470
00010 164759412
00010 165052526
00010 165536390
00010 169791838
00010 172488510
00010 174057218
00010 175934582
00010 179494808
00010 180739794
00010 183740454
00010 185979184
00010 186234708
00010 195485126
00010 196309484
00010 197305260
00010 199105842
00010 202431860
00010 203017606
00010 203748206
00010 205746498
00010 208913466
00010 217455160
00010 219223398
00010 220425672
00010 226456286
00010 228279206
00010 232705128
00010 233197702
00010 234384900
00010 235371058
00010 236299780
00010 239416136
00010 241878420
00010 244622886
00010 245703474
00010 249564554
00010 250070196
00010 250300240
00010 251815814
00010 253328440
00010 256185822
00010 257111758
00010 257841858
00010 258252842
00010 262994640
00010 263775954
00010 266996538
00010 267974672
00010 270991828
00010 271957908
00010 272200048
00010 279245330
00010 279724738
00010 282359644
00010 283110218
00010 286768706
00010 287580846
00010 287619250
00010 289685120
00010 295846174
00010 298139436
00010 298342258
00010 298483348
00010 299222128
00010 299661490
00010 300124892
00010 300252528
00010 301237528
00010 303324378
00010 306050864
00010 307672402
00010 309111592
00010 309889018
00010 312130172
00010 312966340
00010 313244200
00010 313309100
00010 316831220
00010 319628200
00010 331209444
00010 331218460
00010 333863582
00010 335986610
00010 336531832
00010 336872528
00010 338374406
00010 338740924
00010 340108958
00010 340983082
00010 341430718
00010 350335018
00010 350628504
00010 358418134
00010 361143866
00010 365847530
00010 366645204
00010 372939110
00010 374394746
00010 375476420
00010 378441304
00010 378825570
00010 385816194
00010 386756770
00010 388977542
00010 391514984
00010 392061052
00010 392063938
00010 395133882
00010 396048018
00010 398786440
00010 399178444
00010 399822970
00010 402804922
00010 407066178
00010 407218594
00010 408953556
00010 414680784
00010 417725500
00010 418978932
00010 422494538
00010 423226462
00010 423778470
00010 424480334
00010 428327344
00010 431539842
00010 432635038
00010 432725034
00010 433296744
00010 437817736
00010 446462410
00010 447426976
00010 449887004
00010 452774762
00010 456384098
00010 458462344
00010 460572780
00010 461299332
00010 467689396
00010 467693028
00010 471312588
00010 474835666
00010 478074192
00010 478159982
00010 481283416
00010 483386470
00010 488523370
00010 490975578
00010 492518574
00010 504619402
00010 504833986
00010 506433260
00010 506640550
00010 509967346
00010 514871084
00010 516234934
00010 527202340
00010 527936972
00010 532100626
00010 533599790
00010 533868910
00010 534090064
00010 536024908
00010 536099102
00010 539684578
00010 541098446
00010 548552416
00010 548713738
00010 549474314
00010 556001092
00010 559645608
00010 559878734
00010 562946360
00010 564112036
00010 565478346
00010 566695888
00010 566804846
00010 572798532
00010 572822826
00010 575188764
00010 575227786
00010 575230580
00010 584964862
00010 587700684
00010 588157610
00010 589051380
00010 594648182
00010 595518710
00010 598761492
00010 602862744
00010 603237700
00010 603362006
00010 604575526
00010 608165380
00010 608180980
00010 610436666
00010 611762100
00010 612124886
00010 613991216
00010 614902604
00010 615256870
00010 615608300
00010 616992392
00010 622725668
00010 625496202
00010 627111260
00010 629202818
00010 631641364
00010 636043022
00010 638042728
00010 638425338
00010 644530652
00010 648673750
00010 650336344
00010 651618686
00010 652045156
00010 652145466
00010 654222370
00010 654508670
00010 657086952
00010 665722916
00010 667337800
00010 668261090
00010 668498574
00010 669299436
00010 669572146
00010 669792260
00010 670270136
00010 670986376
00010 674365936
00010 675037010
00010 677591508
00010 684855390
00010 686136592
00010 690690072
00010 693871344
00010 696883356
00010 698246278
00010 701301590
00010 703848698
00010 705862432
00010 706513938
00010 708265134
00010 710710094
00010 714125056
00010 714497992
00010 720824980
00010 722579824
00010 725465374
00010 725689516
00010 725775588
00010 728041660
00010 736085348
00010 736482092
00010 742912766
00010 744419616
00010 747171674
00010 748549090
00010 752239112
00010 753186020
00010 754662350
00010 754669138
00010 757228992
00010 759318416
00010 760157440
00010 761580158
00010 762584062
00010 768307166
00010 770495514
00010 770584456
00010 772077566
00010 772084750
00010 775821740
00010 776694426
00010 779707178
00010 780689808
00010 785142866
00010 785315362
00010 785488360
00010 785755738
00010 787294594
00010 789058308
00010 789408708
00010 790600534
00010 794135246
00010 795268866
00010 796782610
00010 800351916
00010 800459802
00010 802066988
00010 803499198
00010 804033010
00010 807925566
00010 809596412
00010 809608010
00010 817328094
00010 823477636
00010 823512824
00010 829934496
00010 830992608
00010 832069490
00010 832096464
00010 833764908
00010 838366262
00010 839749798
00010 842369088
00010 843870942
00010 850653142
00010 850683078
00010 855320344
00010 855939902
00010 857158652
00010 857653124
00010 862244612
00010 862968480
00010 865783198
00010 871128788
00010 873798426
00010 874279690
00010 876376092
00010 878817116
00010 881062330
00010 882005404
00010 884059498
00010 884764554
00010 885209912
00010 886354776
00010 886900864
00010 892348620
00010 895096366
00010 895510882
00010 896537360
00010 897780812
00010 897940516
00010 898793912
00010 903564890
00010 904038862
00010 904378378
00010 908972220
00010 913530000
00010 914840206
00010 915366950
00010 917480402
00010 917611728
00010 918370726
00010 920949214
00010 921301428
00010 921961404
00010 924066122
00010 924602978
00010 925623402
00010 929088676
00010 936090732
00010 936955154
00010 938734868
00010 945054100
00010 946039450
00010 946988992
00010 949770928
00010 949983658
00010 953333602
00010 954636326
00010 955041018
00010 955069732
00010 961065102
00010 974169060
00010 976535002
00010 980767268
00010 982066254
00010 982163704
00010 982356458
00010 983912398
00010 987078162
00010 987414074
00010 988520760
00010 988587200
00010 989217318
00010 991693802
00010 997175436
00010 6250382
00010 6411572
00010 7906008
00010 9236944
00010 13095246
00010 15739274
00010 19935246
00010 22049444
00010 23048784
00010 25727494
00010 25964890
00010 32158480
00010 32304678
00010 32461384
00010 33158264
00010 34175980
00010 34312526
00010 40284848
00010 40683712
00010 45974226
00010 46767590
00010 48025468
00010 51291238
00010 52404994
00010 53772582
00010 57188024
00010 60510612
00010 62627904
00010 67592148
00010 68516942
00010 68676456
00010 71636948
00010 74812374
00010 78403580
00010 80269024
00010 81493126
00010 85551674
00010 88042862
00010 91423630
00010 98611610
00010 101536430
00010 102821718
00010 104092238
00010 106306926
00010 106330250
00010 110668018
00010 111326494
00010 119905196
00010 120901746
00010 122788430
00010 123846054
00010 125154512
00010 125669134
00010 130449588
00010 130503972
00010 131706486
00010 132113360
00010 133185522
00010 135213202
00010 140533542
00010 144037144
00010 146162070
00010 149984044
00010 155636516
00010 156583522
00010 168984908
00010 169059558
00010 172736508
00010 173356226
00010 174418924
00010 175017680
00010 175612140
00010 177600332
00010 179082548
00010 180609744
00010 182930966
00010 187250724
00010 189636946
00010 192777544
00010 193772636
00010 194229220
00010 200669982
00010 202027614
00010 202230086
00010 203668282
00010 211416882
00010 215045038
00010 218633196
00010 221256438
00010 229807502
00010 229858928
00010 230704024
00010 233215862
00010 235856944
00010 237288090
00010 238268694
00010 240455244
00010 244955784
00010 250805626
00010 251331660
00010 252669956
00010 254012590
00010 255448718
00010 256085662
00010 257776466
00010 259383024
00010 260172188
00010 260392496
00010 262541024
00010 265145332
00010 267744826
00010 273729142
00010 277351584
00010 277690674
00010 277973250
00010 278347636
00010 281084828
00010 281102670
00010 282058370
00010 283231620
00010 285777168
00010 287075394
00010 287496284
00010 288888256
00010 294716498
00010 296253604
00010 297027788
00010 297808798
00010 298469098
00010 300237316
00010 305534098
00010 306273110
00010 307866960
00010 313981520
00010 314038390
00010 318576842
00010 319243894
00010 319324874
00010 323877996
00010 330394246
00010 332998964
00010 336837158
00010 338268708
00010 338358182
00010 344465486
00010 350280974
00010 351017730
00010 356491184
00010 356553782
00010 357933562
00010 365911108
00010 369382686
00010 373875266
00010 375329878
00010 376610160
00010 378750530
00010 380275630
00010 382793986
00010 384344414
00010 385964122
00010 386923616
00010 386954298
00010 389850412
00010 389913558
00010 390591798
00010 394055572
00010 394569626
00010 394757054
00010 401398800
00010 402121480
00010 406852138
00010 407020154
00010 407257894
00010 410098116
00010 414310366
00010 416781734
00010 416802812
00010 418417294
00010 420612854
00010 424263130
00010 425229992
00010 430119044
00010 431011030
00010 433787920
00010 434275930
00010 434898922
00010 436195068
00010 440024694
00010 442021182
00010 443540814
00010 443630568
00010 445916716
00010 449588116
00010 449666392
00010 453183746
00010 455455672
00010 455557792
00010 456414998
00010 458779156
00010 459569162
00010 460852644
00010 460867416
00010 461342862
00010 463059706
00010 469906530
00010 469993808
00010 470123728
00010 470452220
00010 471433202
00010 471622012
00010 471829736
00010 472991936
00010 475384518
00010 475644800
00010 477217552
00010 481263414
00010 482517874
00010 485070242
00010 486035464
00010 488442364
00010 489279250
00010 501843320
00010 503686268
00010 505242476
00010 505423906
00010 512336474
00010 514248626
00010 514714552
00010 515284482
00010 517305364
00010 519028088
00010 520399104
00010 525330560
00010 525517028
00010 529798888
00010 529994734
00010 536161534
00010 537634474
00010 538436634
00010 539793458
00010 546825324
00010 547284770
00010 549735876
00010 554009860
00010 557783266
00010 558402694
00010 562786020
00010 562818556
00010 563857774
00010 568165160
00010 570897556
00010 575111162
00010 575150464
00010 576142920
00010 583853012
00010 585617398
00010 585872524
00010 587166592
00010 589086188
00010 589631602
00010 590637306
00010 590692734
00010 591891128
00010 595491804
00010 596331688
00010 596768298
00010 597876244
00010 604301848
00010 606412862
00010 608898088
00010 611712796
00010 614448088
00010 615108952
00010 615797476
00010 616164950
00010 618513958
00010 620571742
00010 621175416
00010 621176854
00010 626914404
00010 632078942
00010 634780032
00010 636207246
00010 638381276
00010 638479190
00010 640299812
00010 642354208
00010 642921434
00010 644962092
00010 649670462
00010 653928666
00010 660717042
00010 669638554
00010 672731504
00010 672852014
00010 673443568
00010 679142034
00010 679502612
00010 680727882
00010 682979708
00010 683993644
00010 684161352
00010 684172242
00010 689275398
00010 689544186
00010 693184196
00010 695259300
00010 697548686
00010 698131374
00010 699875710
00010 702502840
00010 705328590
00010 709267824
00010 713149074
00010 713843926
00010 717878926
00010 721976434
00010 726238282
00010 727706904
00010 730017480
00010 730349432
00010 731365084
00010 732470156
00010 734014910
00010 737300746
00010 737307686
00010 747857534
00010 748741590
00010 750444682
00010 752279400
00010 753487770
00010 755899334
00010 761517590
00010 763542778
00010 763956674
00010 765433776
00010 767684780
00010 768741700
00010 770879474
00010 773929288
00010 775228654
00010 779265514
00010 779281778
00010 781678480
00010 783618070
00010 787147068
00010 787149992
00010 788988044
00010 790741506
00010 791134036
00010 791943716
00010 792236514
00010 793147042
00010 795248500
00010 797880936
00010 798066716
00010 800841962
00010 801282256
00010 802489488
00010 802720504
00010 804142270
00010 804145150
00010 805509590
00010 807022374
00010 813122350
00010 814309558
00010 814319360
00010 815781866
00010 818917952
00010 820662962
00010 820704358
00010 820714374
00010 821207052
00010 821866216
00010 826166872
00010 826172310
00010 827475258
00010 831832372
00010 832793088
00010 843607914
00010 846020254
00010 848206358
00010 848358572
00010 848958172
00010 851045074
00010 851617690
00010 852591232
00010 853787798
00010 855639634
00010 857060046
00010 857339538
00010 863531722
00010 864944132
00010 865376290
00010 867571612
00010 868403044
00010 870833500
00010 872089088
00010 873728574
00010 875318042
00010 880186032
00010 880972150
00010 885722904
00010 888668824
00010 889075230
00010 894760802
00010 894878060
00010 898708688
00010 898726210
00010 898859192
00010 901153280
00010 905791182
00010 910001024
00010 910116924
00010 911021472
00010 913784064
00010 914333580
00010 920439504
00010 921353792
00010 922982686
00010 923141598
00010 928620900
00010 931415144
00010 934145156
00010 934483190
00010 935617626
00010 936552712
00010 943675314
00010 943699190
00010 949534776
00010 953206998
00010 953360578
00010 954560084
00010 959532328
00010 961028552
00010 964843248
00010 967316990
00010 967815412
00010 968175492
00010 969102240
00010 972186844
00010 972204700
00010 977204682
00010 981624746
00010 982181910
00010 982213436
00010 985241732
00010 985701920
00010 986553984
00010 992288782
00010 993141166
00010 994022506
00010 997890720
