00010 779962
00010 2351172
00010 2832666
00010 4634964
00010 4955264
00010 5560628
00010 6502716
00010 7850666
00010 8168126
00010 15099184
00010 16797330
00010 18039072
00010 19457864
00010 20434890
00010 22516472
00010 22523060
00010 23907330
00010 26048748
00010 26512606
00010 29448166
00010 30016622
00010 30345002
00010 30928686
00010 31495642
00010 34110028
00010 36219114
00010 37177582
00010 38341546
00010 40876908
00010 42162334
00010 44280360
00010 61793874
00010 62202570
00010 63347564
00010 65817874
00010 66922050
00010 68351960
00010 70443930
00010 71783358
00010 72408564
00010 74395942
00010 74406124
00010 74774622
00010 82946136
00010 83387562
00010 85963338
00010 86891684
00010 89195430
00010 90949600
00010 91571188
00010 92219700
00010 95613790
00010 102777772
00010 104319240
00010 105688600
00010 106693154
00010 107237072
00010 109955140
00010 113176990
00010 113438670
00010 114507338
00010 115503196
00010 116029736
00010 120710542
00010 122421848
00010 126986154
00010 127235950
00010 134595642
00010 137950070
00010 142646170
00010 144392438
00010 151021952
00010 152682702
00010 153347908
00010 155828922
00010 157206776
00010 159057764
00010 161524256
00010 161722604
00010 162686918
00010 162850914
00010 163756550
00010 163763770
00010 164339264
00010 164845968
00010 166420802
00010 171547994
00010 171600118
00010 173025472
00010 175853262
00010 176463474
00010 180915998
00010 183607088
00010 186148528
00010 190450336
00010 190490788
00010 194118738
00010 194963438
00010 197277750
00010 206120154
00010 207792804
00010 207924944
00010 208592790
00010 210307790
00010 211191078
00010 211586908
00010 215556174
00010 218736036
00010 219242270
00010 219594712
00010 220995314
00010 226413990
00010 226439440
00010 227596940
00010 231754796
00010 234325616
00010 234481768
00010 236736424
00010 238518284
00010 243360340
00010 245469784
00010 245578264
00010 246064176
00010 247332358
00010 251852962
00010 254063642
00010 256319282
00010 264651096
00010 268504200
00010 270477376
00010 270812670
00010 271566320
00010 272854720
00010 273105804
00010 274155092
00010 275960706
00010 277428476
00010 277949108
00010 281154128
00010 285695088
00010 289104626
00010 290551742
00010 291177148
00010 292391296
00010 292817646
00010 296075696
00010 298538984
00010 301188164
00010 302318978
00010 303732696
00010 306073604
00010 306189116
00010 306341848
00010 308348098
00010 309326006
00010 311158346
00010 315797334
00010 316440274
00010 316947474
00010 317796522
00010 318295108
00010 321362724
00010 322062538
00010 323471234
00010 333577850
00010 339318254
00010 339512006
00010 340416600
00010 343116800
00010 346083528
00010 349058800
00010 352583000
00010 353637694
00010 354763334
00010 361616402
00010 364261710
00010 364623600
00010 370847556
00010 373743356
00010 375162194
00010 377897258
00010 380426048
00010 381066368
00010 381921686
00010 382139724
00010 382818436
00010 384502708
00010 385639524
00010 386401088
00010 386504544
00010 388437268
00010 388610566
00010 388790986
00010 391963830
00010 395470822
00010 396276014
00010 396404288
00010 398153544
00010 400096818
00010 401432314
00010 401646232
00010 403485162
00010 408118436
00010 408923910
00010 415375236
00010 415409262
00010 418344828
00010 418758212
00010 421103722
00010 422454092
00010 425447602
00010 426378036
00010 431331094
00010 436827166
00010 439120652
00010 441012378
00010 441678690
00010 442040570
00010 442312268
00010 442483108
00010 443677478
00010 445695188
00010 446823598
00010 452209956
00010 454300934
00010 454445854
00010 455136712
00010 459292494
00010 461010552
00010 461504888
00010 461699752
00010 463706688
00010 465772436
00010 466696722
00010 470376852
00010 471155092
00010 472788966
00010 476599630
00010 478479070
00010 482465230
00010 487226004
00010 487513164
00010 487933382
00010 488316182
00010 488897900
00010 489676158
00010 491783298
00010 491938556
00010 492392680
00010 498447726
00010 501077270
00010 501457956
00010 501715204
00010 502620338
00010 503182634
00010 507087934
00010 507960780
00010 512063230
00010 512287244
00010 514926398
00010 517620754
00010 518301904
00010 522561892
00010 524634134
00010 524637944
00010 525397666
00010 528311374
00010 530277100
00010 532204190
00010 536999402
00010 542295514
00010 542997144
00010 544212020
00010 545481792
00010 551654224
00010 551949408
00010 555886400
00010 556358680
00010 558496476
00010 559801412
00010 560818712
00010 561255486
00010 561554852
00010 562660130
00010 568575026
00010 571220324
00010 573076156
00010 573541286
00010 573682534
00010 574565800
00010 578116818
00010 579504794
00010 583988004
00010 584361922
00010 584817190
00010 589164728
00010 600445524
00010 600701846
00010 603216914
00010 604202884
00010 604260470
00010 606056878
00010 612023962
00010 612121668
00010 618326154
00010 620988314
00010 622840718
00010 623026292
00010 623076190
00010 623079690
00010 623762476
00010 624728080
00010 624929878
00010 629181072
00010 635246760
00010 636033616
00010 638844704
00010 639430634
00010 643195932
00010 644747530
00010 645028456
00010 653516478
00010 654190126
00010 661703308
00010 663403012
00010 663913322
00010 666626076
00010 667044868
00010 671320676
00010 674105456
00010 677958010
00010 679886226
00010 681037558
00010 681218642
00010 682509580
00010 687386556
00010 687614050
00010 690631468
00010 695804640
00010 698302562
00010 698482656
00010 698963252
00010 698982796
00010 703613614
00010 704966536
00010 708970354
00010 709821662
00010 710539838
00010 710857606
00010 712048444
00010 716360652
00010 718835774
00010 721241132
00010 722833260
00010 722877618
00010 724704286
00010 725562896
00010 732634032
00010 734485762
00010 737276022
00010 737383472
00010 739257390
00010 741746644
00010 757042200
00010 758960224
00010 761355946
00010 762395612
00010 763105012
00010 778355202
00010 779547706
00010 783507762
00010 783808006
00010 787984736
00010 793830772
00010 795110352
00010 795202186
00010 796403914
00010 796729744
00010 797252604
00010 799616880
00010 801846206
00010 803219140
00010 803591780
00010 803594174
00010 804533762
00010 806712774
00010 809571264
00010 810058028
00010 811283220
00010 814664802
00010 820157746
00010 820276428
00010 823232958
00010 828816682
00010 829228170
00010 830093508
00010 831272318
00010 832383818
00010 832945172
00010 836607990
00010 840330474
00010 840880920
00010 840904060
00010 843111634
00010 843353648
00010 846406450
00010 848163658
00010 848346938
00010 848673328
00010 852265578
00010 855340654
00010 855386556
00010 860768580
00010 862679720
00010 864582146
00010 868699196
00010 869595780
00010 869772446
00010 869776044
00010 871307628
00010 877241546
00010 878848524
00010 879647928
00010 880827000
00010 882202178
00010 884668618
00010 886131058
00010 888734094
00010 892304396
00010 895395132
00010 895904704
00010 900109890
00010 902239218
00010 906691728
00010 907026634
00010 910856362
00010 913721738
00010 914060230
00010 914938108
00010 916917650
00010 917829542
00010 919846750
00010 920384630
00010 921003080
00010 928283996
00010 930047072
00010 931551624
00010 933216422
00010 934491742
00010 938873278
00010 939188536
00010 940792626
00010 940990478
00010 948889116
00010 949607782
00010 957192258
00010 957686868
00010 960189580
00010 962290924
00010 963049816
00010 964389900
00010 965324200
00010 965993910
00010 967101138
00010 968225928
00010 974938500
00010 976028168
00010 977004186
00010 977316372
00010 978818430
00010 979283552
00010 985557558
00010 988317512
00010 990484228
00010 993675960
00010 1000011492
00010 1000017906
00010 1145720
00010 2517404
00010 4440942
00010 6417322
00010 7833876
00010 9737158
00010 12062360
00010 12079676
00010 13028506
00010 14855254
00010 14983150
00010 18969874
00010 23497338
00010 24131534
00010 26217278
00010 26753616
00010 26805646
00010 30564162
00010 33152978
00010 35162168
00010 36450434
00010 36690568
00010 37233582
00010 37566298
00010 37732564
00010 38903024
00010 41885884
00010 42645280
00010 44709270
00010 47490972
00010 48642726
00010 48888290
00010 52172976
00010 52571424
00010 52846026
00010 57145278
00010 58527848
00010 62952950
00010 64945944
00010 67045504
00010 68531294
00010 71373610
00010 71518570
00010 71872792
00010 76467138
00010 77807196
00010 81636214
00010 81963340
00010 82207154
00010 83492974
00010 85214444
00010 85326066
00010 86538856
00010 86700794
00010 89107948
00010 89651216
00010 90550710
00010 92915000
00010 93734446
00010 94436868
00010 97759876
00010 99598734
00010 102064360
00010 103056232
00010 107296432
00010 114320596
00010 114385222
00010 115568020
00010 115800426
00010 117704438
00010 124252442
00010 125336204
00010 126181898
00010 130436986
00010 131413742
00010 131517324
00010 132120166
00010 132126586
00010 134573508
00010 138099066
00010 138100796
00010 139691082
00010 140101600
00010 142922944
00010 143264800
00010 144707590
00010 145876712
00010 146144420
00010 148903536
00010 152630370
00010 152874106
00010 153990348
00010 154689316
00010 155917370
00010 156804892
00010 157576560
00010 159101936
00010 159653288
00010 159882294
00010 160748954
00010 163196310
00010 164611572
00010 167178404
00010 172257820
00010 173480114
00010 174656714
00010 174678600
00010 175544294
00010 182174792
00010 184101330
00010 187883696
00010 188933898
00010 194293172
00010 195577128
00010 201414174
00010 201962214
00010 203254372
00010 204174300
00010 204557112
00010 208132880
00010 210414188
00010 210457042
00010 214163908
00010 215859260
00010 216316620
00010 220054238
00010 222787654
00010 224237294
00010 225796606
00010 228930448
00010 229575822
00010 230847192
00010 231126364
00010 236656018
00010 238104476
00010 238285264
00010 242169170
00010 243040754
00010 244065168
00010 244484198
00010 244754410
00010 247920724
00010 250373386
00010 255119178
00010 262162130
00010 265311076
00010 266687650
00010 267774488
00010 269107130
00010 273033982
00010 274055710
00010 274816212
00010 276803496
00010 277973378
00010 281447558
00010 281707758
00010 282155590
00010 282603072
00010 282617670
00010 282927024
00010 286118066
00010 288493012
00010 294251130
00010 296679866
00010 297416632
00010 302996220
00010 303564848
00010 304662340
00010 305791842
00010 306307118
00010 307037496
00010 308345816
00010 308499922
00010 313408706
00010 315008692
00010 317137832
00010 317475020
00010 318619104
00010 319996770
00010 320980198
00010 321859004
00010 324535564
00010 324956492
00010 326484940
00010 326490428
00010 330899864
00010 331270192
00010 332108978
00010 336128624
00010 338755854
00010 341918976
00010 346626656
00010 350508270
00010 354195578
00010 354201654
00010 355087116
00010 355126066
00010 355851264
00010 359194318
00010 360552370
00010 362979200
00010 362982598
00010 365083992
00010 371674112
00010 372361902
00010 376948116
00010 377213436
00010 377662572
00010 383329700
00010 384290402
00010 384527674
00010 389222020
00010 391292946
00010 392106176
00010 392715522
00010 394973834
00010 395440260
00010 398018596
00010 398162158
00010 404685290
00010 408214978
00010 409391808
00010 409512450
00010 409659152
00010 411397738
00010 413890628
00010 415523730
00010 416999670
00010 422786080
00010 424416362
00010 424443920
00010 427826390
00010 427903888
00010 430824134
00010 432305778
00010 433723772
00010 433806476
00010 435890104
00010 435973260
00010 436172786
00010 437783718
00010 443170594
00010 445590872
00010 446189982
00010 448394478
00010 451182102
00010 452747864
00010 459196668
00010 468101450
00010 468484018
00010 470175464
00010 470646376
00010 470651570
00010 472733522
00010 472964166
00010 473742416
00010 477196828
00010 488133378
00010 489397638
00010 489803336
00010 490499722
00010 491852780
00010 492128174
00010 493439244
00010 495984704
00010 500322442
00010 506909446
00010 508585240
00010 508876112
00010 510478988
00010 510728898
00010 512362236
00010 516391472
00010 517062422
00010 519780228
00010 521781004
00010 523120912
00010 523628486
00010 527374852
00010 527768258
00010 529082902
00010 529595908
00010 531022046
00010 531487812
00010 534212602
00010 540638958
00010 542472522
00010 542837472
00010 547545734
00010 550212674
00010 553347876
00010 553468624
00010 554212708
00010 557959146
00010 558082182
00010 560765830
00010 563747984
00010 572174196
00010 574112604
00010 576166454
00010 576445288
00010 576610256
00010 577884120
00010 579366604
00010 581618894
00010 583676108
00010 591394300
00010 592722380
00010 593002426
00010 596479770
00010 596638046
00010 598644498
00010 599227724
00010 600364554
00010 600675278
00010 600974720
00010 604241890
00010 605411664
00010 606171700
00010 608972718
00010 609187172
00010 613693212
00010 615283194
00010 619788508
00010 620229306
00010 621080280
00010 621236714
00010 621932624
00010 622783668
00010 631311464
00010 631699366
00010 638260790
00010 638844750
00010 639448296
00010 639763234
00010 640305708
00010 642518930
00010 647317556
00010 651424998
00010 653532610
00010 654768662
00010 656789990
00010 657103416
00010 659753626
00010 660687854
00010 660884360
00010 668625564
00010 669864112
00010 670872140
00010 670911186
00010 672014644
00010 672796944
00010 678443424
00010 680371498
00010 680467286
00010 682818788
00010 683040620
00010 686464972
00010 687827906
00010 688855982
00010 688897088
00010 690061700
00010 699001614
00010 702257226
00010 706536756
00010 706778728
00010 707882724
00010 708193000
00010 714339010
00010 717719014
00010 718522736
00010 720103282
00010 721203436
00010 722332962
00010 722430242
00010 724730234
00010 725902532
00010 727939506
00010 730159472
00010 732323136
00010 733623686
00010 735760690
00010 736042434
00010 738956584
00010 740510710
00010 740677588
00010 740767410
00010 741136062
00010 742309218
00010 743104328
00010 748149482
00010 748283308
00010 750939952
00010 752969136
00010 754326844
00010 754758374
00010 756317080
00010 759393364
00010 762415126
00010 763646162
00010 763973234
00010 764119070
00010 764509728
00010 765704714
00010 773282766
00010 774192738
00010 774325674
00010 777885710
00010 778099882
00010 778459132
00010 780079404
00010 780640514
00010 781805146
00010 781894388
00010 783242322
00010 783306824
00010 785048846
00010 786190432
00010 792419464
00010 793057834
00010 794537150
00010 797896014
00010 798310824
00010 799299018
00010 804052258
00010 807785262
00010 809229572
00010 809936080
00010 811697980
00010 812167876
00010 813197320
00010 814795558
00010 820674184
00010 828068890
00010 830988046
00010 830989202
00010 831669264
00010 835939144
00010 837453896
00010 839802790
00010 840173194
00010 841725770
00010 846646186
00010 849397284
00010 849675208
00010 854592726
00010 858643302
00010 859190740
00010 859688116
00010 862166480
00010 862602620
00010 866221606
00010 866597490
00010 868497876
00010 870831474
00010 873783020
00010 873974076
00010 874245470
00010 876655042
00010 877509528
00010 877809802
00010 880960730
00010 881732650
00010 882757032
00010 882783862
00010 884870542
00010 886155962
00010 887057956
00010 887841760
00010 889989076
00010 890931558
00010 890960316
00010 893580888
00010 894887066
00010 895234348
00010 899489956
00010 900602762
00010 904743418
00010 907222726
00010 908325706
00010 909269992
00010 912675590
00010 916987432
00010 917580808
00010 921768920
00010 926812852
00010 927622316
00010 930375896
00010 931130662
00010 933127272
00010 933407426
00010 933851504
00010 940955266
00010 941267090
00010 941272892
00010 946474306
00010 950687690
00010 954695104
00010 955150530
00010 957188554
00010 960118074
00010 962950890
00010 963083850
00010 964107742
00010 966340044
00010 969398246
00010 970776538
00010 973558598
00010 974060678
00010 974973932
00010 975717170
00010 977145122
00010 978477406
00010 979805320
00010 980893212
00010 981062610
00010 982466498
00010 983241608
00010 984858640
00010 985010392
00010 987734214
00010 988172402
00010 989316964
00010 992167714
00010 993751236
00010 994877024
00010 995389416
00010 996766964
00010 997810824
00010 1088120
00010 4973170
00010 7274506
00010 7655660
00010 8921902
00010 13327128
00010 13364966
00010 15255972
00010 22100998
00010 23631292
00010 26332818
00010 28316228
00010 31297148
00010 34514046
00010 34647124
00010 36475566
00010 36502294
00010 44907262
00010 45779054
00010 46246418
00010 49094152
00010 50849696
00010 52182844
00010 53466042
00010 53922522
00010 56010980
00010 58011028
00010 60268682
00010 60618936
00010 60715146
00010 61817364
00010 63018952
00010 65203622
00010 65223374
00010 65323910
00010 67238070
00010 67584818
00010 68326364
00010 69652066
00010 69950522
00010 76084808
00010 79213868
00010 84736374
00010 86335678
00010 97121670
00010 97297246
00010 98891856
00010 99480866
00010 100997452
00010 102831978
00010 102902220
00010 104388906
00010 110774932
00010 110963868
00010 111672254
00010 112717658
00010 120658310
00010 123631446
00010 126960386
00010 127209502
00010 127406334
00010 130623004
00010 134631364
00010 138552044
00010 141539574
00010 145654930
00010 149321906
00010 154736568
00010 156402394
00010 163079094
00010 169402310
00010 169470722
00010 177507860
00010 183271698
00010 186315716
00010 189129122
00010 189860668
00010 190835888
00010 192223202
00010 194236902
00010 194723172
00010 196247346
00010 196772938
00010 196993836
00010 199175012
00010 204092846
00010 209021822
00010 209050360
00010 209411532
00010 210520306
00010 211204628
00010 211915412
00010 213965902
00010 214721772
00010 215480390
00010 216070048
00010 216611666
00010 217500188
00010 217512440
00010 221683814
00010 226934142
00010 227806488
00010 229715210
00010 231291442
00010 232099164
00010 233272972
00010 236651136
00010 236707894
00010 238166574
00010 243266364
00010 243512564
00010 250143822
00010 257637546
00010 258635422
00010 260131052
00010 262037888
00010 263277160
00010 264510444
00010 266681892
00010 270909746
00010 272673452
00010 275307540
00010 278147294
00010 280023500
00010 287278076
00010 287353082
00010 288044676
00010 290846690
00010 291018900
00010 295299546
00010 298993974
00010 299245738
00010 300680100
00010 307379198
00010 307508098
00010 308083384
00010 309115474
00010 311871018
00010 320390454
00010 321115870
00010 321190438
00010 321245504
00010 323933440
00010 323976960
00010 324713494
00010 325686264
00010 326622204
00010 327993904
00010 328997432
00010 330186468
00010 335605426
00010 337754276
00010 340143114
00010 344405438
00010 345598072
00010 347412522
00010 351280820
00010 353743942
00010 360570940
00010 365122352
00010 372567004
00010 373265170
00010 374506940
00010 378345388
00010 382341234
00010 384521570
00010 385970322
00010 386928272
00010 387825806
00010 390186840
00010 391367642
00010 391393792
00010 392031198
00010 392809210
00010 393969538
00010 398436086
00010 398503784
00010 402180826
00010 404684164
00010 408670120
00010 408938008
00010 409750896
00010 411090550
00010 413490982
00010 414090324
00010 420051486
00010 427501312
00010 429895956
00010 432330732
00010 436864792
00010 438782410
00010 439976940
00010 440118496
00010 440458682
00010 444552908
00010 446015968
00010 446089920
00010 448824938
00010 449223420
00010 453333046
00010 453977080
00010 456021408
00010 457343626
00010 461385706
00010 466042616
00010 466543822
00010 467177150
00010 469893716
00010 475361656
00010 475371174
00010 477550904
00010 478327270
00010 478360304
00010 480497034
00010 483621256
00010 485188140
00010 494761762
00010 496143650
00010 496896210
00010 497556130
00010 499451108
00010 504006962
00010 504225418
00010 504374648
00010 508508472
00010 509966708
00010 512266062
00010 523390506
00010 524198004
00010 525091660
00010 532870068
00010 534263082
00010 535528196
00010 539158014
00010 541346168
00010 541813232
00010 542238658
00010 549765756
00010 550242524
00010 554649524
00010 554922068
00010 555396742
00010 557083564
00010 564153772
00010 564507826
00010 566898148
00010 570432590
00010 570778784
00010 575124302
00010 578260562
00010 580748990
00010 581350756
00010 583632838
00010 587141064
00010 587253326
00010 591971220
00010 594090582
00010 595013814
00010 602341022
00010 606993538
00010 608387376
00010 609314638
00010 614888774
00010 615503578
00010 619993042
00010 620123238
00010 626512626
00010 627413898
00010 629242358
00010 629969676
00010 633091596
00010 634382632
00010 637215070
00010 644070512
00010 644930692
00010 649027754
00010 655873570
00010 656451906
00010 657347238
00010 661702738
00010 662436406
00010 662870810
00010 664331234
00010 670384876
00010 674977476
00010 676226454
00010 677571254
00010 677827628
00010 680698422
00010 682719256
00010 684506442
00010 685917336
00010 690270414
00010 690512296
00010 690960924
00010 691273350
00010 692971408
00010 694481034
00010 695552926
00010 695917176
00010 700037010
00010 704165930
00010 704177808
00010 704266616
00010 704345922
00010 704704708
00010 711956788
00010 712021022
00010 716098986
00010 716328750
00010 719350876
00010 719611980
00010 719701896
00010 720502894
00010 722525224
00010 723775786
00010 725994386
00010 728713626
00010 731804570
00010 732422940
00010 732970542
00010 735088084
00010 735863618
00010 735980314
00010 737263276
00010 737395360
00010 740214640
00010 740279426
00010 740503284
00010 741471862
00010 742589330
00010 743347138
00010 743706832
00010 745857816
00010 746099592
00010 746951546
00010 749537248
00010 749584834
00010 750427698
00010 757549466
00010 757793210
00010 763602806
00010 764652260
00010 766058636
00010 768530312
00010 768952652
00010 769257644
00010 774097850
00010 774551396
00010 774561790
00010 774746720
00010 776918922
00010 779892696
00010 780033902
00010 781645360
00010 787594954
00010 789588748
00010 790395236
00010 790959996
00010 792446528
00010 795881564
00010 801072506
00010 801186754
00010 801543362
00010 802406274
00010 803838808
00010 804427300
00010 804779174
00010 805073468
00010 807258706
00010 808214658
00010 810580288
00010 812248944
00010 812332446
00010 815033750
00010 815066752
00010 815985790
00010 816736138
00010 817528796
00010 820692020
00010 821378324
00010 821821108
00010 825134140
00010 828730886
00010 828861518
00010 829518666
00010 831999072
00010 834037496
00010 834357644
00010 834381816
00010 836738900
00010 840124206
00010 841810952
00010 843902602
00010 845706528
00010 848061722
00010 849026284
00010 851479222
00010 853309124
00010 856162146
00010 856699694
00010 856701450
00010 859067532
00010 860098438
00010 860646418
00010 860916164
00010 861485200
00010 862649370
00010 863485416
00010 868957190
00010 873488664
00010 878593656
00010 879452152
00010 880146060
00010 887664698
00010 890070744
00010 890979640
00010 895671448
00010 896003374
00010 896237376
00010 898597986
00010 901732448
00010 902149120
00010 904151952
00010 906712504
00010 906988784
00010 922714302
00010 924999888
00010 927540450
00010 927810044
00010 928388852
00010 930862524
00010 931170088
00010 933295812
00010 935260838
00010 936586636
00010 937143010
00010 937401240
00010 942844630
00010 946957796
00010 947102224
00010 951613634
00010 959294014
00010 961081262
00010 963819636
00010 969341552
00010 970131302
00010 971785690
00010 973704382
00010 974151764
00010 977545768
00010 980886636
00010 981747956
00010 981786364
00010 982292300
00010 984525438
00010 986598234
00010 989758436
00010 989803814
00010 991790316
00010 996085334
00010 997035856
00010 998950530
00010 1166490
00010 2090022
00010 4329686
00010 8012806
00010 8170272
00010 11802930
00010 12942014
00010 14898182
00010 20150866
00010 20668646
00010 25503752
00010 27016322
00010 29743354
00010 30603492
00010 34047014
00010 34098922
00010 34923716
00010 35543382
00010 36346438
00010 37039738
00010 37662420
00010 42965528
00010 43232730
00010 48728262
00010 51092624
00010 57265554
00010 57847216
00010 58059820
00010 58507108
00010 60570200
00010 62416382
00010 64256366
00010 64710316
00010 65494490
00010 66085812
00010 66133206
00010 67670136
00010 69965006
00010 70876810
00010 71821482
00010 73370234
00010 73613048
00010 73946406
00010 77587564
00010 81017876
00010 81751914
00010 85691284
00010 87950508
00010 88639882
00010 90548080
00010 93739340
00010 94591460
00010 96989980
00010 98418976
00010 100070164
00010 100635846
00010 105781066
00010 107156296
00010 109998712
00010 111818076
00010 111841112
00010 114055518
00010 115368404
00010 121361320
00010 124416888
00010 124782872
00010 131919954
00010 139973142
00010 141120232
00010 142723174
00010 145892764
00010 147104472
00010 147931206
00010 151247976
00010 151303640
00010 152351826
00010 154020686
00010 154528358
00010 155161692
00010 155430652
00010 156698450
00010 158901180
00010 160108080
00010 160467310
00010 160668280
00010 164383348
00010 165717628
00010 168537766
00010 168913186
00010 172797754
00010 173364200
00010 177119900
00010 179942298
00010 180253872
00010 180769508
00010 181544514
00010 183199284
00010 183671638
00010 186369812
00010 188945582
00010 189349978
00010 190182518
00010 194783224
00010 195422738
00010 198369338
00010 203917132
00010 205982198
00010 206888462
00010 207513730
00010 208280202
00010 210840696
00010 219429254
00010 219474278
00010 219549002
00010 219932136
00010 221350276
00010 225178688
00010 225225084
00010 227284896
00010 229374742
00010 232395130
00010 237576050
00010 244019098
00010 245525186
00010 252298860
00010 253077736
00010 253666412
00010 254365224
00010 254776872
00010 259819538
00010 262480902
00010 274089602
00010 274216110
00010 276561572
00010 284642180
00010 287634356
00010 289632330
00010 292575130
00010 293218178
00010 295117752
00010 299545666
00010 301423390
00010 302741664
00010 303972394
00010 305636714
00010 305663320
00010 306587060
00010 309064574
00010 309374490
00010 310034360
00010 313670772
00010 314260790
00010 314490568
00010 315341270
00010 315808274
00010 321432868
00010 321755832
00010 323341330
00010 323760216
00010 331422352
00010 331660854
00010 331778162
00010 334194646
00010 336318694
00010 336464978
00010 336877826
00010 339039862
00010 341838738
00010 341930490
00010 342091190
00010 345594568
00010 346369410
00010 350638518
00010 351351418
00010 355157976
00010 356625390
00010 357807622
00010 360596880
00010 363190990
00010 363260102
00010 364496188
00010 365635090
00010 365787456
00010 370830694
00010 372281714
00010 373875876
00010 376305882
00010 379631046
00010 389867260
00010 394206290
00010 395830798
00010 397499160
00010 397640160
00010 400246420
00010 401203024
00010 402820316
00010 403461954
00010 406764904
00010 412598610
00010 414035374
00010 417102054
00010 422207160
00010 428494586
00010 429150652
00010 429372666
00010 431084174
00010 431406602
00010 431892788
00010 434858222
00010 435512220
00010 437785922
00010 438672696
00010 442412046
00010 443137878
00010 443302752
00010 448431882
00010 448920670
00010 451427720
00010 452114206
00010 455376808
00010 455959148
00010 457455634
00010 459785708
00010 461003786
00010 462320798
00010 464148428
00010 465931700
00010 466044750
00010 466777338
00010 471708894
00010 476273762
00010 477732464
00010 482641592
00010 483534938
00010 485944696
00010 488337816
00010 489781592
00010 496322332
00010 498435298
00010 500019274
00010 500690708
00010 503161908
00010 503230120
00010 505042078
00010 506339406
00010 508091834
00010 515994566
00010 519535042
00010 519915782
00010 530597486
00010 535307972
00010 535447946
00010 535831834
00010 535934586
00010 540441318
00010 540929760
00010 541455146
00010 543271030
00010 543732636
00010 544293626
00010 545636566
00010 545846910
00010 546547040
00010 550452820
00010 552542718
00010 554563896
00010 557764250
00010 559621542
00010 561138074
00010 562033986
00010 570770036
00010 572795784
00010 577168174
00010 578420216
00010 581084922
00010 583057936
00010 583797886
00010 585841690
00010 588313936
00010 591197796
00010 593915896
00010 595480438
00010 595983006
00010 599187194
00010 599440408
00010 601600328
00010 605246236
00010 606142198
00010 610188052
00010 613182596
00010 614601486
00010 614639346
00010 614810182
00010 615256486
00010 618404594
00010 621319608
00010 624227372
00010 624533394
00010 629373634
00010 629818676
00010 631824412
00010 633096376
00010 633482090
00010 634085386
00010 641190820
00010 647573162
00010 648731724
00010 650086892
00010 650264272
00010 651856224
00010 652077988
00010 652434782
00010 655042202
00010 656051516
00010 656371086
00010 659685494
00010 661271272
00010 663050906
00010 663370600
00010 667146128
00010 668627466
00010 669644912
00010 672845230
00010 674236958
00010 676773992
00010 679619774
00010 681619394
00010 681666956
00010 685180638
00010 685861800
00010 689377722
00010 690579532
00010 691868026
00010 692735742
00010 693263276
00010 694814196
00010 696865390
00010 701033670
00010 705075720
00010 711252618
00010 712393934
00010 712539752
00010 716077082
00010 721926218
00010 724049490
00010 725681368
00010 726112090
00010 726770686
00010 727205074
00010 735225948
00010 739030532
00010 740900662
00010 741436616
00010 743105082
00010 744911246
00010 745013614
00010 745017466
00010 745436868
00010 746049546
00010 746245348
00010 750459250
00010 750560048
00010 751354432
00010 752149944
00010 753374090
00010 756493360
00010 762048250
00010 762525894
00010 763526430
00010 764839224
00010 768361610
00010 769332118
00010 771813110
00010 772212994
00010 773370164
00010 775148240
00010 777272294
00010 779917992
00010 780068168
00010 780430322
00010 786552476
00010 790696072
00010 791385710
00010 791549822
00010 792568784
00010 797451116
00010 797681954
00010 799081006
00010 800051024
00010 801694524
00010 803384806
00010 807657398
00010 809500326
00010 811295760
00010 811467394
00010 811995888
00010 814970296
00010 817764890
00010 820975088
00010 821330662
00010 821479904
00010 823302284
00010 823308634
00010 823354174
00010 824370344
00010 824467360
00010 826213148
00010 829958538
00010 832169212
00010 834000430
00010 837776238
00010 839699254
00010 843557674
00010 846198702
00010 853116040
00010 853123088
00010 853229234
00010 856120590
00010 857499440
00010 857581978
00010 857706106
00010 857770282
00010 858378926
00010 859620350
00010 861917974
00010 864047382
00010 867217120
00010 867866460
00010 872773986
00010 878138658
00010 878252112
00010 879121082
00010 879235780
00010 883269456
00010 887540672
00010 887683978
00010 888068152
00010 889119538
00010 894317526
00010 894438924
00010 894471096
00010 895472144
00010 898110530
00010 898146184
00010 899188520
00010 901853318
00010 906505734
00010 906630818
00010 906755180
00010 907608104
00010 911401232
00010 915051884
00010 918097130
00010 918099886
00010 918164010
00010 918467252
00010 918946410
00010 918958126
00010 924547486
00010 928413254
00010 929593498
00010 932355806
00010 933084560
00010 935325164
00010 938469046
00010 941177490
00010 942601068
00010 944149870
00010 944156378
00010 945344916
00010 950037810
00010 953933206
00010 954835534
00010 956763960
00010 957716702
00010 958527394
00010 960564284
00010 961090164
00010 965887240
00010 967059642
00010 967106844
00010 970077848
00010 980133830
00010 982730124
00010 983549882
00010 983844346
00010 987074088
00010 987105820
00010 987417806
00010 990291342
00010 990474066
00010 990792082
00010 997218160
00010 999892860
00010 1929586
00010 2236666
00010 2863832
00010 3202756
00010 5311318
00010 7473806
00010 7480746
00010 8422764
00010 8809178
00010 15931914
00010 16941370
00010 17910794
00010 27188754
00010 27876242
00010 34518474
00010 36198546
00010 41365550
00010 42389012
00010 42575702
00010 42613980
00010 46108236
00010 46998196
00010 48865812
00010 49495378
00010 50203030
00010 50252102
00010 52232288
00010 53699818
00010 53744106
00010 56698148
00010 59829442
00010 63113054
00010 63397440
00010 64302552
00010 67055560
00010 67211762
00010 70465876
00010 70577612
00010 70804852
00010 72294964
00010 73974244
00010 75342744
00010 76212824
00010 86665960
00010 89377374
00010 91116132
00010 92595596
00010 92802914
00010 93010938
00010 93712204
00010 95229384
00010 97284120
00010 98628044
00010 101262012
00010 101342916
00010 102073570
00010 102596422
00010 102716736
00010 103385910
00010 104532834
00010 105755116
00010 110286106
00010 110685640
00010 112440712
00010 115682990
00010 116135006
00010 116182438
00010 122024782
00010 124748576
00010 124794980
00010 126961686
00010 127854982
00010 134331118
00010 136192914
00010 136244432
00010 147468572
00010 151151780
00010 151575668
00010 153396628
00010 156542606
00010 156890022
00010 156965980
00010 160141660
00010 161756144
00010 162384340
00010 163268814
00010 163563588
00010 163813732
00010 164248900
00010 171861396
00010 176550004
00010 176640732
00010 182100284
00010 182682498
00010 195469764
00010 195884654
00010 197715736
00010 200638074
00010 202487104
00010 204930950
00010 205612234
00010 206991990
00010 207097360
00010 207645192
00010 209025190
00010 209695618
00010 210663120
00010 210981302
00010 215138124
00010 216526008
00010 219271822
00010 219722516
00010 221472502
00010 223500020
00010 227128090
00010 227426052
00010 232174680
00010 234050088
00010 234112388
00010 234794604
00010 234896654
00010 242672702
00010 249663618
00010 254026510
00010 254357300
00010 255105566
00010 255464558
00010 256762784
00010 258155448
00010 258202958
00010 258559284
00010 258643276
00010 258966758
00010 260890126
00010 262493772
00010 262675714
00010 265849348
00010 271666570
00010 271741268
00010 275555086
00010 278849012
00010 282406260
00010 284046542
00010 284417944
00010 284874934
00010 295515452
00010 295552498
00010 299513594
00010 301350282
00010 302052632
00010 302128898
00010 302434636
00010 303174670
00010 305568864
00010 308634758
00010 309164118
00010 309639900
00010 310475010
00010 311148506
00010 311794132
00010 315827434
00010 320741774
00010 321915528
00010 326269988
00010 329155540
00010 330162238
00010 334669300
00010 335263672
00010 335481890
00010 338723164
00010 340071614
00010 341242054
00010 343289934
00010 347976342
00010 350076180
00010 353960280
00010 355272748
00010 359839830
00010 359972352
00010 361680140
00010 365006484
00010 367670550
00010 368715340
00010 370126930
00010 371137770
00010 371309028
00010 372729388
00010 375429496
00010 375577034
00010 375714922
00010 376160412
00010 376662024
00010 377750400
00010 383496104
00010 383997322
00010 389028442
00010 391635858
00010 393267142
00010 393984548
00010 399408738
00010 399490382
00010 399718512
00010 399738220
00010 402884414
00010 404958818
00010 404984440
00010 407317354
00010 409858984
00010 411480026
00010 412569598
00010 418605128
00010 418816698
00010 419556828
00010 422959390
00010 425023572
00010 430320214
00010 431499266
00010 432013476
00010 432142470
00010 432415244
00010 434779990
00010 436396544
00010 440624456
00010 442961582
00010 445105428
00010 445420914
00010 447128652
00010 448179506
00010 448404454
00010 448407672
00010 448412438
00010 449663396
00010 451852102
00010 455367084
00010 456505940
00010 457101014
00010 457376246
00010 459340584
00010 459377948
00010 459653500
00010 460476166
00010 460886312
00010 461543292
00010 461826812
00010 463010710
00010 464703048
00010 465882814
00010 466811562
00010 468092366
00010 468574674
00010 475821768
00010 476994774
00010 479595500
00010 486348680
00010 486620988
00010 487841904
00010 493922174
00010 494501272
00010 497040130
00010 500469604
00010 501957578
00010 503425858
00010 507765706
00010 517294062
00010 518926890
00010 519871772
00010 521537518
00010 521628244
00010 522585484
00010 523987206
00010 526345130
00010 526670470
00010 526773840
00010 532230872
00010 535746958
00010 535831358
00010 535890754
00010 540224196
00010 540276296
00010 541775518
00010 542648432
00010 543312594
00010 545535878
00010 547240402
00010 554776846
00010 558683030
00010 561395122
00010 565403880
00010 565463128
00010 565640722
00010 567180120
00010 568278778
00010 568335152
00010 568784018
00010 570936030
00010 576276666
00010 583480224
00010 583676934
00010 584456586
00010 591565924
00010 593195538
00010 594143716
00010 598343444
00010 599226628
00010 600925006
00010 602593980
00010 602941992
00010 605138634
00010 606276862
00010 610889044
00010 613412030
00010 613941500
00010 617086500
00010 618463606
00010 618875770
00010 620250474
00010 621535980
00010 628813178
00010 632570902
00010 639838598
00010 640160132
00010 640175168
00010 645245926
00010 645521240
00010 646485866
00010 647205598
00010 647521888
00010 650173774
00010 652390072
00010 653520722
00010 655834708
00010 661009246
00010 661490528
00010 664685306
00010 665275624
00010 666044484
00010 670361564
00010 670454306
00010 671176768
00010 671401106
00010 671949910
00010 672510198
00010 674477310
00010 675076808
00010 676956624
00010 679439764
00010 682213462
00010 683070954
00010 688014156
00010 688426090
00010 690596010
00010 690995174
00010 702911648
00010 704473386
00010 704893330
00010 707410476
00010 709052478
00010 711623340
00010 712790540
00010 714022176
00010 714486950
00010 714579388
00010 723657088
00010 724404206
00010 725326704
00010 726164418
00010 728246316
00010 732683884
00010 734025764
00010 737921562
00010 738101852
00010 738880000
00010 739633808
00010 739769280
00010 746612180
00010 746829614
00010 747982356
00010 749453578
00010 750374990
00010 751288720
00010 758401390
00010 759536338
00010 760796100
00010 767689674
00010 768335562
00010 770479462
00010 775788922
00010 776480666
00010 777465712
00010 780385464
00010 781188030
00010 781249700
00010 783475500
00010 786565570
00010 787764930
00010 791259548
00010 795207598
00010 796008566
00010 798233268
00010 801615550
00010 807079086
00010 807500620
00010 809368208
00010 809567012
00010 811777374
00010 812438634
00010 818004848
00010 821527288
00010 822644680
00010 831055484
00010 837995802
00010 838996352
00010 842172580
00010 843194904
00010 843346912
00010 847778522
00010 848249552
00010 851739930
00010 851888090
00010 855009128
00010 855405998
00010 857409920
00010 858941494
00010 860984504
00010 861838742
00010 861896426
00010 864906020
00010 864919392
00010 865275446
00010 869254924
00010 878962960
00010 880463210
00010 882325878
00010 889353738
00010 892997368
00010 895026712
00010 895171258
00010 897957752
00010 897961458
00010 899159934
00010 903429440
00010 904712222
00010 905060240
00010 905315156
00010 908849188
00010 909549192
00010 912781214
00010 915346270
00010 917944072
00010 918117620
00010 923635974
00010 924255674
00010 927432934
00010 928568996
00010 928837746
00010 929182480
00010 934111594
00010 935560522
00010 939018784
00010 940917688
00010 946767146
00010 947838430
00010 947997878
00010 948002298
00010 951903526
00010 952772542
00010 954018496
00010 956525334
00010 958323780
00010 958930766
00010 959729792
00010 962053540
00010 962941794
00010 963297504
00010 963489216
00010 963539604
00010 965122152
00010 967662172
00010 970477702
00010 973341478
00010 974327506
00010 977364494
00010 979003468
00010 979707976
00010 982313550
00010 983550404
00010 987423098
00010 988821624
00010 990824792
00010 993166032
00010 961876
00010 1494034
00010 8027734
00010 8999986
00010 9140018
00010 13790102
00010 17469252
00010 18119398
00010 21553544
00010 25719950
00010 29664520
00010 33202358
00010 35621380
00010 37113106
00010 37185852
00010 41928712
00010 44280270
00010 46087856
00010 46588314
00010 46720852
00010 48184210
00010 50244708
00010 52785972
00010 53102568
00010 59350934
00010 59750942
00010 63540826
00010 64091540
00010 64430254
00010 65773356
00010 66359366
00010 71262370
00010 71396710
00010 72303340
00010 76236492
00010 76877322
00010 77705796
00010 78058964
00010 78373376
00010 78939008
00010 81481480
00010 83728890
00010 87966824
00010 91357244
00010 92011644
00010 98362200
00010 99533822
00010 101745292
00010 102254274
00010 102407100
00010 103712312
00010 105795428
00010 109201212
00010 110071998
00010 115708784
00010 117428100
00010 118873106
00010 121029670
00010 121344760
00010 124549414
00010 124584712
00010 128186540
00010 129043418
00010 131859832
00010 136092792
00010 136916152
00010 138431816
00010 138950128
00010 139807376
00010 140709030
00010 147524716
00010 154658586
00010 157676154
00010 157678302
00010 158488166
00010 163402240
00010 167272866
00010 167967290
00010 170293526
00010 170332876
00010 172854312
00010 174561032
00010 175746112
00010 176928668
00010 182822102
00010 183761760
00010 190791868
00010 191853702
00010 191868772
00010 193049066
00010 194763890
00010 199972870
00010 201517114
00010 202361992
00010 205836366
00010 208220374
00010 209610776
00010 209801276
00010 210361972
00010 210611896
00010 210747324
00010 214617474
00010 216793278
00010 217258228
00010 217521378
00010 221689474
00010 222538520
00010 225652802
00010 229649930
00010 230849152
00010 235905702
00010 238693428
00010 243015792
00010 243241486
00010 248335322
00010 250320750
00010 252569556
00010 260081474
00010 263218408
00010 265128770
00010 266271584
00010 267182026
00010 270959972
00010 271923042
00010 288463078
00010 290363532
00010 290808838
00010 293706682
00010 294547170
00010 296360674
00010 297252362
00010 298532166
00010 305484040
00010 306884494
00010 313000972
00010 313679880
00010 317862230
00010 318368742
00010 319764808
00010 322246382
00010 323013160
00010 323455134
00010 324613432
00010 328400564
00010 329489806
00010 329990038
00010 330970014
00010 332315368
00010 333105658
00010 333889952
00010 333927254
00010 335469214
00010 340758566
00010 343720388
00010 343789210
00010 346053090
00010 348681144
00010 349212648
00010 349487094
00010 350589840
00010 356662134
00010 356696518
00010 357562420
00010 361097658
00010 367319510
00010 371163596
00010 372648154
00010 376277004
00010 382264614
00010 382714628
00010 383493364
00010 387486670
00010 388558062
00010 389804564
00010 390161368
00010 391631346
00010 393848226
00010 395228198
00010 396369660
00010 400554970
00010 405165650
00010 411950660
00010 413061888
00010 415629528
00010 415863874
00010 416327814
00010 416570730
00010 416623318
00010 419964300
00010 420754608
00010 422181346
00010 425280188
00010 426286136
00010 427740914
00010 427809962
00010 436668326
00010 438909916
00010 441383122
00010 441415066
00010 441661544
00010 442683008
00010 453813844
00010 455976812
00010 456324478
00010 459778626
00010 460990568
00010 465678186
00010 474238618
00010 476458878
00010 483622050
00010 484969784
00010 485463694
00010 489487048
00010 489505284
00010 494903750
00010 495691944
00010 497540986
00010 498248488
00010 503878362
00010 505775200
00010 510329124
00010 514195182
00010 515245146
00010 515933318
00010 516019244
00010 519966026
00010 521706948
00010 521833750
00010 522269542
00010 527003392
00010 527623882
00010 528937762
00010 534703240
00010 537454016
00010 539141768
00010 539521654
00010 540668146
00010 542509970
00010 543103508
00010 543426156
00010 547108536
00010 550341570
00010 550409028
00010 551222848
00010 555085658
00010 556204272
00010 558525250
00010 560631606
00010 567484324
00010 569082476
00010 569719248
00010 570253554
00010 570711008
00010 572235592
00010 572338480
00010 572582688
00010 574946490
00010 575519402
00010 580165606
00010 583745716
00010 585578458
00010 585952716
00010 586555944
00010 595018570
00010 596810328
00010 602258362
00010 602562948
00010 602953728
00010 610023076
00010 611234118
00010 612001456
00010 613796890
00010 618225556
00010 618801560
00010 619377948
00010 621444478
00010 628042150
00010 628878558
00010 630745584
00010 631410880
00010 634498590
00010 635484156
00010 636157210
00010 637913508
00010 638778472
00010 639532788
00010 646843444
00010 650574726
00010 652080232
00010 654826728
00010 655128292
00010 658354832
00010 660428102
00010 660633642
00010 661454680
00010 661998882
00010 662264258
00010 663388870
00010 663434220
00010 665864002
00010 666107730
00010 667714996
00010 667716176
00010 667790904
00010 669261860
00010 669627704
00010 669633234
00010 673953230
00010 676869076
00010 684460656
00010 685557040
00010 689236484
00010 690762000
00010 694202338
00010 697212402
00010 698026894
00010 698914396
00010 700807934
00010 701243636
00010 703199888
00010 703753956
00010 704467722
00010 705891576
00010 706806108
00010 714841080
00010 716018474
00010 716020450
00010 716398856
00010 718969812
00010 721493250
00010 721558418
00010 722516784
00010 731054388
00010 731733396
00010 731848798
00010 736451400
00010 737765616
00010 739295522
00010 746291002
00010 748048358
00010 748369632
00010 751565444
00010 753163414
00010 756942162
00010 757498034
00010 758163632
00010 758844984
00010 759807220
00010 761574218
00010 761642242
00010 762241218
00010 763567484
00010 763814306
00010 765022028
00010 765233022
00010 766145066
00010 766751390
00010 774443618
00010 778324892
00010 778898926
00010 779936204
00010 784549184
00010 791540924
00010 791905404
00010 797447158
00010 800070454
00010 800089838
00010 801864768
00010 802810928
00010 804465664
00010 807463286
00010 807475818
00010 809157806
00010 809263116
00010 810313502
00010 810841706
00010 811546872
00010 820208356
00010 825827078
00010 829209014
00010 835483070
00010 835909602
00010 837100412
00010 852284674
00010 858442514
00010 863447906
00010 863566742
00010 863568540
00010 869285654
00010 873951670
00010 874867898
00010 875509146
00010 886980112
00010 888929378
00010 889302076
00010 889362022
00010 893381760
00010 894468812
00010 894774486
00010 895290406
00010 902741904
00010 903863084
00010 911381008
00010 912882890
00010 913886648
00010 915591450
00010 918434350
00010 921145078
00010 922599554
00010 922836202
00010 923491576
00010 924049392
00010 924712928
00010 928841794
00010 929022674
00010 933399322
00010 935680562
00010 936702572
00010 937874690
00010 939070572
00010 939770832
00010 944211100
00010 948874488
00010 954783556
00010 956740078
00010 957926464
00010 959554060
00010 965728410
00010 972501650
00010 977576330
00010 978168068
00010 983699856
00010 984454946
00010 986713724
00010 992314156
00010 992575408
00010 992820026
00010 993073922
00010 993605828
00010 993817372
00010 997980522
00010 1000493496
00010 1000658496
00010 3845574
00010 4717410
00010 8922610
00010 9958922
00010 11684986
00010 12130354
00010 12585502
00010 14253982
00010 15626188
00010 17096926
00010 17299300
00010 17678866
00010 20190128
00010 21154824
00010 21819014
00010 24598702
00010 25685490
00010 26228810
00010 28328752
00010 35657242
00010 37683068
00010 38888086
00010 40182266
00010 40641694
00010 43000618
00010 45198992
00010 46239978
00010 46277244
00010 46359700
00010 49098904
00010 58097630
00010 58213158
00010 59859846
00010 67502676
00010 70055082
00010 74013924
00010 74530310
00010 78630872
00010 80886188
00010 82010510
00010 85708752
00010 87271454
00010 92098352
00010 93902174
00010 95655552
00010 97817446
00010 101928760
00010 103581832
00010 105376640
00010 107790480
00010 114889646
00010 119531574
00010 121421636
00010 123051300
00010 127383516
00010 128233336
00010 129746340
00010 130925812
00010 132362528
00010 135927206
00010 136913440
00010 138052596
00010 138054418
00010 138392528
00010 138749996
00010 140213300
00010 143041230
00010 144370628
00010 145395070
00010 146719786
00010 147939464
00010 148414638
00010 150433216
00010 151231704
00010 152221992
00010 153428890
00010 158512398
00010 159121474
00010 160164270
00010 161493024
00010 163906358
00010 164141100
00010 165758606
00010 170634420
00010 174465200
00010 179970648
00010 180576284
00010 182031290
00010 185261310
00010 185357938
00010 185704090
00010 185785506
00010 186234896
00010 186895178
00010 188034810
00010 189038716
00010 191292160
00010 200346498
00010 200519038
00010 201594664
00010 203352644
00010 205002222
00010 209338672
00010 210527970
00010 212422984
00010 215155692
00010 216136884
00010 216718202
00010 219859664
00010 221452878
00010 221560868
00010 221771380
00010 222666612
00010 226235970
00010 227519162
00010 230586632
00010 231889896
00010 234378240
00010 242439588
00010 243072688
00010 243192804
00010 243658382
00010 244134248
00010 244628578
00010 246229248
00010 248186492
00010 250811730
00010 253064356
00010 253191746
00010 254725116
00010 258771802
00010 260873970
00010 262560794
00010 264787486
00010 275354942
00010 276320028
00010 279204280
00010 280604696
00010 280702126
00010 281375248
00010 283338006
00010 290327088
00010 291221402
00010 294666860
00010 294979566
00010 295082502
00010 297650792
00010 298265360
00010 306874546
00010 309519918
00010 312065094
00010 314690062
00010 316009056
00010 316629466
00010 320863442
00010 321500066
00010 326212756
00010 327635140
00010 327790968
00010 328832756
00010 328921848
00010 329556840
00010 330766876
00010 331434282
00010 334067554
00010 334341450
00010 334376950
00010 337117710
00010 338705480
00010 344648760
00010 346584060
00010 348043742
00010 349276742
00010 349932884
00010 350005482
00010 358663334
00010 358846150
00010 363858436
00010 368415430
00010 368504068
00010 368994258
00010 369048558
00010 369256044
00010 372777770
00010 375158050
00010 375721302
00010 375833128
00010 378324698
00010 378386646
00010 379732154
00010 381381618
00010 382123704
00010 382938512
00010 386469502
00010 387225492
00010 388493560
00010 389372106
00010 390569108
00010 399411806
00010 405223474
00010 405841178
00010 406866740
00010 407896260
00010 408229812
00010 409127484
00010 409454242
00010 431583628
00010 432112598
00010 432633744
00010 434106206
00010 435342400
00010 436297170
00010 437469242
00010 439730206
00010 440935710
00010 442414988
00010 443215574
00010 443635372
00010 445864348
00010 450553920
00010 451719590
00010 453789590
00010 453870364
00010 456739240
00010 459096438
00010 460466496
00010 462689778
00010 465328302
00010 469382242
00010 471378388
00010 474072830
00010 476295504
00010 478075150
00010 483622480
00010 484578398
00010 489745916
00010 490914370
00010 492212400
00010 496627636
00010 497355254
00010 499091280
00010 501910868
00010 503030132
00010 506546460
00010 506586998
00010 508599770
00010 509220582
00010 511209770
00010 512124736
00010 512648478
00010 516109938
00010 517220378
00010 517450922
00010 518227746
00010 521642922
00010 523162776
00010 529650360
00010 529849738
00010 532323882
00010 538297674
00010 542853840
00010 542958070
00010 544434124
00010 544559678
00010 550168856
00010 553148050
00010 554016324
00010 555374020
00010 559339022
00010 559870622
00010 561555534
00010 564302306
00010 568084472
00010 568888528
00010 569043226
00010 569331522
00010 577016788
00010 578488516
00010 581051318
00010 581524474
00010 581592684
00010 583958922
00010 584216246
00010 587081486
00010 588576200
00010 588989402
00010 589223258
00010 592708894
00010 592793220
00010 593082582
00010 595752326
00010 597891706
00010 600042162
00010 602873134
00010 608511674
00010 610423246
00010 612600364
00010 615598262
00010 617475156
00010 617776494
00010 618359032
00010 621572786
00010 622170432
00010 622562606
00010 624582160
00010 627115392
00010 628191616
00010 628230474
00010 628992320
00010 630145256
00010 633015452
00010 636634342
00010 637730006
00010 637963978
00010 639696236
00010 642249088
00010 642312518
00010 644692330
00010 645603020
00010 645803950
00010 645837948
00010 649563594
00010 651176074
00010 651244104
00010 652043416
00010 652162398
00010 654630794
00010 655407228
00010 655472736
00010 658391468
00010 660121588
00010 663861504
00010 665708596
00010 667338158
00010 671454954
00010 676504172
00010 678534158
00010 679164176
00010 679968196
00010 680478282
00010 680665742
00010 683144860
00010 684405400
00010 685914444
00010 690172976
00010 690346326
00010 692503436
00010 692833894
00010 696070040
00010 696467918
00010 698275548
00010 698806316
00010 702350654
00010 704760370
00010 705460936
00010 710005020
00010 710371232
00010 710493416
00010 710776734
00010 710950178
00010 713285536
00010 713863314
00010 714341802
00010 718371114
00010 718729588
00010 721162038
00010 723901798
00010 723908870
00010 724917806
00010 725720832
00010 737871950
00010 739184932
00010 741619740
00010 743195664
00010 747158544
00010 749608274
00010 749778010
00010 752171058
00010 752258188
00010 752320000
00010 753369004
00010 756550700
00010 759196688
00010 760928486
00010 762826226
00010 768581690
00010 770271116
00010 773106120
00010 773616276
00010 777359580
00010 777849802
00010 778667076
00010 779574402
00010 779646986
00010 781464906
00010 782022224
00010 792425894
00010 793309198
00010 795104174
00010 795998846
00010 796646322
00010 800230972
00010 800597884
00010 802585978
00010 804274608
00010 804885266
00010 806989810
00010 807843554
00010 807885034
00010 810957490
00010 812139716
00010 812331840
00010 816417530
00010 819442546
00010 821078638
00010 823400698
00010 825819552
00010 826339954
00010 829098636
00010 831484366
00010 832329610
00010 833998122
00010 835228004
00010 841413158
00010 841555792
00010 842448304
00010 845970110
00010 848053438
00010 850186720
00010 850288652
00010 850916938
00010 851557350
00010 856889638
00010 857031850
00010 857818788
00010 861325192
00010 861642794
00010 863048910
00010 863050142
00010 864693700
00010 869074998
00010 869508874
00010 871314388
00010 872623396
00010 874253140
00010 877870988
00010 880867120
00010 882619144
00010 883401210
00010 883760842
00010 886506818
00010 886917082
00010 888011232
00010 890001124
00010 890953386
00010 892739988
00010 893684372
00010 900025160
00010 902384036
00010 903306636
00010 905225224
00010 907283070
00010 910717942
00010 911985762
00010 914512890
00010 914615168
00010 915147102
00010 915758958
00010 915812912
00010 921374068
00010 924741806
00010 926526964
00010 926562368
00010 926857826
00010 933232456
00010 936699184
00010 942614952
00010 944333946
00010 945472182
00010 949632550
00010 950031086
00010 955898372
00010 956883262
00010 957727858
00010 961823718
00010 961978176
00010 962743450
00010 962804538
00010 965598888
00010 966071050
00010 976389862
00010 981007960
00010 982131772
00010 983009646
00010 988537408
00010 991352716
00010 991742038
00010 991946486
00010 994619368
00010 994688260
00010 996828564
