00010 1456556
00010 1569502
00010 5237296
00010 6043970
00010 6666520
00010 6772060
00010 6897038
00010 6905776
00010 11018486
00010 11032750
00010 11489428
00010 13120366
00010 17168652
00010 22726016
00010 22959342
00010 34788026
00010 45369926
00010 46449122
00010 47033082
00010 48234014
00010 48760798
00010 49180888
00010 49870982
00010 50638138
00010 51568930
00010 52317240
00010 60513698
00010 65209982
00010 67322136
00010 67781386
00010 68825112
00010 69091330
00010 74876884
00010 76617292
00010 78210840
00010 81553374
00010 82787652
00010 83955302
00010 84582720
00010 89365814
00010 91980212
00010 95174216
00010 96129628
00010 98478952
00010 98844252
00010 103631744
00010 106438428
00010 114247776
00010 114499888
00010 117053748
00010 118445832
00010 121919978
00010 123000482
00010 124008276
00010 127118416
00010 130314504
00010 132248354
00010 134059760
00010 136193474
00010 136821556
00010 140469548
00010 141227600
00010 145143266
00010 149409398
00010 150009806
00010 150125806
00010 150884576
00010 150956424
00010 152971388
00010 154274402
00010 155399132
00010 158634784
00010 158937574
00010 159630384
00010 164523492
00010 165059642
00010 166705136
00010 166947696
00010 167182176
00010 168146946
00010 168189924
00010 169439248
00010 170443136
00010 172160090
00010 172774204
00010 172848992
00010 173752996
00010 174566506
00010 179153790
00010 181726164
00010 183033934
00010 183936256
00010 183981978
00010 184403124
00010 185652290
00010 188478650
00010 188479866
00010 188965930
00010 189563332
00010 189922198
00010 193103846
00010 193691162
00010 195420312
00010 197501522
00010 199668838
00010 201669410
00010 202205184
00010 202388294
00010 202512038
00010 205740514
00010 208158712
00010 211729822
00010 211944486
00010 213099198
00010 216051140
00010 224317362
00010 224872324
00010 225325374
00010 226494168
00010 228280154
00010 229958090
00010 230797912
00010 232616014
00010 233607704
00010 236054146
00010 236223984
00010 236605802
00010 239143796
00010 240712470
00010 242542234
00010 244351446
00010 244371360
00010 244725868
00010 244821174
00010 245638224
00010 248330456
00010 249263870
00010 250465124
00010 252155684
00010 252370766
00010 253430948
00010 254682004
00010 255513546
00010 259875656
00010 262312928
00010 262403598
00010 262480766
00010 263074864
00010 263382338
00010 270265890
00010 273832382
00010 273872614
00010 276607458
00010 280592382
00010 281754034
00010 287191022
00010 287484850
00010 291502984
00010 293892086
00010 295104284
00010 295336444
00010 298848624
00010 300476716
00010 301033940
00010 301086478
00010 304732514
00010 306869584
00010 308792652
00010 315276654
00010 319518192
00010 324388866
00010 325776970
00010 326966194
00010 328619518
00010 328745064
00010 330662816
00010 332032764
00010 333366452
00010 334416342
00010 334702082
00010 335866122
00010 336195934
00010 336416558
00010 341805262
00010 342153080
00010 342854586
00010 347257276
00010 351721110
00010 356660488
00010 357617514
00010 359650356
00010 359714986
00010 363290500
00010 363691554
00010 364500572
00010 364769426
00010 365085356
00010 365685256
00010 367246244
00010 369502042
00010 371406374
00010 372240164
00010 375218144
00010 376145190
00010 377230000
00010 377421596
00010 379041056
00010 379140850
00010 379717664
00010 381715324
00010 381977662
00010 382011790
00010 389035928
00010 391278018
00010 394564028
00010 405129174
00010 405357372
00010 407163214
00010 407818184
00010 408907236
00010 409214434
00010 419992190
00010 420175182
00010 427137566
00010 428470372
00010 437114348
00010 437699980
00010 437756464
00010 440843012
00010 441454684
00010 442244074
00010 444609580
00010 446827100
00010 448227740
00010 451296324
00010 460740036
00010 463008458
00010 463251582
00010 465184150
00010 468188872
00010 469648732
00010 470031926
00010 470199672
00010 470741776
00010 472532770
00010 474861088
00010 475357364
00010 475911092
00010 477288590
00010 479616284
00010 486495582
00010 489108166
00010 491944954
00010 491985584
00010 492531010
00010 493650108
00010 497502368
00010 497523498
00010 501005640
00010 502325368
00010 504379990
00010 504554664
00010 507786420
00010 512629170
00010 515295190
00010 518825064
00010 520883328
00010 522460906
00010 523148878
00010 525424866
00010 526242950
00010 529031662
00010 530092312
00010 533598492
00010 536411648
00010 536734966
00010 537964204
00010 540326540
00010 540738812
00010 541631720
00010 542004702
00010 543396812
00010 544149026
00010 549234106
00010 552115146
00010 552822908
00010 555152168
00010 557125992
00010 561716148
00010 562158188
00010 567067164
00010 568616258
00010 570562652
00010 572596616
00010 572946584
00010 573023080
00010 573309550
00010 573709512
00010 574433082
00010 577128192
00010 577808796
00010 579557322
00010 581800612
00010 583019342
00010 585420888
00010 585464410
00010 585753006
00010 586669778
00010 589141830
00010 591502678
00010 593325786
00010 597057596
00010 600382026
00010 600697236
00010 608892326
00010 610001854
00010 612882860
00010 615577560
00010 615869114
00010 620430076
00010 620867896
00010 622493830
00010 622556616
00010 622581634
00010 624914846
00010 628557466
00010 635350824
00010 636965154
00010 637175688
00010 637917848
00010 641743794
00010 642111540
00010 647573194
00010 651322868
00010 651625154
00010 656848420
00010 658175128
00010 659880498
00010 660411506
00010 660942712
00010 661065352
00010 661295494
00010 661358310
00010 662959260
00010 663643236
00010 667578074
00010 668562240
00010 668750624
00010 672916552
00010 674998638
00010 676269508
00010 678840920
00010 682911350
00010 683442574
00010 684727612
00010 692693638
00010 694191050
00010 698507156
00010 702509146
00010 703993304
00010 704038552
00010 708381366
00010 710800350
00010 712045458
00010 714633234
00010 718455346
00010 719173516
00010 719962452
00010 726461024
00010 726697670
00010 728030704
00010 730758266
00010 732462192
00010 734301836
00010 736097570
00010 738796790
00010 739194678
00010 739604566
00010 739608312
00010 744932118
00010 745964436
00010 746778682
00010 747022238
00010 750106790
00010 752563004
00010 752991764
00010 753430836
00010 756728730
00010 756871840
00010 757123670
00010 760779770
00010 761188652
00010 762390690
00010 764123244
00010 764767958
00010 768674036
00010 768704172
00010 771520842
00010 775002200
00010 775099602
00010 778153200
00010 781220022
00010 783901158
00010 785125566
00010 790259970
00010 790443822
00010 791131656
00010 794335702
00010 794429590
00010 797097456
00010 803878204
00010 804802282
00010 805839086
00010 805989264
00010 809260980
00010 809312928
00010 814256818
00010 816241930
00010 817099740
00010 818422170
00010 821897408
00010 822280812
00010 822404420
00010 822489960
00010 824665922
00010 825161318
00010 827273776
00010 827798666
00010 827816994
00010 828027092
00010 830207850
00010 831143582
00010 831199936
00010 831722962
00010 834608742
00010 837153914
00010 837663198
00010 837680102
00010 838168686
00010 840703008
00010 841896516
00010 844246994
00010 844550956
00010 845797676
00010 846427670
00010 847389512
00010 847392400
00010 848494822
00010 848594138
00010 852300426
00010 852864966
00010 855725604
00010 859435906
00010 861081790
00010 862054280
00010 862628026
00010 865893166
00010 866966356
00010 867684932
00010 870964330
00010 874901824
00010 878200532
00010 882004868
00010 887022076
00010 887307728
00010 887310650
00010 889591624
00010 889932066
00010 890942470
00010 894773858
00010 896227104
00010 897104102
00010 899346174
00010 902110338
00010 902332496
00010 903914678
00010 906958734
00010 907750706
00010 909195150
00010 909334960
00010 910838392
00010 911831120
00010 913115890
00010 913324804
00010 913941552
00010 914371038
00010 914541340
00010 914553168
00010 918365820
00010 918501432
00010 918911220
00010 919248580
00010 919691352
00010 922094384
00010 933753200
00010 933924164
00010 934426528
00010 935843658
00010 936859446
00010 939603132
00010 939730994
00010 941022566
00010 944962948
00010 946458230
00010 947969226
00010 948185420
00010 953022722
00010 953239912
00010 955412788
00010 956740090
00010 956743160
00010 958220516
00010 960077338
00010 960889418
00010 964747672
00010 965068098
00010 966661074
00010 969896320
00010 971730318
00010 973490600
00010 976868996
00010 977582530
00010 982429114
00010 985982700
00010 986028836
00010 987879104
00010 990160070
00010 991844410
00010 993340872
00010 995285120
00010 995346786
00010 999114882
00010 1000216326
00010 1890294
00010 5312458
00010 7337652
00010 13013818
00010 13582624
00010 15629754
00010 16718900
00010 24753872
00010 25455006
00010 27487666
00010 27744240
00010 28848704
00010 30718378
00010 30839534
00010 31566276
00010 37504296
00010 50283244
00010 50948136
00010 53329588
00010 55295740
00010 56350264
00010 56860610
00010 57141944
00010 57152392
00010 58273870
00010 60847696
00010 64195804
00010 67134092
00010 67975774
00010 69095060
00010 70327164
00010 73227388
00010 74088272
00010 74455246
00010 74652368
00010 76142652
00010 78411940
00010 78629864
00010 78793110
00010 82456434
00010 82556076
00010 83068306
00010 83314876
00010 83836960
00010 85624668
00010 86945882
00010 89676798
00010 89943722
00010 92109954
00010 94369248
00010 94642666
00010 97688256
00010 101953960
00010 103541740
00010 104982926
00010 105052626
00010 105697698
00010 107211530
00010 107308946
00010 108344152
00010 109740950
00010 114163732
00010 114450014
00010 116982886
00010 118669234
00010 118854506
00010 118884518
00010 119389098
00010 121471404
00010 122421688
00010 125043946
00010 129031740
00010 131076826
00010 131391798
00010 141494838
00010 143380328
00010 145692132
00010 147910224
00010 149238008
00010 152863672
00010 156934170
00010 157419434
00010 159920912
00010 162631078
00010 166762330
00010 167076240
00010 168895454
00010 170004406
00010 170963028
00010 175070992
00010 175530628
00010 178741948
00010 179478400
00010 181752224
00010 182728720
00010 183450198
00010 184304182
00010 189304538
00010 191938012
00010 194392404
00010 195542586
00010 195847032
00010 204244568
00010 204627068
00010 204907892
00010 205714382
00010 207898260
00010 209674878
00010 212596016
00010 216989620
00010 217790876
00010 220267826
00010 221554206
00010 221559998
00010 226492466
00010 229985960
00010 233252584
00010 236398110
00010 238761074
00010 242653510
00010 243167388
00010 243341308
00010 245033698
00010 252481760
00010 252964724
00010 254218796
00010 260524698
00010 260798828
00010 261077508
00010 262114380
00010 264338604
00010 264532246
00010 264981772
00010 267742604
00010 271355248
00010 271788516
00010 272340206
00010 279774920
00010 282968086
00010 283122164
00010 283465944
00010 283907434
00010 285648002
00010 286811546
00010 289625728
00010 289947774
00010 292305094
00010 294621082
00010 296367542
00010 296369020
00010 298326024
00010 300288384
00010 301331356
00010 301534670
00010 301978524
00010 303915412
00010 307845782
00010 313211696
00010 313511826
00010 313698594
00010 316599738
00010 318125866
00010 321336204
00010 324026790
00010 324172476
00010 324389768
00010 329347320
00010 331666520
00010 332264270
00010 332933928
00010 337895818
00010 338818020
00010 339006216
00010 340146188
00010 342022704
00010 345320794
00010 348490668
00010 348968464
00010 350791970
00010 356629900
00010 356653262
00010 356685556
00010 358695622
00010 359249718
00010 360149092
00010 361085246
00010 364993670
00010 367346512
00010 370979832
00010 374223498
00010 375705374
00010 380764566
00010 381823318
00010 382443770
00010 391002630
00010 391084742
00010 393351834
00010 397931142
00010 398722538
00010 411425548
00010 413309908
00010 418619374
00010 420472716
00010 421118514
00010 425399158
00010 428227668
00010 428245672
00010 428445168
00010 431335168
00010 432158488
00010 434808424
00010 437282554
00010 440115462
00010 440346268
00010 442168850
00010 442669286
00010 449143388
00010 451722640
00010 452291904
00010 453152220
00010 454815102
00010 457053736
00010 460972090
00010 462903220
00010 463011500
00010 463648304
00010 464467198
00010 464517338
00010 466931322
00010 467830832
00010 468523846
00010 470502170
00010 475132432
00010 477070788
00010 477473452
00010 480208980
00010 480339356
00010 480934026
00010 481165698
00010 484103780
00010 484851276
00010 489844178
00010 491750618
00010 493331084
00010 497971810
00010 500156222
00010 500900952
00010 501939246
00010 504129422
00010 505330466
00010 507278732
00010 511030426
00010 515883106
00010 518784954
00010 520883238
00010 522105480
00010 522359082
00010 524784464
00010 529657502
00010 529946488
00010 531609812
00010 531687164
00010 532657506
00010 533826834
00010 535042302
00010 536065498
00010 539299726
00010 539859920
00010 540980622
00010 546332584
00010 547249490
00010 547277574
00010 550008078
00010 550373602
00010 551775576
00010 552025456
00010 552159884
00010 552272388
00010 556124000
00010 556302372
00010 559497238
00010 560333120
00010 561519392
00010 564392136
00010 570260262
00010 572634932
00010 575189436
00010 576293170
00010 579104030
00010 580556694
00010 587626542
00010 589023324
00010 591063860
00010 594892766
00010 596473834
00010 597260250
00010 599233528
00010 600697368
00010 602709752
00010 605323554
00010 608340530
00010 613341144
00010 614851414
00010 617162600
00010 617336498
00010 622153286
00010 623703620
00010 623834794
00010 626902058
00010 626954762
00010 628145838
00010 629645496
00010 629937060
00010 630290156
00010 635459350
00010 641346956
00010 644654642
00010 645476784
00010 645585028
00010 647322498
00010 647906786
00010 652140588
00010 657567570
00010 658065640
00010 659917094
00010 662602900
00010 667868722
00010 668026290
00010 671419902
00010 673574918
00010 674363554
00010 680943372
00010 687636970
00010 687691028
00010 689502088
00010 690544254
00010 690858904
00010 693065380
00010 696046706
00010 696388502
00010 696390052
00010 700694384
00010 705900026
00010 709008492
00010 711731706
00010 711758350
00010 712331846
00010 715801440
00010 723607266
00010 728371856
00010 728390054
00010 735844692
00010 738000756
00010 739335964
00010 743335894
00010 752066170
00010 759385134
00010 760160984
00010 761588202
00010 762210732
00010 768824588
00010 772017988
00010 773289134
00010 783984858
00010 785034438
00010 785828858
00010 789094872
00010 789432064
00010 791062816
00010 792354022
00010 792507630
00010 794452412
00010 799696354
00010 802510188
00010 802626368
00010 802628472
00010 805523068
00010 810227668
00010 815181526
00010 815283470
00010 818178732
00010 827338298
00010 827696890
00010 831313136
00010 832379964
00010 833752222
00010 838097758
00010 840225536
00010 841453900
00010 842153126
00010 846426888
00010 846542926
00010 848823446
00010 848967340
00010 853274704
00010 855058518
00010 856285596
00010 858409286
00010 858492388
00010 862524030
00010 863970174
00010 867033056
00010 869959194
00010 870713076
00010 871383652
00010 871851918
00010 873214074
00010 873748816
00010 874014586
00010 879901178
00010 879955346
00010 880028552
00010 885452748
00010 889179926
00010 889445458
00010 893865890
00010 894260300
00010 894460170
00010 896656804
00010 898047064
00010 899356168
00010 901565598
00010 903264810
00010 903537516
00010 903547422
00010 907238864
00010 910401910
00010 911100642
00010 912166800
00010 912242612
00010 913310964
00010 914173276
00010 916449874
00010 920433202
00010 922629934
00010 925028040
00010 926634386
00010 927748750
00010 927758964
00010 929831610
00010 931902742
00010 934237446
00010 934700322
00010 936259330
00010 936635264
00010 938179620
00010 948437160
00010 949647244
00010 951281486
00010 952216424
00010 952425162
00010 958092240
00010 958845696
00010 959100426
00010 959955936
00010 961396630
00010 962560372
00010 974159658
00010 977821946
00010 978130696
00010 979397274
00010 980544094
00010 991351988
00010 993766266
00010 996978136
00010 997145776
00010 997605676
00010 1294336
00010 6494256
00010 10381360
00010 10414690
00010 10585548
00010 12970938
00010 13629302
00010 14006752
00010 18652996
00010 18727496
00010 19378358
00010 24305404
00010 25248908
00010 26172804
00010 26175730
00010 28679156
00010 29825118
00010 30718776
00010 34401648
00010 35214126
00010 42050644
00010 45676152
00010 45783926
00010 46202118
00010 46501092
00010 54102588
00010 54912222
00010 56083900
00010 58219576
00010 58223928
00010 58347324
00010 58915586
00010 67797918
00010 68505548
00010 69432628
00010 70399298
00010 73009206
00010 73147162
00010 78581512
00010 80991134
00010 86128878
00010 86257448
00010 95917354
00010 106098384
00010 111489730
00010 113055662
00010 116243690
00010 120557774
00010 121416034
00010 121647874
00010 122536542
00010 123698536
00010 123882822
00010 124296162
00010 124790150
00010 124869586
00010 132464160
00010 132723468
00010 133217392
00010 134079706
00010 135593626
00010 141418390
00010 142386508
00010 146387354
00010 147170518
00010 147768378
00010 149608738
00010 149733936
00010 153428684
00010 154856764
00010 159184798
00010 162754274
00010 167526120
00010 168522878
00010 169113676
00010 169642698
00010 170623726
00010 172418938
00010 172513428
00010 172605098
00010 174379648
00010 177536590
00010 181718180
00010 182517720
00010 183873266
00010 184131746
00010 184493054
00010 189869200
00010 190660976
00010 192149638
00010 192174010
00010 196118034
00010 196372946
00010 198373760
00010 199032262
00010 199495962
00010 202777286
00010 206840782
00010 208158452
00010 208291772
00010 209079922
00010 211574028
00010 212459236
00010 214952220
00010 215675282
00010 223121850
00010 223717564
00010 224390900
00010 226928062
00010 227173572
00010 227886550
00010 232179458
00010 232376982
00010 232739452
00010 235976028
00010 236467780
00010 242327162
00010 242622516
00010 244616542
00010 245760578
00010 246678546
00010 247007232
00010 248637798
00010 248903408
00010 249621656
00010 250914244
00010 251640790
00010 251836812
00010 252655900
00010 254669430
00010 258381008
00010 261558336
00010 263778060
00010 266020476
00010 268820064
00010 271521564
00010 271845302
00010 275548390
00010 275901062
00010 276772128
00010 277023084
00010 277982392
00010 279599140
00010 281249126
00010 281955988
00010 286773694
00010 287183714
00010 291463470
00010 292742824
00010 295213146
00010 295553962
00010 295795472
00010 296830044
00010 296885500
00010 299046602
00010 303426972
00010 303852032
00010 304829282
00010 310269678
00010 311351366
00010 312830706
00010 312845858
00010 317799646
00010 318197642
00010 318799312
00010 327461244
00010 327721526
00010 328481508
00010 331138012
00010 332183708
00010 332926964
00010 335793154
00010 337536014
00010 337700766
00010 338947392
00010 339659944
00010 340502474
00010 342204896
00010 343476400
00010 350084992
00010 353511118
00010 354258990
00010 354787564
00010 358475624
00010 365021902
00010 368406736
00010 369135716
00010 371995758
00010 372010492
00010 373077144
00010 376417472
00010 379101406
00010 380367064
00010 381218328
00010 381412318
00010 383836246
00010 385875744
00010 386151250
00010 393292876
00010 394370486
00010 397143036
00010 397249062
00010 397660544
00010 398912388
00010 399261920
00010 400036588
00010 401377978
00010 403564036
00010 404335992
00010 404435108
00010 404928546
00010 405663372
00010 406723466
00010 407854274
00010 409767682
00010 409923154
00010 409969482
00010 410904824
00010 412579828
00010 417564798
00010 418425102
00010 419140972
00010 420575270
00010 421726756
00010 423490430
00010 424587556
00010 428954600
00010 431990166
00010 432437498
00010 435134380
00010 437268874
00010 438460542
00010 441012050
00010 441513184
00010 444710942
00010 446053012
00010 446284158
00010 446568538
00010 449939394
00010 452044968
00010 456238758
00010 457062174
00010 458717074
00010 459274568
00010 460781482
00010 461500354
00010 461967976
00010 462374360
00010 467701564
00010 468951468
00010 469388210
00010 469394682
00010 471426402
00010 475020182
00010 478077804
00010 478452172
00010 479495996
00010 480538140
00010 484373680
00010 485598192
00010 487273554
00010 490470578
00010 491259942
00010 491410838
00010 491799436
00010 493014924
00010 493361486
00010 494776000
00010 495636044
00010 495854832
00010 498856346
00010 502046802
00010 502339936
00010 502613144
00010 502891864
00010 504148668
00010 507612142
00010 509742874
00010 513182664
00010 515144418
00010 515817204
00010 517301312
00010 517950076
00010 518115932
00010 519559914
00010 526452648
00010 528803974
00010 530084140
00010 534981786
00010 536804452
00010 537236978
00010 546387076
00010 548949816
00010 549861826
00010 551048166
00010 552627530
00010 555086272
00010 557256024
00010 558354016
00010 559321442
00010 561750914
00010 562978098
00010 571600628
00010 572737122
00010 572914258
00010 576359552
00010 577674610
00010 584045922
00010 584839460
00010 588956674
00010 590085746
00010 592387680
00010 599181726
00010 600548784
00010 603612784
00010 605562680
00010 609618668
00010 609723930
00010 610327724
00010 611345438
00010 613480192
00010 614182986
00010 618092072
00010 619648202
00010 621695964
00010 627029616
00010 629703886
00010 631078220
00010 631295076
00010 633991408
00010 636366232
00010 637005698
00010 637114474
00010 637954812
00010 638528500
00010 638688618
00010 639257398
00010 641432210
00010 646451286
00010 646456404
00010 646560066
00010 646806632
00010 648220162
00010 648222722
00010 648286334
00010 652787774
00010 653158778
00010 653232680
00010 655774158
00010 656565346
00010 660164806
00010 663213406
00010 668592046
00010 674866490
00010 676369124
00010 678317130
00010 684444258
00010 686694132
00010 691291740
00010 691614270
00010 692535052
00010 693869448
00010 694693824
00010 699511440
00010 699738724
00010 700719110
00010 702857540
00010 703436394
00010 710026804
00010 710229362
00010 714592118
00010 717266090
00010 719668422
00010 720561342
00010 720987072
00010 721974078
00010 723384086
00010 725640846
00010 725942198
00010 726786108
00010 727514242
00010 728571258
00010 730632062
00010 734095568
00010 734598882
00010 734821912
00010 734963948
00010 749912338
00010 751451524
00010 752262840
00010 756107134
00010 757246442
00010 757878708
00010 757953134
00010 759346862
00010 762697282
00010 764053196
00010 764545298
00010 772014520
00010 775432066
00010 779003592
00010 779463034
00010 779637934
00010 782138520
00010 782965688
00010 783051162
00010 783377692
00010 784924306
00010 785208896
00010 788665234
00010 791810084
00010 791896934
00010 792335500
00010 792618956
00010 796443786
00010 799344452
00010 800801664
00010 801976418
00010 803955050
00010 805265310
00010 810431808
00010 813088132
00010 813114262
00010 813431914
00010 819000570
00010 819223496
00010 819594006
00010 820099846
00010 822458504
00010 824418650
00010 836945720
00010 837064114
00010 840257762
00010 845512468
00010 846642082
00010 848749542
00010 850185594
00010 851789832
00010 853396218
00010 855039204
00010 857649676
00010 860460332
00010 860538558
00010 860613600
00010 861433960
00010 865420286
00010 869811054
00010 870023276
00010 872594252
00010 873461236
00010 876048102
00010 877466578
00010 881003160
00010 884463288
00010 885627916
00010 886317426
00010 887160196
00010 890284538
00010 892132682
00010 893538416
00010 893989548
00010 898334798
00010 903608754
00010 905002922
00010 908335018
00010 908417196
00010 908419382
00010 908917610
00010 911576000
00010 912297612
00010 912459930
00010 912549272
00010 916728038
00010 916837258
00010 920330824
00010 924771110
00010 924849934
00010 925496444
00010 925630830
00010 928472246
00010 933030766
00010 936858572
00010 937010940
00010 941818786
00010 942816928
00010 945607882
00010 948160516
00010 948671266
00010 948815424
00010 949621880
00010 949944862
00010 950623368
00010 953017088
00010 956473162
00010 960932150
00010 961184364
00010 969138158
00010 969416050
00010 971252472
00010 971492590
00010 973888660
00010 975333458
00010 976068054
00010 976826350
00010 979476596
00010 982238074
00010 988597806
00010 988894052
00010 992007582
00010 993344260
00010 993876440
00010 995182612
00010 998670174
00010 999378406
00010 1075368
00010 2517676
00010 4419584
00010 4505952
00010 5224968
00010 5613432
00010 5810560
00010 5841936
00010 6163262
00010 9446884
00010 11892036
00010 12017442
00010 15045610
00010 17729410
00010 20412504
00010 21604688
00010 30615472
00010 31326222
00010 32238858
00010 32776200
00010 33696460
00010 36778698
00010 37354372
00010 38170588
00010 38732046
00010 43438496
00010 43892880
00010 44174606
00010 47933626
00010 54132374
00010 54990112
00010 56699964
00010 56857724
00010 58699612
00010 61089346
00010 62459836
00010 63175254
00010 63611640
00010 65250138
00010 65251404
00010 66934084
00010 71803104
00010 72454592
00010 73024454
00010 74882802
00010 75640664
00010 78762114
00010 82587642
00010 84793398
00010 85124144
00010 88440862
00010 88813728
00010 92659716
00010 101471208
00010 102053060
00010 102120246
00010 102609972
00010 105655378
00010 106202282
00010 106716796
00010 108678846
00010 109594744
00010 110674930
00010 112083992
00010 117530700
00010 117565254
00010 120079130
00010 125121966
00010 127435520
00010 129334348
00010 131462750
00010 134271774
00010 135387428
00010 135581120
00010 140194476
00010 140565032
00010 145164962
00010 150823044
00010 152838396
00010 153651030
00010 154253250
00010 154671084
00010 155358056
00010 160751354
00010 163004862
00010 166107328
00010 166241912
00010 166908004
00010 167221336
00010 167485806
00010 172319778
00010 172721500
00010 173753364
00010 175385766
00010 176351258
00010 178518120
00010 179629858
00010 181752192
00010 184144924
00010 184980712
00010 185352248
00010 186643106
00010 188709702
00010 192438986
00010 195158858
00010 195478578
00010 196250748
00010 196257636
00010 200601696
00010 201484652
00010 201800570
00010 202206458
00010 202316626
00010 202573830
00010 203854000
00010 208666758
00010 209731992
00010 217696352
00010 220333044
00010 220868186
00010 221773162
00010 221865556
00010 222027580
00010 222638428
00010 223530476
00010 224234070
00010 226240140
00010 227923852
00010 230547644
00010 230963062
00010 232558836
00010 235006982
00010 236156112
00010 240557888
00010 241959866
00010 242502690
00010 244377476
00010 245743432
00010 247233076
00010 249510386
00010 249997268
00010 252398398
00010 253536594
00010 253889662
00010 260232166
00010 260633596
00010 262267346
00010 262650062
00010 263194862
00010 263719016
00010 264056226
00010 265810724
00010 271832068
00010 272305280
00010 272903068
00010 273305218
00010 274232342
00010 276009834
00010 277011820
00010 277028990
00010 278120050
00010 281628016
00010 282900406
00010 283105962
00010 284049546
00010 284570438
00010 284725670
00010 287253302
00010 289269428
00010 290861904
00010 293903776
00010 293985514
00010 295996816
00010 300094998
00010 302173072
00010 304662162
00010 305736020
00010 305913566
00010 306490874
00010 307210570
00010 308000098
00010 309778354
00010 313511220
00010 318085464
00010 318245050
00010 320466196
00010 326793822
00010 329381548
00010 330337372
00010 330668198
00010 331894334
00010 332107708
00010 332412338
00010 335858668
00010 343580992
00010 344302782
00010 345568450
00010 345888598
00010 346272790
00010 346438648
00010 348970380
00010 350880966
00010 363468988
00010 366269324
00010 372606184
00010 374332718
00010 375667994
00010 381826398
00010 382664690
00010 385655948
00010 391750794
00010 394478164
00010 399590566
00010 400703106
00010 402329644
00010 403960022
00010 404081654
00010 405079222
00010 409212220
00010 410546390
00010 410807138
00010 413135448
00010 414453196
00010 414482702
00010 416084158
00010 416384218
00010 421429894
00010 424251686
00010 425738072
00010 426323420
00010 431528478
00010 432230514
00010 437578656
00010 455465824
00010 458422762
00010 458844646
00010 463689968
00010 467390782
00010 469188884
00010 469540914
00010 470715350
00010 473256004
00010 473747598
00010 474515684
00010 491490832
00010 493402576
00010 495385566
00010 495469134
00010 497498508
00010 499515010
00010 504660664
00010 504796052
00010 506131144
00010 507879268
00010 509243564
00010 511196764
00010 512907128
00010 514179090
00010 517656932
00010 518156904
00010 518548998
00010 518705226
00010 526063332
00010 532475080
00010 533980956
00010 534828182
00010 538030714
00010 538697210
00010 539933138
00010 541752990
00010 547513696
00010 550423634
00010 552298818
00010 553887522
00010 554320564
00010 554785756
00010 559618164
00010 562217002
00010 563694226
00010 565197060
00010 567437578
00010 570187126
00010 573050474
00010 573793252
00010 577082862
00010 580116978
00010 580793174
00010 581165874
00010 581267612
00010 585867918
00010 586257580
00010 591264626
00010 592560978
00010 592613398
00010 592938358
00010 593968862
00010 596282922
00010 596512454
00010 599350972
00010 604044396
00010 604049516
00010 604511752
00010 605295658
00010 605563188
00010 606936682
00010 607474276
00010 610699478
00010 611098122
00010 618123830
00010 620499854
00010 624259454
00010 626394250
00010 628535306
00010 631658172
00010 636184436
00010 637113460
00010 637947694
00010 640662780
00010 640980866
00010 643324068
00010 643446982
00010 644512652
00010 645057912
00010 646891210
00010 649549960
00010 654836544
00010 655140090
00010 659867382
00010 662903118
00010 665453194
00010 666498286
00010 669700902
00010 672307558
00010 674678340
00010 675017818
00010 675594034
00010 676045492
00010 677166632
00010 678365486
00010 679346788
00010 679898856
00010 679911684
00010 680002286
00010 680135588
00010 681951218
00010 684651700
00010 686504312
00010 686533252
00010 688967658
00010 689557494
00010 689867524
00010 693623156
00010 695316292
00010 695932946
00010 698678184
00010 701569896
00010 703876620
00010 706072736
00010 715490806
00010 719462586
00010 719475564
00010 719813750
00010 723374906
00010 723376214
00010 725173360
00010 726367220
00010 729763506
00010 730730354
00010 731971558
00010 737478338
00010 738943244
00010 739078360
00010 739635432
00010 740622166
00010 744253500
00010 745298440
00010 745413624
00010 746587282
00010 747221602
00010 747971622
00010 748195662
00010 748277596
00010 750872912
00010 754993260
00010 756177524
00010 757820124
00010 757906380
00010 760650416
00010 762322354
00010 765906434
00010 766689222
00010 773503396
00010 774536400
00010 777533168
00010 785531138
00010 786526118
00010 787343332
00010 789896466
00010 791155470
00010 791160946
00010 800852690
00010 805664120
00010 806724612
00010 806897768
00010 811368414
00010 812911524
00010 814456710
00010 815518470
00010 816593140
00010 819834334
00010 820521148
00010 820832682
00010 821486388
00010 823602220
00010 825661464
00010 827337104
00010 828449848
00010 830247386
00010 830389184
00010 833698438
00010 835065488
00010 835309448
00010 838088122
00010 838691144
00010 839470590
00010 839508830
00010 841099418
00010 844260182
00010 847569510
00010 852552026
00010 859010872
00010 859086484
00010 859122526
00010 863237842
00010 866496818
00010 869662284
00010 870872726
00010 871925860
00010 875798882
00010 876028880
00010 877234758
00010 877361646
00010 877453348
00010 880218118
00010 880514180
00010 881233456
00010 881299984
00010 884275384
00010 885396408
00010 892146566
00010 900664490
00010 901742240
00010 905247420
00010 905496216
00010 906885340
00010 910033526
00010 912196554
00010 915041200
00010 916933100
00010 922865200
00010 923151404
00010 923948674
00010 924558070
00010 929728250
00010 930814548
00010 931730988
00010 931843340
00010 931844842
00010 934886684
00010 935759580
00010 936188362
00010 938279030
00010 938844520
00010 938945560
00010 940522684
00010 940706942
00010 941701484
00010 941840100
00010 944956670
00010 945404054
00010 945947518
00010 946276924
00010 947592514
00010 952064036
00010 953098316
00010 955569196
00010 955702988
00010 957586676
00010 958135990
00010 959136620
00010 959201186
00010 961915064
00010 965690478
00010 965995872
00010 967042704
00010 967238422
00010 967731432
00010 967775364
00010 968126668
00010 975820168
00010 977881074
00010 984076500
00010 985207978
00010 995299344
00010 995605046
00010 996907186
00010 997830272
00010 998983668
00010 999849466
00010 2672042
00010 4049746
00010 4963164
00010 5568534
00010 8155466
00010 9137932
00010 12427710
00010 12537180
00010 15164910
00010 16245916
00010 22629100
00010 25854316
00010 27346460
00010 27613352
00010 27701048
00010 35570508
00010 36091836
00010 42820256
00010 43886326
00010 44980318
00010 46573190
00010 49742142
00010 50509966
00010 61684698
00010 61843752
00010 62976880
00010 68478110
00010 71902152
00010 72834018
00010 78800976
00010 81312626
00010 82331076
00010 83408382
00010 86418252
00010 88023308
00010 98573504
00010 100516200
00010 103281666
00010 103990808
00010 104602448
00010 105073996
00010 106653598
00010 109230704
00010 112539306
00010 115787752
00010 121990488
00010 123829308
00010 124488050
00010 126023610
00010 128759588
00010 129014324
00010 131010582
00010 133366434
00010 134662644
00010 134790554
00010 135861738
00010 137878404
00010 140946630
00010 141602916
00010 141618384
00010 146475258
00010 149169320
00010 150090864
00010 151101258
00010 152563760
00010 152628562
00010 158227500
00010 158404180
00010 159099110
00010 161136004
00010 161786346
00010 162684666
00010 163386296
00010 163505458
00010 163583442
00010 165212048
00010 167867258
00010 169755726
00010 170652800
00010 174265854
00010 176182992
00010 177830764
00010 180725086
00010 181322554
00010 184234750
00010 184978624
00010 185596730
00010 186494522
00010 186825564
00010 188199526
00010 193329144
00010 193458550
00010 194117914
00010 195368062
00010 195745368
00010 197780598
00010 201554324
00010 204011070
00010 206399674
00010 206713954
00010 209739346
00010 210226756
00010 211765122
00010 216274866
00010 219442642
00010 220565026
00010 222175012
00010 222554800
00010 224584104
00010 225106428
00010 229743640
00010 231794640
00010 232991082
00010 236922448
00010 237023688
00010 237814048
00010 239187992
00010 243258438
00010 244707106
00010 244817648
00010 249510340
00010 253213478
00010 255016980
00010 255760024
00010 258144644
00010 259182198
00010 259208780
00010 259431706
00010 261869694
00010 262329684
00010 262432172
00010 272242226
00010 275560166
00010 275893276
00010 278306544
00010 278868226
00010 279123496
00010 281948598
00010 287859724
00010 289078986
00010 296133870
00010 299949684
00010 302146634
00010 303650322
00010 306316708
00010 307150122
00010 307336758
00010 308302906
00010 309349352
00010 313351024
00010 315404888
00010 322216228
00010 324008442
00010 325841672
00010 327942584
00010 334991034
00010 335680294
00010 341681644
00010 342542596
00010 344515910
00010 347071808
00010 348329690
00010 349247250
00010 350953618
00010 358741168
00010 360289862
00010 361952316
00010 362148106
00010 365359258
00010 370158342
00010 370242744
00010 372970882
00010 375688144
00010 379935436
00010 380952748
00010 382527744
00010 382688914
00010 383360786
00010 388035760
00010 388169246
00010 391042918
00010 392194392
00010 392448214
00010 392645554
00010 394773186
00010 397105326
00010 397699264
00010 399441012
00010 405665560
00010 406011480
00010 406021844
00010 406175968
00010 406210484
00010 407704040
00010 414048276
00010 414214656
00010 415692988
00010 417143962
00010 421282178
00010 426576916
00010 426614726
00010 427779454
00010 428533678
00010 429409580
00010 430127798
00010 431580192
00010 434392984
00010 436541494
00010 441974170
00010 447435214
00010 447668388
00010 451449156
00010 451755210
00010 452054208
00010 452233688
00010 454908412
00010 457103662
00010 458277710
00010 461626680
00010 462032000
00010 464962678
00010 466269460
00010 466364100
00010 470615910
00010 478263146
00010 482553518
00010 483038298
00010 483811460
00010 485292152
00010 485520910
00010 486580248
00010 488035510
00010 488195568
00010 490415604
00010 493846664
00010 495468522
00010 495562134
00010 501942176
00010 502498586
00010 505133500
00010 506146242
00010 508924054
00010 509663002
00010 514358964
00010 515079200
00010 515881050
00010 520530522
00010 521020706
00010 521276700
00010 521396088
00010 522174544
00010 522899648
00010 525688642
00010 526706820
00010 531493850
00010 533827890
00010 534647672
00010 535918488
00010 541407144
00010 542953810
00010 543190064
00010 547063338
00010 547267300
00010 547531976
00010 549919178
00010 553529918
00010 553689278
00010 559674728
00010 562664224
00010 567743076
00010 567763500
00010 569885020
00010 569923892
00010 575925344
00010 578519510
00010 579820864
00010 579988850
00010 580473260
00010 585286834
00010 586328436
00010 591660134
00010 595073222
00010 599460322
00010 603411518
00010 612930788
00010 613510968
00010 616745482
00010 617419212
00010 618715720
00010 618953948
00010 619227002
00010 627496166
00010 628449318
00010 630059556
00010 630295896
00010 630620030
00010 634979460
00010 637201478
00010 646274934
00010 653035634
00010 656202678
00010 659305070
00010 659833588
00010 660544052
00010 660650546
00010 662615866
00010 665416096
00010 666605404
00010 667278926
00010 667678758
00010 676332428
00010 676595326
00010 676890862
00010 677167274
00010 679288396
00010 679831542
00010 682698408
00010 686370764
00010 688887746
00010 689281624
00010 690437450
00010 692712746
00010 693809522
00010 696400912
00010 698068776
00010 701068104
00010 702086976
00010 702502170
00010 702757618
00010 705900428
00010 708794158
00010 709231720
00010 714884454
00010 717594696
00010 718103560
00010 720148508
00010 722086248
00010 722892538
00010 725002496
00010 726506348
00010 728871216
00010 737933360
00010 738480084
00010 739901424
00010 748067872
00010 750734808
00010 751188706
00010 754093860
00010 755695988
00010 758295726
00010 759710794
00010 762560984
00010 763837538
00010 764278828
00010 765504204
00010 767435826
00010 767816736
00010 774925612
00010 775935840
00010 778573954
00010 778822632
00010 780542738
00010 784722634
00010 785043786
00010 785606820
00010 787318864
00010 788400556
00010 791948018
00010 792489512
00010 798415160
00010 800088280
00010 803174400
00010 805857524
00010 808954166
00010 811436764
00010 812984492
00010 813656896
00010 815257448
00010 815638922
00010 816939654
00010 818915444
00010 821230446
00010 821559250
00010 822282784
00010 823260914
00010 827990270
00010 828616092
00010 829378218
00010 829457066
00010 830191104
00010 830919046
00010 832719944
00010 836295658
00010 838866142
00010 839988036
00010 840958300
00010 843999304
00010 844814940
00010 847438578
00010 849180064
00010 851317408
00010 855217536
00010 865086300
00010 874216544
00010 874408436
00010 877247862
00010 878023062
00010 879463490
00010 879876866
00010 879925760
00010 880843806
00010 883072868
00010 883321324
00010 883743450
00010 891812068
00010 899283686
00010 904169050
00010 904307538
00010 905853898
00010 914170644
00010 914545304
00010 916593914
00010 918756086
00010 919017950
00010 920293430
00010 921132034
00010 921958866
00010 926427732
00010 930627436
00010 931160332
00010 932270436
00010 933206140
00010 934988300
00010 937006878
00010 937059882
00010 937995286
00010 945454830
00010 945885162
00010 946313144
00010 946899332
00010 948413610
00010 948581150
00010 949227628
00010 954897982
00010 955674606
00010 957491214
00010 957654724
00010 960730672
00010 960942218
00010 960945668
00010 965623422
00010 970565188
00010 972711348
00010 976314206
00010 977456938
00010 984631396
00010 986362186
00010 990588930
00010 992556920
00010 994031502
00010 994618678
00010 995287610
00010 995586520
00010 997414084
00010 2490116
00010 2731756
00010 4065890
00010 9579752
00010 10812928
00010 10975422
00010 13079562
00010 14500622
00010 19457274
00010 20156632
00010 20771624
00010 20775296
00010 21311818
00010 21490736
00010 22468572
00010 22627166
00010 23476410
00010 23643528
00010 30005848
00010 30832946
00010 31486934
00010 34739754
00010 35243120
00010 36772212
00010 37456412
00010 41447782
00010 44131102
00010 49137392
00010 49212200
00010 49391034
00010 50322628
00010 51084814
00010 54740560
00010 54909198
00010 55191548
00010 58967306
00010 61298550
00010 65093168
00010 66687174
00010 81301732
00010 82954590
00010 88416956
00010 90623398
00010 92693376
00010 94487600
00010 94986626
00010 96151002
00010 96257602
00010 96533322
00010 99029510
00010 100814744
00010 101436554
00010 101657868
00010 105114124
00010 108280878
00010 111054158
00010 112706740
00010 115878896
00010 116493276
00010 118307790
00010 119676048
00010 119727930
00010 120599472
00010 122000772
00010 123820770
00010 124141100
00010 124604610
00010 124715120
00010 128097900
00010 134790024
00010 137954772
00010 138508592
00010 139299024
00010 141547376
00010 142619758
00010 143133866
00010 143569220
00010 144810886
00010 145233986
00010 148219896
00010 152379580
00010 153378970
00010 153765264
00010 154587752
00010 155691298
00010 157370042
00010 159209318
00010 163342678
00010 163468158
00010 165517386
00010 165587178
00010 167029748
00010 168115340
00010 168328452
00010 173811514
00010 177229924
00010 177364186
00010 178873080
00010 179918136
00010 182213636
00010 184674822
00010 185636234
00010 188078330
00010 192638192
00010 192736852
00010 192963726
00010 198919456
00010 199967244
00010 201206290
00010 203325552
00010 204319366
00010 205763868
00010 209442440
00010 210969306
00010 225049254
00010 225639480
00010 225971080
00010 226012466
00010 226958766
00010 234181768
00010 237196300
00010 238691794
00010 240395278
00010 242364216
00010 245600418
00010 249935370
00010 249947530
00010 252017518
00010 252169336
00010 252714234
00010 252875080
00010 257491410
00010 260579662
00010 261467672
00010 267085200
00010 271985476
00010 273688878
00010 273811334
00010 274358984
00010 278753656
00010 279730408
00010 280816450
00010 281348002
00010 281370904
00010 282300880
00010 283423702
00010 288851156
00010 291465078
00010 293193150
00010 294132012
00010 294428390
00010 296606564
00010 298548020
00010 299150364
00010 301241562
00010 301456486
00010 302510410
00010 303621278
00010 303628010
00010 305925278
00010 314340054
00010 315308562
00010 316825786
00010 318623974
00010 329723166
00010 336196394
00010 337645488
00010 339853338
00010 341817650
00010 341864002
00010 342175160
00010 343517614
00010 354071612
00010 354249696
00010 357654256
00010 361079540
00010 361260194
00010 361641610
00010 363941616
00010 364495938
00010 367116876
00010 370831202
00010 373368902
00010 374394226
00010 375664960
00010 377300018
00010 379912108
00010 381817242
00010 382033638
00010 382115628
00010 384222524
00010 384267372
00010 384542692
00010 386040054
00010 386050078
00010 388693140
00010 388741272
00010 390280046
00010 390508374
00010 393844298
00010 396484582
00010 398105272
00010 401853944
00010 403702252
00010 409630066
00010 410535380
00010 414968420
00010 416221406
00010 417011154
00010 418887928
00010 418950436
00010 422346126
00010 425071212
00010 426065208
00010 426073906
00010 427429286
00010 429675158
00010 430993504
00010 432193068
00010 432606616
00010 437805178
00010 443105128
00010 447555262
00010 450536294
00010 451286522
00010 452690234
00010 454580492
00010 454796698
00010 455330328
00010 456169576
00010 457347706
00010 462800874
00010 464032404
00010 465161012
00010 465680936
00010 465699912
00010 468165102
00010 469015562
00010 476609204
00010 477269214
00010 478137738
00010 480046178
00010 482041636
00010 482257276
00010 483830072
00010 484337482
00010 486539798
00010 487890878
00010 488914176
00010 490715190
00010 492657230
00010 494185464
00010 495201598
00010 495203140
00010 495948698
00010 498643692
00010 499692390
00010 499892282
00010 502984806
00010 503378482
00010 509687744
00010 515927630
00010 516257892
00010 516588516
00010 517001138
00010 517678380
00010 518425982
00010 518505506
00010 520363504
00010 520538298
00010 521457524
00010 521528810
00010 524810684
00010 525778720
00010 526549042
00010 528709900
00010 529306894
00010 529849950
00010 531178084
00010 532547500
00010 533916470
00010 535656168
00010 540561988
00010 540801218
00010 542063202
00010 545942506
00010 547418404
00010 549763180
00010 550616920
00010 553650474
00010 559282968
00010 560405214
00010 561533420
00010 566428896
00010 570906798
00010 571449622
00010 574776716
00010 576329318
00010 576556510
00010 582172636
00010 583917390
00010 587630442
00010 589635414
00010 596074396
00010 596785778
00010 597192790
00010 598182606
00010 603211028
00010 603434296
00010 603520588
00010 608101136
00010 615367694
00010 615486932
00010 619795422
00010 623188362
00010 623470636
00010 624799622
00010 624944470
00010 627175140
00010 632600572
00010 635580034
00010 635696030
00010 636236494
00010 638140812
00010 639435986
00010 640600450
00010 640650098
00010 643175338
00010 643337146
00010 646907270
00010 649937110
00010 650794846
00010 653212580
00010 658757586
00010 660994828
00010 661486056
00010 661772208
00010 662391150
00010 663624536
00010 668139478
00010 668698788
00010 669382138
00010 671778020
00010 671907036
00010 676392234
00010 677280460
00010 677433886
00010 678741472
00010 682383944
00010 683120966
00010 683560626
00010 683687256
00010 685828098
00010 685991616
00010 687155640
00010 688604120
00010 692908414
00010 693207874
00010 693701224
00010 694086466
00010 697649788
00010 698537084
00010 698829442
00010 698883568
00010 703735524
00010 703781988
00010 708203228
00010 709659764
00010 709955802
00010 713504096
00010 713991948
00010 717230632
00010 718537362
00010 718731470
00010 722029886
00010 722048144
00010 723841298
00010 725369190
00010 729442704
00010 730720672
00010 732647686
00010 734352862
00010 736113782
00010 736648162
00010 738585670
00010 741356726
00010 745708330
00010 749938916
00010 752256602
00010 755623890
00010 756167250
00010 757546020
00010 759458668
00010 768884482
00010 771822916
00010 771844102
00010 775066022
00010 775504102
00010 776550652
00010 777265612
00010 777286250
00010 784682258
00010 787823208
00010 789360572
00010 791963724
00010 793001640
00010 793802126
00010 801074496
00010 802087200
00010 802297880
00010 803456800
00010 804591482
00010 809626030
00010 813783586
00010 813914888
00010 813939550
00010 826806598
00010 827733430
00010 830789880
00010 831772488
00010 835136408
00010 841737070
00010 841941316
00010 848107374
00010 852223150
00010 854505212
00010 854526158
00010 859995336
00010 865648174
00010 867039088
00010 868863092
00010 871265504
00010 877354882
00010 877402362
00010 879203936
00010 881432720
00010 882087452
00010 882305540
00010 883160218
00010 887267950
00010 888270888
00010 890108450
00010 894226444
00010 895152992
00010 895712302
00010 895723910
00010 897011940
00010 897202010
00010 898980438
00010 901502938
00010 902752472
00010 905715350
00010 906420300
00010 907036888
00010 907272736
00010 911737418
00010 912711656
00010 913236626
00010 913405128
00010 914437870
00010 919639962
00010 921579488
00010 922236722
00010 922617694
00010 924097610
00010 928818888
00010 929303612
00010 930047678
00010 931154002
00010 931792704
00010 933070038
00010 934509526
00010 935705786
00010 937296596
00010 937992506
00010 939314604
00010 940727270
00010 943778266
00010 944429326
00010 945631808
00010 949642398
00010 949678806
00010 950209702
00010 954742100
00010 955687530
00010 955848680
00010 956573010
00010 962782106
00010 968437550
00010 969877508
00010 971965254
00010 974903060
00010 979193412
00010 983847062
00010 985133774
00010 985469376
00010 987016922
00010 987317356
00010 989019902
00010 995205416
