00010 1326876
00010 2507832
00010 5297328
00010 5793604
00010 5812704
00010 7884646
00010 15531910
00010 16003516
00010 16101490
00010 16104810
00010 18526670
00010 21718786
00010 29163464
00010 34868000
00010 34905396
00010 35100690
00010 35143840
00010 37346536
00010 37645722
00010 40205660
00010 40350240
00010 41078530
00010 41100022
00010 42133946
00010 42284310
00010 46052710
00010 46125022
00010 46543350
00010 47305112
00010 55848602
00010 56165220
00010 60696658
00010 66959856
00010 69763754
00010 70449590
00010 71977910
00010 72154264
00010 72247560
00010 72694386
00010 73129268
00010 73178740
00010 76232242
00010 81208758
00010 83368848
00010 84594402
00010 93492424
00010 96429020
00010 102365796
00010 104261488
00010 107297500
00010 107561456
00010 108591596
00010 113147298
00010 117546112
00010 117684704
00010 117918812
00010 118873782
00010 123085034
00010 123420894
00010 124170926
00010 127814946
00010 133411892
00010 143356542
00010 145703870
00010 147589886
00010 147828500
00010 148775550
00010 149260004
00010 149732354
00010 150164338
00010 153629590
00010 154249922
00010 160196162
00010 161001940
00010 164697100
00010 165737762
00010 172619364
00010 174893906
00010 176711426
00010 178409118
00010 180477368
00010 183755366
00010 184418044
00010 184909290
00010 185668158
00010 186882788
00010 193650880
00010 193706590
00010 196026330
00010 196375264
00010 197081642
00010 197264204
00010 199473260
00010 199482646
00010 202159314
00010 203515408
00010 204510034
00010 206308708
00010 206313908
00010 206473246
00010 208741816
00010 213313002
00010 213413958
00010 221338258
00010 225629226
00010 228074680
00010 233137988
00010 233170756
00010 236025950
00010 237587860
00010 238064202
00010 242235860
00010 247417894
00010 247550806
00010 249009688
00010 257114454
00010 258575018
00010 260370054
00010 265931946
00010 268528676
00010 269358916
00010 270017212
00010 271598572
00010 273158602
00010 273571174
00010 273613118
00010 280379512
00010 283659016
00010 283923416
00010 285762818
00010 288407260
00010 289340982
00010 294020866
00010 294468482
00010 300532536
00010 300978960
00010 302599016
00010 315822158
00010 316232244
00010 316544382
00010 318226806
00010 318977194
00010 319132188
00010 321434736
00010 323455712
00010 323710962
00010 324386708
00010 326517310
00010 329573948
00010 330460310
00010 330765136
00010 331592446
00010 331609794
00010 336228168
00010 336982508
00010 341482434
00010 342518290
00010 343386268
00010 354509332
00010 354674738
00010 355197772
00010 355440902
00010 355465790
00010 356603382
00010 361342188
00010 362388138
00010 366559584
00010 368052060
00010 368055138
00010 368939304
00010 370664524
00010 373375786
00010 376476478
00010 380115584
00010 385764440
00010 388578072
00010 390039622
00010 390847736
00010 394352612
00010 396609852
00010 398044092
00010 398265642
00010 398393258
00010 411956442
00010 412455342
00010 413325082
00010 417191690
00010 422194774
00010 423999988
00010 424658568
00010 425820338
00010 426625374
00010 428252418
00010 429582230
00010 429990096
00010 437072628
00010 439485770
00010 442266412
00010 442797502
00010 445512114
00010 446146724
00010 448676846
00010 449553154
00010 452836994
00010 454226890
00010 454548578
00010 455384120
00010 455389368
00010 459227216
00010 460254138
00010 466182254
00010 470814742
00010 472384776
00010 472446456
00010 476459568
00010 477877984
00010 478840442
00010 478928654
00010 479921928
00010 481094386
00010 481180382
00010 484364666
00010 484732560
00010 486533430
00010 489861074
00010 492904222
00010 493160218
00010 493664472
00010 494372566
00010 497952192
00010 504025234
00010 505706804
00010 506789458
00010 511479596
00010 516370948
00010 516512702
00010 518201932
00010 523072424
00010 527679144
00010 532020250
00010 537667648
00010 538382368
00010 539712750
00010 540302726
00010 542807376
00010 544314998
00010 544518186
00010 544560544
00010 547469272
00010 553581046
00010 554509840
00010 555574592
00010 557497622
00010 558222552
00010 559711318
00010 563505920
00010 566218612
00010 566613154
00010 574433214
00010 577006492
00010 577190796
00010 580532300
00010 580898916
00010 583283042
00010 584091128
00010 584294718
00010 586224940
00010 586234452
00010 586654070
00010 590135216
00010 592105728
00010 595400210
00010 595731626
00010 596198866
00010 596697044
00010 598396474
00010 599929062
00010 605766864
00010 606361882
00010 607277338
00010 614028208
00010 619167900
00010 619677512
00010 621021826
00010 621154748
00010 622336772
00010 626363316
00010 628049366
00010 629413180
00010 631355520
00010 633301078
00010 635447998
00010 635483208
00010 643106566
00010 644251950
00010 649421782
00010 650371986
00010 651351916
00010 652973880
00010 654666040
00010 655012830
00010 656015898
00010 657644636
00010 658157338
00010 661020776
00010 663172416
00010 663745098
00010 664245084
00010 665057370
00010 668921156
00010 671170180
00010 673241826
00010 674530150
00010 676330574
00010 677439196
00010 679630468
00010 685206516
00010 686058888
00010 687957782
00010 688065992
00010 692474936
00010 694466580
00010 695242934
00010 706533282
00010 709049984
00010 710240198
00010 717445636
00010 717906504
00010 726658534
00010 728788478
00010 731389034
00010 735198950
00010 735217730
00010 737599222
00010 739896002
00010 740574250
00010 741041292
00010 742150158
00010 743227974
00010 743600636
00010 744958040
00010 748919488
00010 751441854
00010 753214782
00010 753506886
00010 755916696
00010 758197426
00010 759961062
00010 761368846
00010 764409956
00010 764413102
00010 768602870
00010 771640426
00010 772618722
00010 772619902
00010 774561154
00010 774713630
00010 776752538
00010 777094926
00010 780699110
00010 780893486
00010 784346578
00010 788080210
00010 788684198
00010 792587890
00010 792833098
00010 793635054
00010 794221554
00010 794306540
00010 800701498
00010 802538730
00010 803514982
00010 806684092
00010 808183390
00010 808479934
00010 811588968
00010 814763944
00010 821143708
00010 826032466
00010 828478260
00010 829328322
00010 832113316
00010 832348222
00010 832355098
00010 835483264
00010 836005382
00010 842345194
00010 843348154
00010 844983010
00010 845786036
00010 845908046
00010 846058356
00010 847243576
00010 847894950
00010 848893746
00010 850055908
00010 850490638
00010 851669560
00010 852632276
00010 854965812
00010 856602580
00010 863065670
00010 865579316
00010 868380594
00010 872036026
00010 873046558
00010 875118878
00010 876124392
00010 877684610
00010 879119324
00010 879826114
00010 882274338
00010 882776662
00010 884163918
00010 884229916
00010 890369174
00010 892442894
00010 898185150
00010 900977692
00010 902147316
00010 902663564
00010 904749724
00010 905236326
00010 909684026
00010 911028728
00010 912256496
00010 923817238
00010 923827352
00010 924210278
00010 924811472
00010 935619378
00010 939207414
00010 945641362
00010 945816442
00010 946686480
00010 947021928
00010 948180536
00010 948195680
00010 948931874
00010 949933812
00010 950209656
00010 954920446
00010 960541972
00010 966149478
00010 967768902
00010 969861318
00010 973005160
00010 974803750
00010 980890392
00010 981135318
00010 982067278
00010 983035662
00010 984451236
00010 989401464
00010 989713368
00010 992038674
00010 995105988
00010 999372608
00010 1360054
00010 2882610
00010 7790328
00010 10030194
00010 15600362
00010 16309130
00010 19896336
00010 25399446
00010 28387460
00010 28391450
00010 30291844
00010 31058846
00010 33014420
00010 35648216
00010 37387898
00010 40239344
00010 43767532
00010 45289174
00010 45336054
00010 46922460
00010 51313072
00010 51447920
00010 52155958
00010 53753968
00010 54581978
00010 57886016
00010 60492712
00010 63329698
00010 64844776
00010 66753262
00010 67814140
00010 71944394
00010 73080266
00010 79066106
00010 79472974
00010 80640406
00010 81961384
00010 86882174
00010 88626064
00010 90250214
00010 91024620
00010 93286194
00010 95281928
00010 103787518
00010 105509442
00010 108319098
00010 108785420
00010 109979964
00010 110760004
00010 111641928
00010 113743602
00010 115801054
00010 116854210
00010 117435968
00010 118320342
00010 121525994
00010 124139702
00010 124263510
00010 125295128
00010 125759824
00010 125775342
00010 128309506
00010 129604088
00010 133625078
00010 133689380
00010 135816736
00010 136923438
00010 137335238
00010 139808612
00010 140212102
00010 143069582
00010 143771380
00010 146983126
00010 150747172
00010 151094920
00010 154298452
00010 155307152
00010 158843978
00010 159092586
00010 160180064
00010 160313504
00010 160555762
00010 162303696
00010 163565086
00010 164057790
00010 169453562
00010 169936076
00010 170671646
00010 171872888
00010 173993970
00010 174865066
00010 178096740
00010 178394330
00010 179279216
00010 180113744
00010 186173176
00010 187870462
00010 190419680
00010 190706708
00010 194549316
00010 195252540
00010 195273342
00010 206430496
00010 207527920
00010 210334290
00010 210907458
00010 216663770
00010 219669848
00010 221908682
00010 227833586
00010 230768874
00010 232128928
00010 236740228
00010 242233254
00010 246412164
00010 248711376
00010 253708328
00010 256788730
00010 261514866
00010 262253724
00010 271083380
00010 272235492
00010 279257976
00010 281457316
00010 284271320
00010 289969632
00010 290066094
00010 293221392
00010 293373400
00010 297063244
00010 299744906
00010 300849568
00010 303830224
00010 306506336
00010 310030148
00010 310450456
00010 318732316
00010 321878598
00010 322545282
00010 328884214
00010 331549700
00010 331585956
00010 337201224
00010 341181508
00010 342435152
00010 345345048
00010 348808586
00010 350204770
00010 351440328
00010 354188928
00010 354499822
00010 356591344
00010 359692600
00010 360478512
00010 362873736
00010 363949622
00010 365298052
00010 366837482
00010 367518492
00010 369843408
00010 373781588
00010 375113972
00010 378195174
00010 379411928
00010 379495030
00010 379625584
00010 379649322
00010 381490556
00010 382128100
00010 382669486
00010 384107720
00010 384952206
00010 385382446
00010 385409432
00010 390170132
00010 390604144
00010 391412110
00010 391672468
00010 391792324
00010 394043046
00010 394060176
00010 396119240
00010 399072936
00010 399476364
00010 401267238
00010 403079408
00010 404743200
00010 410415298
00010 410453670
00010 411145744
00010 411250284
00010 411301346
00010 412290830
00010 413497504
00010 415828162
00010 416246178
00010 417531626
00010 418007118
00010 419822926
00010 420706226
00010 425480708
00010 426313688
00010 426693738
00010 427233364
00010 427964684
00010 428107406
00010 428841784
00010 435474944
00010 438835018
00010 438915030
00010 442712270
00010 442945208
00010 443605304
00010 447862798
00010 449277366
00010 458861694
00010 459882216
00010 459924950
00010 462779844
00010 462990230
00010 471425718
00010 474228282
00010 475555178
00010 478175360
00010 478561382
00010 480844556
00010 486874484
00010 490654268
00010 497472706
00010 498501526
00010 498809156
00010 504188054
00010 504836510
00010 505417718
00010 506795662
00010 516854148
00010 517039298
00010 517593996
00010 519707380
00010 522419662
00010 522421806
00010 523623118
00010 527679892
00010 530873794
00010 533506218
00010 539103590
00010 543422856
00010 547515156
00010 547670338
00010 547739232
00010 547843556
00010 552406350
00010 555012110
00010 555029302
00010 556604524
00010 557263664
00010 558848798
00010 561390078
00010 562060764
00010 562702674
00010 562745224
00010 570862230
00010 577304552
00010 579043598
00010 579098024
00010 580287910
00010 581036790
00010 581486044
00010 586117164
00010 589748144
00010 592185550
00010 594401016
00010 597593096
00010 600849086
00010 606196026
00010 608302534
00010 609259586
00010 609300970
00010 609834412
00010 611792476
00010 611979262
00010 612638510
00010 615557048
00010 617549804
00010 617704248
00010 621128982
00010 622054004
00010 623749348
00010 623978442
00010 628501198
00010 633493196
00010 635939988
00010 637591280
00010 638371512
00010 640977690
00010 643395484
00010 645129456
00010 647677102
00010 649270510
00010 650807474
00010 651140764
00010 653561558
00010 660930668
00010 661013718
00010 661579474
00010 661823336
00010 662403774
00010 665795260
00010 667558910
00010 667980240
00010 668878878
00010 672580466
00010 672727900
00010 677665766
00010 677688624
00010 680315882
00010 681002338
00010 684506650
00010 688561544
00010 692430572
00010 693263712
00010 695511828
00010 695895280
00010 698826918
00010 699424136
00010 709873410
00010 710034086
00010 711272344
00010 711943412
00010 712433000
00010 714590334
00010 716542204
00010 725360808
00010 725927246
00010 731576886
00010 734247996
00010 737292404
00010 739481534
00010 739517318
00010 741203860
00010 741406608
00010 743987678
00010 748603588
00010 753136120
00010 754615726
00010 757079722
00010 758366486
00010 759813064
00010 762315514
00010 763396902
00010 763532304
00010 763809188
00010 767837020
00010 768588434
00010 771741330
00010 773440636
00010 774197316
00010 774897974
00010 777070778
00010 777146118
00010 777152554
00010 777155036
00010 778559518
00010 779478652
00010 785034356
00010 790033746
00010 793628782
00010 795124450
00010 796771812
00010 796976332
00010 799141602
00010 800715666
00010 800794366
00010 804025306
00010 806527348
00010 808755394
00010 811484252
00010 811537946
00010 815077492
00010 815501040
00010 818092654
00010 818799130
00010 821001826
00010 826642230
00010 828473276
00010 831125206
00010 833784504
00010 833954302
00010 835300382
00010 838297022
00010 838299702
00010 839530932
00010 843165614
00010 849244592
00010 853797238
00010 856410786
00010 862024616
00010 862484470
00010 865329854
00010 865424004
00010 865917828
00010 867095800
00010 872906352
00010 876566696
00010 883947750
00010 886749546
00010 887037044
00010 888095678
00010 893084214
00010 894363258
00010 897398278
00010 899055974
00010 899139922
00010 900203704
00010 906492838
00010 907764918
00010 908981670
00010 921064588
00010 921285244
00010 922623060
00010 927179236
00010 929077286
00010 930079672
00010 930125562
00010 940277562
00010 943388584
00010 943921644
00010 946279768
00010 949093310
00010 951802608
00010 953749386
00010 953982288
00010 955882630
00010 956146678
00010 957440764
00010 958050094
00010 965822110
00010 968636124
00010 972973790
00010 974484502
00010 976233306
00010 978969620
00010 980097308
00010 984338314
00010 989415672
00010 991258670
00010 992133486
00010 996319884
00010 998956674
00010 1026062
00010 2146438
00010 10301366
00010 19075176
00010 22697050
00010 23165216
00010 23635416
00010 24389304
00010 24425018
00010 27595848
00010 27629542
00010 31397160
00010 31436584
00010 31530934
00010 32293388
00010 39697258
00010 44456258
00010 46060882
00010 48308130
00010 48309136
00010 50169710
00010 55703722
00010 58098652
00010 72037514
00010 73115190
00010 74957270
00010 79280344
00010 81049630
00010 84040460
00010 84645784
00010 86141018
00010 86166890
00010 87607426
00010 88219662
00010 93920814
00010 94171292
00010 94253306
00010 96160654
00010 100521122
00010 101374396
00010 101433038
00010 102545332
00010 103212830
00010 106227794
00010 107151618
00010 110761006
00010 112428182
00010 112871728
00010 114124266
00010 115563708
00010 115927674
00010 116080018
00010 117405004
00010 118689580
00010 118852882
00010 119030976
00010 121104012
00010 122350762
00010 124087556
00010 132480264
00010 134301144
00010 134498138
00010 136210312
00010 140781926
00010 146854162
00010 146943322
00010 148813092
00010 149187924
00010 151460102
00010 152943314
00010 154430854
00010 159674434
00010 166093892
00010 166550568
00010 167148588
00010 174027562
00010 174182690
00010 180252874
00010 182131236
00010 184300248
00010 185241886
00010 187712444
00010 191540802
00010 192072222
00010 193536298
00010 194204178
00010 197668868
00010 197728026
00010 198518542
00010 201275794
00010 201767456
00010 202375120
00010 204780374
00010 206488478
00010 210914382
00010 211868858
00010 220097500
00010 221485118
00010 225302022
00010 227421310
00010 227529410
00010 233798790
00010 233933966
00010 234117346
00010 235152888
00010 237493592
00010 246563076
00010 246639522
00010 248739474
00010 250420728
00010 255161516
00010 257003556
00010 257323138
00010 257504470
00010 258872394
00010 266342082
00010 270537218
00010 272494282
00010 275258898
00010 279223462
00010 281931410
00010 282692748
00010 283006664
00010 287781876
00010 293214478
00010 294599688
00010 294805646
00010 297313282
00010 297342584
00010 300933056
00010 302696802
00010 303075428
00010 306067774
00010 306956684
00010 306991328
00010 310183222
00010 310401540
00010 311353416
00010 313897486
00010 318770818
00010 318834500
00010 319815758
00010 319870898
00010 320520832
00010 324962596
00010 327579368
00010 330239390
00010 332239022
00010 333779678
00010 335702912
00010 337433486
00010 337870330
00010 338827870
00010 339203100
00010 344528696
00010 347011220
00010 349132350
00010 349308886
00010 350061890
00010 352104292
00010 354778232
00010 354995448
00010 355080094
00010 356399658
00010 361040388
00010 361056444
00010 365897436
00010 370535724
00010 371792228
00010 373203048
00010 378110220
00010 381653574
00010 383131164
00010 383255304
00010 386844312
00010 389244404
00010 391907786
00010 394265158
00010 394777770
00010 395471444
00010 395536630
00010 397877828
00010 400495222
00010 403696052
00010 405237884
00010 407086642
00010 409831668
00010 409960628
00010 410890452
00010 413218714
00010 417780616
00010 418830012
00010 420924882
00010 421258312
00010 421922186
00010 422037214
00010 422500520
00010 428821820
00010 429672664
00010 432074236
00010 433836374
00010 434955408
00010 436436760
00010 438524358
00010 440427388
00010 445738918
00010 450418908
00010 450526212
00010 451696214
00010 452190304
00010 452833458
00010 453507216
00010 455715196
00010 455903364
00010 456003570
00010 456476416
00010 458744100
00010 460117740
00010 462397832
00010 469220430
00010 469372958
00010 469834606
00010 470200736
00010 474099780
00010 474839482
00010 475878656
00010 477439424
00010 479593676
00010 481414484
00010 483850516
00010 493330016
00010 495252680
00010 497291038
00010 497751966
00010 498287834
00010 503793512
00010 505268252
00010 505497328
00010 507949236
00010 508392532
00010 509087090
00010 509849120
00010 516149738
00010 517624680
00010 518500480
00010 520218500
00010 522626938
00010 528198808
00010 530528802
00010 532155582
00010 532327430
00010 533015876
00010 534993996
00010 535390516
00010 535585242
00010 535620970
00010 535899070
00010 536395274
00010 536554254
00010 538453488
00010 539826122
00010 540678890
00010 542773058
00010 549299060
00010 549567388
00010 549595364
00010 550893602
00010 551795066
00010 552436698
00010 552581506
00010 552930866
00010 552942770
00010 555198794
00010 556197360
00010 556383076
00010 558082514
00010 559545596
00010 562940386
00010 563718428
00010 563784488
00010 563930848
00010 570693850
00010 571101418
00010 573276206
00010 576500074
00010 579987822
00010 586431518
00010 588391426
00010 590321642
00010 590370534
00010 590372148
00010 595660490
00010 595924174
00010 599514392
00010 599752820
00010 601547134
00010 604301968
00010 606363136
00010 608183608
00010 612743332
00010 614562096
00010 616948306
00010 617581458
00010 620429654
00010 623205270
00010 627680892
00010 638533978
00010 639222992
00010 645296528
00010 646518212
00010 650609786
00010 650950744
00010 651683816
00010 651706752
00010 653005552
00010 655388690
00010 658944198
00010 659356530
00010 664910206
00010 666636902
00010 669459602
00010 673507376
00010 679709712
00010 679800324
00010 683085712
00010 685551560
00010 687920870
00010 690810204
00010 691295336
00010 693187934
00010 695118920
00010 695544438
00010 697619610
00010 698328540
00010 698891210
00010 699894192
00010 701210750
00010 705383774
00010 706684962
00010 710223546
00010 710508294
00010 714148360
00010 717437214
00010 726703378
00010 731373566
00010 733882406
00010 744238474
00010 745254178
00010 748184928
00010 749017510
00010 749579176
00010 753284892
00010 754161162
00010 758856488
00010 759675344
00010 762826896
00010 764551056
00010 767870940
00010 769291812
00010 773809710
00010 773923302
00010 774987452
00010 776865372
00010 779599966
00010 780277704
00010 781584892
00010 782129372
00010 782492508
00010 783434370
00010 784433098
00010 784691976
00010 785644090
00010 786917784
00010 788677510
00010 790530238
00010 791766964
00010 792621176
00010 793817628
00010 794356204
00010 798712324
00010 801373142
00010 802489716
00010 805291806
00010 805373546
00010 805548170
00010 807079370
00010 807941550
00010 808601514
00010 811542938
00010 816937960
00010 819085000
00010 822971336
00010 831129538
00010 832181338
00010 833567754
00010 836729452
00010 838703002
00010 839058228
00010 840733570
00010 845694420
00010 846272134
00010 846936502
00010 847485340
00010 849363012
00010 850344190
00010 850914076
00010 852457234
00010 855535518
00010 855784564
00010 857671842
00010 857847384
00010 860577458
00010 862849720
00010 867096518
00010 869370730
00010 870191166
00010 871330212
00010 873981284
00010 877504116
00010 878974544
00010 880833568
00010 891182372
00010 893988494
00010 896817848
00010 898365730
00010 899558550
00010 899751264
00010 901163276
00010 904013318
00010 904096174
00010 904139616
00010 909200406
00010 916122046
00010 918160444
00010 919567446
00010 919683258
00010 925250522
00010 929110830
00010 933163594
00010 935968202
00010 936179258
00010 941948682
00010 943698152
00010 944665696
00010 945568926
00010 945930050
00010 947963864
00010 948790436
00010 949262096
00010 956563566
00010 956856386
00010 957089186
00010 958123438
00010 959496738
00010 961608712
00010 962653930
00010 963186310
00010 969689642
00010 972926886
00010 976114394
00010 979176800
00010 979373008
00010 979502722
00010 980239766
00010 980668440
00010 980863806
00010 985588862
00010 988394316
00010 989665148
00010 990002388
00010 992174020
00010 992902072
00010 997654026
00010 997810582
00010 2355998
00010 2636356
00010 4430202
00010 11159466
00010 11420896
00010 11806234
00010 12249540
00010 13802466
00010 17787172
00010 19352120
00010 20906990
00010 22109714
00010 22638358
00010 24143874
00010 24281396
00010 26671446
00010 26961462
00010 28967006
00010 29684956
00010 32345058
00010 35126238
00010 35523198
00010 37874754
00010 38596318
00010 41550180
00010 41707878
00010 42539590
00010 43256614
00010 50238936
00010 51261816
00010 55142216
00010 56385564
00010 56650016
00010 62200156
00010 64178564
00010 64714464
00010 66810532
00010 71476390
00010 73767406
00010 74203622
00010 74334520
00010 78519230
00010 81181128
00010 81205032
00010 81208408
00010 81360280
00010 85188138
00010 87577936
00010 88567868
00010 88570826
00010 90132238
00010 91825646
00010 92767046
00010 93197718
00010 94619832
00010 100673532
00010 102042738
00010 103211764
00010 104756912
00010 107721082
00010 110602580
00010 114705878
00010 114891214
00010 116293836
00010 117325338
00010 120053032
00010 121422896
00010 122108196
00010 124580958
00010 125807698
00010 128276698
00010 129234114
00010 130208668
00010 130708072
00010 131795714
00010 134917906
00010 136562292
00010 137619356
00010 144692560
00010 144885866
00010 149757788
00010 151657522
00010 155915346
00010 159435174
00010 159476294
00010 159955120
00010 161885274
00010 161897560
00010 166728482
00010 166809384
00010 171908838
00010 172540784
00010 176522652
00010 187536356
00010 189824458
00010 192807464
00010 192930380
00010 193890524
00010 194267890
00010 194947686
00010 194954750
00010 195290754
00010 196418702
00010 200951880
00010 203501598
00010 208333896
00010 210611666
00010 211781600
00010 212123464
00010 212239032
00010 214790744
00010 216656392
00010 218685130
00010 218704752
00010 233950318
00010 236594868
00010 237370506
00010 237727078
00010 237901420
00010 239564492
00010 239655340
00010 243479858
00010 245013546
00010 246219866
00010 246611608
00010 249225436
00010 253446586
00010 253448306
00010 254544474
00010 261004670
00010 261039964
00010 263470006
00010 272509754
00010 274228062
00010 274353918
00010 278315372
00010 281148398
00010 282077274
00010 282236992
00010 283627392
00010 284273016
00010 286047104
00010 295335126
00010 297627994
00010 300006410
00010 300285152
00010 307418648
00010 307838658
00010 308458820
00010 308981244
00010 309018766
00010 313735774
00010 319019892
00010 319305958
00010 320769440
00010 320786084
00010 324277616
00010 325137666
00010 326063720
00010 326870274
00010 327210034
00010 329543912
00010 332712280
00010 332747542
00010 335344942
00010 339317218
00010 339467432
00010 344097328
00010 345587054
00010 346305462
00010 347790788
00010 350099348
00010 355121910
00010 357102444
00010 361457702
00010 362105178
00010 363923906
00010 370050424
00010 373478212
00010 375446778
00010 376408070
00010 377037742
00010 377125952
00010 377303900
00010 379378134
00010 380972870
00010 383313866
00010 384400656
00010 386520350
00010 388400602
00010 390132224
00010 391257364
00010 392290162
00010 393980632
00010 397347746
00010 399785782
00010 399903684
00010 403251658
00010 403952952
00010 409733612
00010 412428356
00010 415524892
00010 421979612
00010 428763682
00010 431489848
00010 433324078
00010 434391480
00010 435077688
00010 437238788
00010 437741228
00010 438333234
00010 438682340
00010 439948354
00010 440667174
00010 442242020
00010 448341530
00010 448769726
00010 451366528
00010 453719768
00010 455135816
00010 455159674
00010 458023106
00010 463413664
00010 463916842
00010 463962556
00010 464244444
00010 465435564
00010 466593938
00010 467662060
00010 471970654
00010 477106250
00010 477324410
00010 480656942
00010 481127730
00010 481755924
00010 482305762
00010 484195992
00010 485547038
00010 487113212
00010 490864098
00010 493940854
00010 495958910
00010 496031314
00010 497251206
00010 504897950
00010 507429094
00010 507533628
00010 508680076
00010 509013200
00010 511850628
00010 513730388
00010 514595934
00010 519243316
00010 521053922
00010 524930934
00010 525993088
00010 528995192
00010 529563750
00010 529807784
00010 532278240
00010 535006912
00010 535479232
00010 536472118
00010 536506210
00010 536651848
00010 536850656
00010 540084804
00010 541058920
00010 543754880
00010 543783376
00010 544780298
00010 547825378
00010 548558590
00010 549735064
00010 553250856
00010 554001326
00010 555290850
00010 555402276
00010 559633912
00010 560585290
00010 566038512
00010 567185700
00010 567574798
00010 568640584
00010 570032254
00010 571969658
00010 572343078
00010 575459930
00010 576068572
00010 581053504
00010 582901620
00010 584909418
00010 585746330
00010 585805792
00010 587356668
00010 588414292
00010 594745184
00010 594756282
00010 596970282
00010 598747686
00010 600884384
00010 604973136
00010 605049568
00010 608193168
00010 609820300
00010 617928412
00010 619576358
00010 620151744
00010 623251960
00010 628047240
00010 628094110
00010 629650344
00010 630602330
00010 634158980
00010 636911692
00010 636945886
00010 648186174
00010 648749444
00010 649921220
00010 654743802
00010 657368148
00010 664196436
00010 666110510
00010 668486772
00010 669893946
00010 670736438
00010 670926922
00010 671109052
00010 673502074
00010 677394614
00010 679334740
00010 681253646
00010 686895184
00010 688849268
00010 689935110
00010 690740392
00010 692171126
00010 693496820
00010 694437152
00010 697943518
00010 699499666
00010 700561520
00010 702294538
00010 702900458
00010 703088196
00010 703707196
00010 703937476
00010 715122410
00010 716491356
00010 717322042
00010 718421584
00010 719385934
00010 722880400
00010 724715426
00010 725140636
00010 726800024
00010 726856546
00010 727578540
00010 731130378
00010 734534390
00010 734853470
00010 737395168
00010 740690736
00010 746068382
00010 746374958
00010 746602420
00010 747199704
00010 747448722
00010 755621172
00010 755685466
00010 758101176
00010 762467018
00010 763302168
00010 765670620
00010 770117386
00010 770258748
00010 772116436
00010 774519064
00010 776493196
00010 777769810
00010 778916582
00010 778934214
00010 779521624
00010 781192356
00010 782700066
00010 785778940
00010 792444220
00010 794462584
00010 794469686
00010 796154254
00010 796177188
00010 802556318
00010 808406380
00010 818007176
00010 818564660
00010 818757922
00010 820159970
00010 827961212
00010 830098148
00010 831217594
00010 832545076
00010 834613582
00010 835394664
00010 835832850
00010 839567088
00010 839634974
00010 840375186
00010 841489764
00010 844990244
00010 847796510
00010 848355692
00010 851799334
00010 852847992
00010 853158252
00010 853215384
00010 860235702
00010 860417962
00010 874470434
00010 874559602
00010 882032144
00010 882307598
00010 882603034
00010 884802148
00010 885119870
00010 885838844
00010 886481046
00010 887880122
00010 888439010
00010 889345600
00010 890404278
00010 893302600
00010 894964636
00010 896267042
00010 897908836
00010 899622832
00010 900405158
00010 901104424
00010 901513810
00010 902493796
00010 905148672
00010 908403488
00010 909886608
00010 913017864
00010 914770790
00010 914880880
00010 916231182
00010 920156938
00010 921637278
00010 922331854
00010 922785274
00010 923305406
00010 924092812
00010 926171974
00010 928877836
00010 930675368
00010 940174152
00010 945048664
00010 946274100
00010 948079710
00010 948531540
00010 949881466
00010 949957652
00010 949968844
00010 959009576
00010 960149572
00010 962954226
00010 965644476
00010 967421670
00010 972251980
00010 973641008
00010 973879790
00010 975618642
00010 976236688
00010 979666070
00010 981783580
00010 984747338
00010 987735332
00010 992360614
00010 994767330
00010 995255160
00010 997252336
00010 997392454
00010 998875406
00010 1274212
00010 2378264
00010 5072136
00010 9611638
00010 22658934
00010 23125124
00010 26533774
00010 27364658
00010 29821980
00010 30948770
00010 32686056
00010 33953694
00010 34716200
00010 34717276
00010 35889330
00010 36186676
00010 38157088
00010 39193014
00010 40257536
00010 43164320
00010 44278434
00010 44546826
00010 50010774
00010 51411516
00010 52448136
00010 58704592
00010 59196300
00010 60662238
00010 60828020
00010 61686896
00010 63937950
00010 68456946
00010 70233350
00010 70901608
00010 71450260
00010 77294412
00010 79166560
00010 79222800
00010 79372050
00010 83694004
00010 83866234
00010 87819776
00010 89499244
00010 90065820
00010 90385240
00010 92667144
00010 99040434
00010 102110040
00010 103891262
00010 108568710
00010 110003662
00010 115147348
00010 115544010
00010 119633812
00010 130221034
00010 130986880
00010 131353546
00010 135226868
00010 136691646
00010 139273448
00010 141435128
00010 144151884
00010 147240760
00010 149905072
00010 151484438
00010 155130858
00010 156083404
00010 156775024
00010 159129814
00010 165459260
00010 166165052
00010 166295586
00010 168846002
00010 170801326
00010 176924606
00010 177522528
00010 177525678
00010 181618936
00010 185334544
00010 185645988
00010 188262098
00010 189945456
00010 190936900
00010 193264134
00010 194008314
00010 205527254
00010 210486612
00010 212592746
00010 214129524
00010 218837392
00010 218920618
00010 219342402
00010 219540260
00010 220589990
00010 224981714
00010 226251234
00010 228124242
00010 228159454
00010 233099546
00010 233172854
00010 236273692
00010 238894642
00010 241442996
00010 241818302
00010 247804180
00010 249320114
00010 256348396
00010 261261530
00010 263512318
00010 264809594
00010 265357090
00010 266389150
00010 268906742
00010 276894360
00010 277415282
00010 278576520
00010 281361442
00010 282042394
00010 282043856
00010 290800078
00010 292210022
00010 292229154
00010 294125286
00010 294441778
00010 296303130
00010 300853592
00010 302126954
00010 302705822
00010 305682478
00010 306815252
00010 310615294
00010 311548322
00010 315495194
00010 316226278
00010 316750208
00010 319845104
00010 320558378
00010 320663662
00010 324051060
00010 331124344
00010 332001284
00010 332671018
00010 339040056
00010 340177590
00010 340821224
00010 347349092
00010 348143810
00010 349159956
00010 351219546
00010 353744002
00010 358963780
00010 362816408
00010 365858146
00010 373244238
00010 374952178
00010 382211126
00010 382850036
00010 385026676
00010 389630312
00010 392706462
00010 393107818
00010 393278464
00010 395343616
00010 395816004
00010 403904988
00010 408284720
00010 408327462
00010 409271168
00010 412508454
00010 414591808
00010 414779774
00010 421475328
00010 422656550
00010 422803414
00010 422915322
00010 422999106
00010 424874826
00010 425643698
00010 427886374
00010 428795558
00010 429841512
00010 441539448
00010 443100936
00010 446270064
00010 451933826
00010 455326142
00010 460420524
00010 462229640
00010 462579820
00010 463486236
00010 464250036
00010 464460324
00010 464544244
00010 465438198
00010 469426820
00010 471595548
00010 474730894
00010 475818214
00010 477069334
00010 481990412
00010 482336592
00010 483999724
00010 485268700
00010 485584396
00010 489584666
00010 490275238
00010 490329044
00010 490485034
00010 494672804
00010 502083218
00010 503350642
00010 505022050
00010 506158818
00010 506986832
00010 512663614
00010 513641708
00010 513737764
00010 517060346
00010 518589150
00010 520395388
00010 521867030
00010 521973162
00010 524111270
00010 524209242
00010 525204972
00010 525211720
00010 527184690
00010 528814828
00010 529063668
00010 531134276
00010 531609838
00010 534039756
00010 534354142
00010 534902472
00010 536944940
00010 537324368
00010 540610788
00010 541116908
00010 551067608
00010 552895402
00010 553270620
00010 555480830
00010 557004126
00010 561208218
00010 562079348
00010 564044342
00010 564045592
00010 564788808
00010 566259902
00010 567184814
00010 567866010
00010 572296554
00010 573280110
00010 573492278
00010 574730978
00010 575662422
00010 578203712
00010 581609286
00010 583383600
00010 584617332
00010 586472958
00010 588722598
00010 592546790
00010 594656710
00010 595131250
00010 596538772
00010 597779476
00010 600407646
00010 601620554
00010 601712790
00010 601793012
00010 601928494
00010 609256956
00010 618833354
00010 619921380
00010 622858930
00010 630414636
00010 630504096
00010 631340092
00010 631513032
00010 632467146
00010 634978040
00010 636946330
00010 639214630
00010 639433754
00010 641250088
00010 644211404
00010 654187654
00010 654577316
00010 654688808
00010 655873304
00010 656713646
00010 658331664
00010 659805846
00010 660760786
00010 661136882
00010 673511942
00010 675746412
00010 676884894
00010 678707524
00010 679050584
00010 679849514
00010 681685166
00010 682743542
00010 684124706
00010 685337206
00010 685425080
00010 690519948
00010 693979472
00010 701807848
00010 702522800
00010 703621016
00010 703830700
00010 704453088
00010 705968756
00010 712266268
00010 713583972
00010 714524192
00010 715675700
00010 719782460
00010 722622702
00010 728079724
00010 728108936
00010 730519428
00010 730797182
00010 731903862
00010 734516878
00010 734935596
00010 735199202
00010 738295128
00010 738403004
00010 739208056
00010 740288664
00010 742781820
00010 743370544
00010 745673692
00010 749455394
00010 752210844
00010 753282510
00010 754734498
00010 757421452
00010 760645114
00010 762400194
00010 765965360
00010 769287698
00010 770247752
00010 772604068
00010 773857134
00010 775063762
00010 780310298
00010 780828064
00010 784861328
00010 785945910
00010 788349616
00010 791145186
00010 792267184
00010 794107562
00010 795617962
00010 807742590
00010 814535648
00010 815893586
00010 816315088
00010 818996598
00010 819441188
00010 824314402
00010 825491482
00010 826348638
00010 827432732
00010 828889288
00010 829210956
00010 830954270
00010 831261530
00010 831270328
00010 834208802
00010 837597028
00010 840246282
00010 841109822
00010 848267660
00010 859027652
00010 859788836
00010 861835306
00010 861975196
00010 863178618
00010 863483410
00010 872222642
00010 876740526
00010 876926466
00010 877891454
00010 878263992
00010 878782892
00010 879241406
00010 881572224
00010 886065490
00010 889092406
00010 893662246
00010 895265562
00010 898873240
00010 898898696
00010 902349964
00010 905340294
00010 911774094
00010 913362684
00010 914326590
00010 915215250
00010 919937980
00010 920409570
00010 920410784
00010 920444456
00010 925581356
00010 928022538
00010 928518796
00010 930580324
00010 935105698
00010 938658652
00010 942079548
00010 942395816
00010 942711634
00010 952263352
00010 953231458
00010 954668904
00010 954840206
00010 959483346
00010 960599924
00010 961793756
00010 962506000
00010 964528406
00010 965007870
00010 970037502
00010 973147418
00010 981024188
00010 981361360
00010 981716432
00010 982127900
00010 982459090
00010 986136832
00010 989398606
00010 991074656
00010 992877196
00010 993464612
00010 996129666
00010 999226230
