00010 1132746
00010 1216006
00010 2462604
00010 3030060
00010 4915474
00010 5202026
00010 6269650
00010 6431236
00010 13611624
00010 14397088
00010 17826408
00010 20282010
00010 24227658
00010 26277276
00010 27576266
00010 30366266
00010 33819110
00010 34010144
00010 36378058
00010 47512714
00010 47811294
00010 49254960
00010 49276618
00010 50158266
00010 52226918
00010 53068182
00010 54507426
00010 58109552
00010 59455946
00010 59457054
00010 59634908
00010 61919678
00010 64192538
00010 64195292
00010 64444246
00010 66588454
00010 68615692
00010 72339000
00010 75941304
00010 84447868
00010 85231210
00010 85859072
00010 85916728
00010 88684004
00010 91784700
00010 92187480
00010 93007074
00010 95573100
00010 97464870
00010 98576708
00010 98581726
00010 99500564
00010 99672010
00010 99673264
00010 100329422
00010 100606758
00010 103097932
00010 105921252
00010 105967062
00010 108080376
00010 108572912
00010 110413112
00010 110988802
00010 113122348
00010 113942324
00010 114910256
00010 115993000
00010 120259324
00010 121390314
00010 123275588
00010 124580610
00010 125779962
00010 126061262
00010 128317426
00010 130614436
00010 131949892
00010 134449290
00010 135830648
00010 137412328
00010 138694766
00010 140640180
00010 142233920
00010 145058056
00010 145205306
00010 150177526
00010 154325622
00010 154577560
00010 154801538
00010 156079268
00010 159733080
00010 160196588
00010 161979136
00010 163464042
00010 169032220
00010 172349062
00010 173915008
00010 174611076
00010 175731868
00010 177702264
00010 179364956
00010 181464258
00010 181468928
00010 182991544
00010 183905628
00010 185103352
00010 185915446
00010 187125170
00010 188835556
00010 189465012
00010 192132498
00010 193014732
00010 195302710
00010 195369286
00010 196978522
00010 201001322
00010 201241800
00010 202167312
00010 202375554
00010 203698518
00010 210098638
00010 211031006
00010 213317032
00010 215102216
00010 215402762
00010 218534942
00010 227526542
00010 227866688
00010 228884370
00010 233291732
00010 237368604
00010 238560690
00010 243776078
00010 251253210
00010 252706334
00010 252984622
00010 255220708
00010 263667848
00010 264498614
00010 269375572
00010 269552268
00010 270218036
00010 270696884
00010 274524178
00010 285501870
00010 288581700
00010 290467236
00010 291587992
00010 293197234
00010 293681254
00010 299178344
00010 299233638
00010 302766962
00010 303031890
00010 315575012
00010 320932330
00010 323287078
00010 323754678
00010 334417130
00010 334908802
00010 339696428
00010 340158834
00010 340333728
00010 341134586
00010 349040496
00010 349306766
00010 349472020
00010 349644612
00010 351523694
00010 353195552
00010 359741422
00010 363578988
00010 365403946
00010 367708722
00010 368295640
00010 369491378
00010 370303168
00010 372367920
00010 375782990
00010 376100008
00010 376754258
00010 380430050
00010 380928878
00010 381536436
00010 386090692
00010 386297298
00010 387044138
00010 387601058
00010 388978790
00010 390440778
00010 391916052
00010 400727100
00010 401558700
00010 405552212
00010 406629478
00010 406911810
00010 408293590
00010 410319578
00010 415278326
00010 416710578
00010 420315290
00010 427229510
00010 429832326
00010 430657004
00010 433035754
00010 433593186
00010 434039774
00010 442716488
00010 443343502
00010 443583850
00010 444256530
00010 445353302
00010 446720834
00010 453640566
00010 453833668
00010 457006154
00010 457068250
00010 457364774
00010 467792552
00010 469389578
00010 470389982
00010 471862434
00010 471994300
00010 472441918
00010 478620194
00010 484175190
00010 484202676
00010 488569136
00010 490537324
00010 493879620
00010 494082822
00010 494541112
00010 499154082
00010 504864404
00010 505251384
00010 510051668
00010 512643502
00010 512919134
00010 515085062
00010 515112824
00010 515738716
00010 515929962
00010 516025350
00010 516051078
00010 519051872
00010 520049594
00010 521242610
00010 523316004
00010 527433176
00010 528358636
00010 532227804
00010 533636398
00010 535253422
00010 538270444
00010 539945228
00010 540460476
00010 540941584
00010 545251290
00010 545662512
00010 546273376
00010 558141944
00010 559142256
00010 562504660
00010 563063222
00010 563771712
00010 564343940
00010 566572718
00010 567124362
00010 567673566
00010 568617748
00010 571755134
00010 571862744
00010 574392856
00010 574450518
00010 575823264
00010 576648080
00010 577016024
00010 582527662
00010 586258554
00010 586720862
00010 588164294
00010 590415008
00010 591739304
00010 591824332
00010 595836396
00010 597428832
00010 597596242
00010 599759922
00010 601050842
00010 605937570
00010 606705760
00010 606847146
00010 609890860
00010 610963534
00010 610984612
00010 615723672
00010 617061852
00010 618157566
00010 619637310
00010 620756410
00010 624832806
00010 625652752
00010 625784306
00010 625913090
00010 630174854
00010 630824334
00010 632134910
00010 633214666
00010 633633960
00010 633651684
00010 633796650
00010 634352730
00010 635495160
00010 637382814
00010 637504156
00010 637770250
00010 638212362
00010 639904046
00010 643763870
00010 646888202
00010 650297684
00010 655690334
00010 656926920
00010 661413392
00010 664748438
00010 664773934
00010 667388716
00010 670830678
00010 671609788
00010 673519444
00010 675342386
00010 676209154
00010 678305686
00010 681991800
00010 686323554
00010 687787046
00010 689204176
00010 689206968
00010 690086710
00010 690851730
00010 692737908
00010 697372590
00010 697741288
00010 698489524
00010 698932412
00010 701093780
00010 703066084
00010 708257232
00010 709433398
00010 709655488
00010 710312808
00010 713975332
00010 714626692
00010 715238106
00010 715344944
00010 717666270
00010 723172482
00010 725081694
00010 725541648
00010 726872820
00010 727665292
00010 727735660
00010 727828042
00010 728299750
00010 729616290
00010 730857572
00010 731976764
00010 732728888
00010 734313648
00010 735935812
00010 738072342
00010 743666946
00010 744400522
00010 748895602
00010 749303104
00010 751604612
00010 753129620
00010 756622622
00010 760725672
00010 761239912
00010 761252222
00010 762181890
00010 767020062
00010 773078338
00010 777137606
00010 777786802
00010 778346950
00010 778528322
00010 781477686
00010 783300436
00010 783794902
00010 784017588
00010 785698764
00010 785700530
00010 787430872
00010 788755824
00010 791170162
00010 791425352
00010 793428792
00010 793451140
00010 794789114
00010 798804398
00010 803275486
00010 804644642
00010 805715574
00010 809845000
00010 811666302
00010 816671018
00010 817404306
00010 818111114
00010 824644692
00010 825099972
00010 825800658
00010 828298890
00010 829429264
00010 829870358
00010 831038786
00010 832499016
00010 834304142
00010 835844450
00010 836776314
00010 839572676
00010 844129514
00010 847491526
00010 848041306
00010 850452270
00010 853497634
00010 855503156
00010 859037786
00010 865474148
00010 868745456
00010 868892668
00010 869243158
00010 869445920
00010 872938394
00010 878250314
00010 879111474
00010 879658004
00010 880137612
00010 880874514
00010 882418886
00010 882516584
00010 882737788
00010 883751726
00010 885063002
00010 885176158
00010 886519964
00010 890373878
00010 891829006
00010 896427242
00010 896787906
00010 898577066
00010 899363410
00010 900006066
00010 913275902
00010 918702878
00010 921217950
00010 922117440
00010 922499234
00010 922752094
00010 923820980
00010 926446488
00010 926490698
00010 926856778
00010 929753926
00010 937043034
00010 937044974
00010 944036384
00010 946380490
00010 947222984
00010 951795286
00010 954747624
00010 955671162
00010 961424200
00010 962931058
00010 966894884
00010 969846842
00010 974785382
00010 974886756
00010 976243558
00010 977427072
00010 979495022
00010 979730630
00010 980073640
00010 980479196
00010 983284460
00010 990765830
00010 991979962
00010 1000561992
00010 6774090
00010 7203316
00010 8125702
00010 9334022
00010 10835878
00010 11272654
00010 11531034
00010 12502300
00010 13179724
00010 14350620
00010 14794452
00010 20207916
00010 23459260
00010 23747420
00010 27021874
00010 31622032
00010 33285058
00010 33661392
00010 40393294
00010 41148062
00010 57215480
00010 61897610
00010 63437782
00010 65617202
00010 70339254
00010 70498962
00010 71808342
00010 72007986
00010 72695476
00010 76165054
00010 80872096
00010 83983790
00010 84227718
00010 89815450
00010 92453824
00010 96123206
00010 100086526
00010 101066830
00010 102146032
00010 102263546
00010 103235096
00010 103324490
00010 105570098
00010 108242290
00010 111861800
00010 112151014
00010 115394040
00010 117023438
00010 118750602
00010 118760124
00010 129833792
00010 132270246
00010 132601608
00010 136687188
00010 137032174
00010 141736836
00010 144143884
00010 144730476
00010 145957346
00010 147957442
00010 148456326
00010 157556932
00010 157666576
00010 166367020
00010 167776328
00010 168549336
00010 169260238
00010 172907516
00010 173441758
00010 174702922
00010 175031336
00010 175380252
00010 175762192
00010 175885934
00010 176941026
00010 182439126
00010 184795674
00010 186937104
00010 188436054
00010 189207714
00010 193676424
00010 193702862
00010 195659282
00010 196729592
00010 199559244
00010 200150518
00010 203675434
00010 206692918
00010 208335098
00010 210776340
00010 211301440
00010 217098080
00010 222541590
00010 223296872
00010 224140850
00010 225720694
00010 226331740
00010 227926834
00010 228482158
00010 230456236
00010 233918198
00010 235393796
00010 240356630
00010 241139248
00010 241930140
00010 246838076
00010 250739824
00010 256303632
00010 256349726
00010 258436068
00010 258489452
00010 259511472
00010 260482586
00010 262643304
00010 262692532
00010 263425918
00010 265663990
00010 266126924
00010 266132644
00010 267011090
00010 271555070
00010 273388720
00010 274328216
00010 276990776
00010 279889888
00010 281014142
00010 281428768
00010 284191530
00010 284378818
00010 285816776
00010 287182204
00010 289400636
00010 291588150
00010 293342354
00010 293771358
00010 297466066
00010 302941188
00010 304557552
00010 310965012
00010 310998134
00010 313326290
00010 314375718
00010 316288058
00010 323984782
00010 324771634
00010 327734102
00010 328974004
00010 335375490
00010 338626980
00010 340391884
00010 342130698
00010 343434826
00010 343817276
00010 344117076
00010 345175336
00010 349420232
00010 351535866
00010 352500854
00010 352657202
00010 357947026
00010 358636840
00010 369697182
00010 369748452
00010 371233940
00010 371883014
00010 373196522
00010 373227124
00010 373867086
00010 374158690
00010 378324024
00010 380124720
00010 380199442
00010 380976836
00010 391445286
00010 392442454
00010 395216744
00010 396730684
00010 399969394
00010 404465504
00010 411620386
00010 415126154
00010 415678140
00010 416320536
00010 417794490
00010 417902268
00010 419278702
00010 421143870
00010 421447246
00010 421717134
00010 421853944
00010 422200676
00010 429410268
00010 430412858
00010 432851452
00010 433396560
00010 433424796
00010 434009470
00010 434681976
00010 435232484
00010 439920958
00010 446091394
00010 447603270
00010 448459876
00010 449370266
00010 450998530
00010 451411404
00010 453098560
00010 455458072
00010 457732120
00010 457972404
00010 458346468
00010 465573638
00010 466868372
00010 468877512
00010 468911432
00010 473218056
00010 473315632
00010 482069204
00010 484217732
00010 493098938
00010 493875220
00010 498593246
00010 499573198
00010 499574534
00010 507595274
00010 510676392
00010 513424182
00010 513523588
00010 515985494
00010 518108862
00010 518281698
00010 518931094
00010 519240870
00010 519306888
00010 524392870
00010 524480696
00010 526022214
00010 527122018
00010 528900052
00010 530307142
00010 533497056
00010 535121624
00010 540159276
00010 540662470
00010 544184592
00010 545353374
00010 545423896
00010 545904428
00010 547520054
00010 548650234
00010 554739342
00010 556469924
00010 557430914
00010 563848354
00010 570384086
00010 570391970
00010 571686136
00010 571991088
00010 572944066
00010 574747918
00010 577169282
00010 583127420
00010 584479106
00010 589082732
00010 589943084
00010 591117334
00010 593870204
00010 594511926
00010 596183070
00010 601703984
00010 604685006
00010 608235578
00010 608270966
00010 609362486
00010 610180160
00010 617557300
00010 626447656
00010 627081198
00010 630641422
00010 634884818
00010 641765744
00010 642044554
00010 642184632
00010 643742698
00010 647046990
00010 650179160
00010 653416050
00010 654749998
00010 654970556
00010 655011376
00010 655975934
00010 656044540
00010 657338244
00010 659539256
00010 659546760
00010 662863182
00010 665014944
00010 666708074
00010 668938920
00010 669013506
00010 672547214
00010 675153844
00010 676468546
00010 676805528
00010 678586568
00010 679206082
00010 683450654
00010 684060602
00010 690103260
00010 690293360
00010 690414870
00010 696501628
00010 697379142
00010 698638654
00010 702438958
00010 706268612
00010 707893010
00010 708744188
00010 709994040
00010 711727668
00010 711908410
00010 714626462
00010 716948290
00010 719739462
00010 726935700
00010 730358458
00010 730823932
00010 730825566
00010 732415438
00010 732872116
00010 732983388
00010 734618962
00010 735537146
00010 741157304
00010 741753608
00010 742264648
00010 743426828
00010 744752266
00010 748092950
00010 749201860
00010 749638644
00010 753713836
00010 754551550
00010 759089122
00010 762801318
00010 763508162
00010 765546764
00010 772273798
00010 772360314
00010 775250130
00010 776272456
00010 778144466
00010 782223026
00010 785244274
00010 786765944
00010 794189034
00010 794201368
00010 794279428
00010 795971806
00010 798877900
00010 799115700
00010 805436768
00010 805480028
00010 805564326
00010 806132620
00010 806595744
00010 807053930
00010 815335776
00010 815346194
00010 815658764
00010 815842256
00010 818786452
00010 819028566
00010 825363078
00010 826941390
00010 827958816
00010 829664168
00010 830912096
00010 831937306
00010 832103102
00010 832202594
00010 835709640
00010 841464306
00010 841626708
00010 842391246
00010 842545874
00010 843309626
00010 843435270
00010 843644298
00010 843894364
00010 848642550
00010 855159108
00010 855366492
00010 855775158
00010 857643090
00010 857940820
00010 860393932
00010 861956380
00010 862746154
00010 865693944
00010 870206736
00010 873685126
00010 881631416
00010 882249996
00010 884003018
00010 888699778
00010 889284382
00010 891026084
00010 892824432
00010 893282378
00010 894788970
00010 895720354
00010 902447568
00010 905645842
00010 907511416
00010 908052976
00010 912362882
00010 912572080
00010 915995784
00010 916653620
00010 919286244
00010 922185242
00010 922583154
00010 922690058
00010 922961768
00010 925227026
00010 925868426
00010 926415654
00010 930572946
00010 933547018
00010 934886336
00010 935734392
00010 940151748
00010 943350026
00010 943840396
00010 951571470
00010 952920470
00010 954694604
00010 961761026
00010 961935604
00010 963716520
00010 964294480
00010 964779824
00010 966559030
00010 968447350
00010 971452330
00010 977738574
00010 979205458
00010 981608726
00010 992257500
00010 993847284
00010 994623414
00010 995065026
00010 995408596
00010 998239706
00010 998387984
00010 857738
00010 2405510
00010 2765708
00010 2941946
00010 2948164
00010 4791416
00010 5187486
00010 5435746
00010 5728152
00010 7077300
00010 9677400
00010 20028550
00010 26526598
00010 27785348
00010 29529322
00010 33371388
00010 34166592
00010 38747842
00010 41578170
00010 50548000
00010 58467226
00010 62829374
00010 66510278
00010 67325932
00010 68060578
00010 71533376
00010 73634292
00010 74503562
00010 76270750
00010 84428034
00010 84840924
00010 85556398
00010 86265188
00010 89348188
00010 94727380
00010 95028102
00010 96364786
00010 96772864
00010 99335188
00010 100521260
00010 100961344
00010 101939696
00010 102648546
00010 102752678
00010 107084738
00010 110265328
00010 110912356
00010 114404220
00010 116823822
00010 118876234
00010 123050494
00010 126392178
00010 126840416
00010 127368456
00010 127501784
00010 128105326
00010 130596000
00010 130633682
00010 133891632
00010 136552212
00010 136748996
00010 140120040
00010 142716956
00010 143768244
00010 147217266
00010 148350570
00010 150109840
00010 152462584
00010 154797370
00010 156751532
00010 159148292
00010 161221846
00010 166779420
00010 166818420
00010 167104428
00010 167512354
00010 167638128
00010 169069616
00010 176655884
00010 180669782
00010 182440930
00010 184802544
00010 195413722
00010 197362948
00010 198733846
00010 202615324
00010 205896854
00010 206553462
00010 206958384
00010 210195886
00010 211726316
00010 212633738
00010 218973100
00010 219933034
00010 224082802
00010 224757162
00010 224813578
00010 225288454
00010 228965620
00010 229612286
00010 234329012
00010 236982432
00010 237001154
00010 237092436
00010 237983014
00010 238997806
00010 239621274
00010 245512334
00010 245974198
00010 246275986
00010 247706576
00010 248352340
00010 249670846
00010 251780654
00010 252515566
00010 254931146
00010 255186082
00010 259952582
00010 260544270
00010 261497702
00010 267573586
00010 268011634
00010 269379046
00010 270244064
00010 271104822
00010 273322264
00010 273640580
00010 279626842
00010 280409876
00010 281434820
00010 285374382
00010 286029786
00010 288430112
00010 289741746
00010 293823832
00010 294153690
00010 296533066
00010 300795838
00010 302217106
00010 303488126
00010 303867494
00010 305203850
00010 305967874
00010 306380244
00010 306445478
00010 306804436
00010 307119496
00010 307144022
00010 309636404
00010 314045204
00010 315509634
00010 317846064
00010 321574344
00010 322032738
00010 322291860
00010 327222850
00010 328405020
00010 330712660
00010 331263070
00010 334568540
00010 337876292
00010 340717158
00010 352653244
00010 353271390
00010 356952072
00010 366890104
00010 369505462
00010 370644592
00010 370839444
00010 373093338
00010 378240486
00010 384313124
00010 387900874
00010 389026188
00010 395765332
00010 398078016
00010 401311224
00010 402611030
00010 403634800
00010 405318876
00010 406208260
00010 407136906
00010 412897998
00010 414471978
00010 417020960
00010 417369532
00010 417516284
00010 418640566
00010 418871712
00010 419232950
00010 419739084
00010 419744542
00010 421669102
00010 424239046
00010 424835938
00010 425005740
00010 428680356
00010 429711910
00010 430102862
00010 432556766
00010 437334428
00010 438662764
00010 441731226
00010 442579536
00010 445891514
00010 448165278
00010 448484226
00010 448634460
00010 450417304
00010 453177180
00010 457691356
00010 459190128
00010 467638776
00010 469388696
00010 470527650
00010 470909384
00010 471236698
00010 471728338
00010 475617148
00010 478366000
00010 479623274
00010 485777674
00010 488207078
00010 488234014
00010 489959736
00010 491130498
00010 495735104
00010 497017656
00010 499707302
00010 501345248
00010 503197088
00010 504384416
00010 507343424
00010 507640570
00010 510357900
00010 513235276
00010 513258190
00010 514811496
00010 516984908
00010 519333176
00010 519377640
00010 520368926
00010 521552678
00010 521689058
00010 522974788
00010 526675702
00010 527151868
00010 527220350
00010 529723574
00010 531244810
00010 534080690
00010 540920558
00010 542570984
00010 542736678
00010 543752922
00010 546596840
00010 553182218
00010 553310756
00010 553755448
00010 554387264
00010 555901116
00010 556053548
00010 557837004
00010 558257198
00010 560762412
00010 569607460
00010 569718802
00010 570064062
00010 572633098
00010 574391140
00010 574590814
00010 580178506
00010 586520026
00010 586708792
00010 589210320
00010 593395740
00010 593862376
00010 596456786
00010 598691864
00010 602196408
00010 614559168
00010 614633482
00010 616434888
00010 620181374
00010 624430058
00010 625977100
00010 626601826
00010 632308372
00010 633810144
00010 634310156
00010 636387756
00010 641639824
00010 641718230
00010 643842608
00010 647513098
00010 648058838
00010 651067778
00010 651810586
00010 664754344
00010 664915010
00010 668353170
00010 675967662
00010 676086478
00010 676532202
00010 677870026
00010 688290764
00010 688370794
00010 690063328
00010 691250096
00010 692928088
00010 693520704
00010 693808806
00010 694382940
00010 695453726
00010 695516420
00010 700320230
00010 700548016
00010 701282198
00010 702152056
00010 704366322
00010 706135346
00010 710722526
00010 710810110
00010 712591018
00010 713187754
00010 717868782
00010 719555566
00010 720251742
00010 729751846
00010 730960412
00010 731862896
00010 743577980
00010 745647804
00010 745727368
00010 747804154
00010 752419564
00010 752756478
00010 753862020
00010 754242560
00010 754891226
00010 755122894
00010 758584346
00010 763518036
00010 764099910
00010 764103458
00010 764329982
00010 768462050
00010 778318480
00010 781586946
00010 784583048
00010 788524158
00010 789384072
00010 790104118
00010 795423142
00010 796369326
00010 799362458
00010 799700910
00010 800023300
00010 804903410
00010 805246076
00010 805530408
00010 809486458
00010 811843404
00010 815097762
00010 830862862
00010 834754210
00010 836919562
00010 839304736
00010 840660898
00010 842161076
00010 847039826
00010 847365238
00010 848645710
00010 848671830
00010 850228604
00010 852684882
00010 855778866
00010 856990002
00010 858010984
00010 858483720
00010 858670786
00010 859762364
00010 863909418
00010 870429652
00010 873118426
00010 873501432
00010 874059834
00010 874191216
00010 874334990
00010 875628730
00010 879770394
00010 882138060
00010 886447698
00010 890882006
00010 892668808
00010 893064598
00010 893530740
00010 894335298
00010 894973740
00010 901786850
00010 903310842
00010 903346740
00010 904732274
00010 909141770
00010 914908738
00010 916162304
00010 919336284
00010 920857788
00010 923622496
00010 926117406
00010 931495596
00010 932993060
00010 935957554
00010 937938612
00010 938588150
00010 941296782
00010 943558996
00010 947307330
00010 949746780
00010 954004548
00010 954206242
00010 958457730
00010 961448822
00010 965826810
00010 971935558
00010 972958758
00010 973116694
00010 976345572
00010 981252726
00010 982642590
00010 987911220
00010 992109018
00010 994495484
00010 996106130
00010 997225250
00010 2873872
00010 4256010
00010 4260702
00010 4349448
00010 5489940
00010 5803082
00010 7601674
00010 8625556
00010 9331644
00010 11252976
00010 12406524
00010 15817072
00010 16158498
00010 19024254
00010 30726720
00010 34240910
00010 34475154
00010 35088498
00010 39934554
00010 41122260
00010 41480278
00010 44208578
00010 44680030
00010 46760394
00010 47149500
00010 48223820
00010 50749344
00010 55281606
00010 56539504
00010 56992078
00010 57028904
00010 57698366
00010 58083874
00010 58954608
00010 59145426
00010 62918606
00010 64505564
00010 66078178
00010 67510686
00010 69079482
00010 69691986
00010 70073408
00010 72682430
00010 74067190
00010 76043182
00010 79658134
00010 80365576
00010 86876084
00010 89262402
00010 94753586
00010 94772932
00010 101657134
00010 101911218
00010 102205938
00010 105016064
00010 108819486
00010 111726272
00010 111775858
00010 117628216
00010 120676598
00010 123250124
00010 123654578
00010 126449874
00010 128824822
00010 133842080
00010 136803386
00010 138373736
00010 140142746
00010 145867324
00010 146294494
00010 147799970
00010 150754498
00010 154446502
00010 156567198
00010 156641472
00010 158105234
00010 161809270
00010 163042742
00010 166155046
00010 168191620
00010 171432676
00010 172997472
00010 173441576
00010 175074742
00010 176681542
00010 176935062
00010 177205754
00010 178561632
00010 180830540
00010 182385402
00010 184669256
00010 185511902
00010 187116494
00010 187456548
00010 190148048
00010 193408598
00010 193865578
00010 200347046
00010 204583334
00010 204988774
00010 207549722
00010 209472218
00010 213480826
00010 213745260
00010 215990556
00010 219464130
00010 223805702
00010 225294764
00010 235805352
00010 238424012
00010 241266446
00010 241384254
00010 241663378
00010 243257770
00010 243534408
00010 245437752
00010 245475938
00010 246383898
00010 248147780
00010 248149660
00010 249422816
00010 255468778
00010 261437416
00010 263365948
00010 269441120
00010 269586624
00010 269889646
00010 276348166
00010 279805310
00010 281515010
00010 281909778
00010 284342382
00010 285505874
00010 286573656
00010 286917232
00010 289632616
00010 292487944
00010 292568018
00010 293795062
00010 295504152
00010 296612990
00010 297498996
00010 300184540
00010 300882276
00010 301541398
00010 308602802
00010 309867964
00010 320309116
00010 322150892
00010 324827390
00010 327880662
00010 327963478
00010 328661096
00010 332142168
00010 332679480
00010 333905972
00010 334413174
00010 335201140
00010 335893820
00010 338094980
00010 341506182
00010 344504058
00010 349395042
00010 350181404
00010 351521674
00010 352829948
00010 355985116
00010 357224290
00010 359263618
00010 360619674
00010 367122216
00010 367237498
00010 367468740
00010 367554786
00010 368560114
00010 372708622
00010 372863030
00010 373664876
00010 373958854
00010 375606778
00010 377284036
00010 380797898
00010 381882876
00010 382008082
00010 383117470
00010 384617374
00010 386812942
00010 387935524
00010 390053418
00010 397103974
00010 397800682
00010 400973464
00010 406004138
00010 407317732
00010 408095928
00010 410953116
00010 417624592
00010 418810106
00010 423419104
00010 423591224
00010 423640502
00010 423760272
00010 427987338
00010 429097372
00010 432833292
00010 435576100
00010 444082966
00010 445673986
00010 449366184
00010 454439118
00010 455363310
00010 456725576
00010 459153962
00010 459161680
00010 460045302
00010 462494224
00010 463275542
00010 464063390
00010 465142356
00010 466123408
00010 477783808
00010 484586124
00010 486024222
00010 489675252
00010 492250000
00010 492384390
00010 493862712
00010 494774500
00010 498867162
00010 504124318
00010 506953230
00010 509083916
00010 509784830
00010 510302858
00010 510608894
00010 512327408
00010 513778806
00010 519365936
00010 520156084
00010 525498036
00010 527197618
00010 527568404
00010 527814126
00010 529298916
00010 530922306
00010 531441524
00010 536884016
00010 537732334
00010 537975628
00010 538034494
00010 538746032
00010 538762874
00010 541958032
00010 544634342
00010 545349476
00010 547204686
00010 547611174
00010 552107298
00010 555484852
00010 555515706
00010 563531144
00010 568260430
00010 573341274
00010 573972856
00010 574373654
00010 575020442
00010 576082838
00010 578405212
00010 579854572
00010 582715708
00010 583342786
00010 585504308
00010 586237552
00010 587553594
00010 590738462
00010 592504752
00010 592516516
00010 594964924
00010 597266098
00010 602075976
00010 603386698
00010 606559230
00010 607457824
00010 607546856
00010 608702152
00010 609704594
00010 618078598
00010 619095866
00010 619357668
00010 619801680
00010 622753492
00010 624958696
00010 631536052
00010 634956210
00010 636142292
00010 638728966
00010 639387614
00010 643770458
00010 644095930
00010 646626204
00010 648465390
00010 651231686
00010 654045420
00010 654052508
00010 654432098
00010 654504682
00010 655909234
00010 661639020
00010 667191380
00010 667652322
00010 668349656
00010 670817044
00010 678430688
00010 679749594
00010 679917776
00010 684272866
00010 684592146
00010 685756980
00010 686048308
00010 690853006
00010 693147850
00010 694903574
00010 696465072
00010 697091834
00010 700315958
00010 702258852
00010 705189750
00010 705658520
00010 706850908
00010 708436634
00010 709561598
00010 712982296
00010 715571728
00010 718003928
00010 721653228
00010 721687308
00010 721993306
00010 723514028
00010 728627698
00010 730528366
00010 731083422
00010 732114846
00010 737204034
00010 738005420
00010 738055746
00010 738375530
00010 741009100
00010 744240020
00010 745143042
00010 751646476
00010 758902266
00010 759132260
00010 759427746
00010 760742184
00010 761916632
00010 768876578
00010 769410494
00010 770053614
00010 771759878
00010 775158792
00010 775998842
00010 777352818
00010 779166542
00010 780056876
00010 787251236
00010 789229146
00010 790038910
00010 794602510
00010 798068808
00010 799978894
00010 803882364
00010 806301842
00010 808866056
00010 809652430
00010 809655974
00010 810462702
00010 812943268
00010 822412412
00010 822606682
00010 824641310
00010 829709416
00010 829851630
00010 831616864
00010 835928016
00010 837610784
00010 842977296
00010 849857132
00010 852830268
00010 854042986
00010 855886870
00010 869280584
00010 869460248
00010 872360814
00010 873187258
00010 874103878
00010 876004690
00010 877502598
00010 879802206
00010 880223360
00010 882405532
00010 882546022
00010 883751934
00010 884884044
00010 888944806
00010 889771934
00010 890190910
00010 890884284
00010 891685946
00010 896543044
00010 899247506
00010 901488964
00010 901526620
00010 905283056
00010 906054510
00010 909165114
00010 909383910
00010 914795110
00010 916453294
00010 917536256
00010 919855166
00010 921059946
00010 922923326
00010 923412760
00010 928474222
00010 929207140
00010 929762774
00010 930524764
00010 930843720
00010 933195976
00010 933752004
00010 934109246
00010 936720338
00010 940350070
00010 941103366
00010 942474624
00010 944052140
00010 944951032
00010 945746920
00010 946116622
00010 947506068
00010 948499252
00010 949001448
00010 956760998
00010 957721944
00010 961124136
00010 962459370
00010 963642212
00010 968060294
00010 969048240
00010 969178724
00010 969995486
00010 970027214
00010 972282406
00010 974354344
00010 978571890
00010 983537028
00010 987919216
00010 988952040
00010 989739390
00010 989897158
00010 990982552
00010 995696614
00010 996284430
00010 996480040
00010 998256870
00010 998861518
00010 549316
00010 2990460
00010 6146428
00010 6512200
00010 8158028
00010 8450702
00010 8756186
00010 8877864
00010 10078790
00010 10291486
00010 14772784
00010 15369514
00010 17400484
00010 19587016
00010 19710036
00010 19906958
00010 23478690
00010 28132734
00010 28144408
00010 33149096
00010 34061778
00010 35356686
00010 35387764
00010 35564570
00010 38066186
00010 41209042
00010 42118238
00010 42459084
00010 42766316
00010 43588880
00010 45157916
00010 50069534
00010 50698502
00010 50732022
00010 51516286
00010 53341664
00010 55668740
00010 59303182
00010 65051806
00010 65685466
00010 68473018
00010 68924340
00010 70187714
00010 73479498
00010 76245736
00010 78946138
00010 80501606
00010 85741792
00010 86446386
00010 86997752
00010 94252156
00010 96893132
00010 97327090
00010 97448536
00010 97970594
00010 99593746
00010 100058480
00010 100643784
00010 103473688
00010 108579002
00010 109297298
00010 110988252
00010 114584016
00010 115979922
00010 122073772
00010 122326242
00010 122418670
00010 122606538
00010 131180582
00010 132772620
00010 133475766
00010 137016578
00010 137353522
00010 137975942
00010 139616366
00010 142520164
00010 147039688
00010 151529580
00010 154063662
00010 159372314
00010 160696050
00010 161162356
00010 164754388
00010 165118648
00010 170420042
00010 175302976
00010 176044748
00010 179253168
00010 179383308
00010 182217088
00010 184579028
00010 185033588
00010 187066356
00010 188027450
00010 189309690
00010 189493172
00010 189657022
00010 191149388
00010 194264122
00010 197559244
00010 204424380
00010 208101138
00010 209441322
00010 209952518
00010 210662142
00010 211399404
00010 211900058
00010 213849846
00010 215642780
00010 216625150
00010 217755186
00010 219361534
00010 219573266
00010 221325508
00010 221326760
00010 222625482
00010 224211990
00010 229521638
00010 230254214
00010 231465704
00010 231497400
00010 231644326
00010 234742516
00010 240766482
00010 243025632
00010 246271598
00010 248062998
00010 249337728
00010 249713944
00010 249796106
00010 249801106
00010 253314582
00010 253911786
00010 255244392
00010 255470062
00010 256435530
00010 257343586
00010 268449912
00010 270395664
00010 276521594
00010 276657082
00010 280426030
00010 281727904
00010 281840382
00010 283597186
00010 284495864
00010 284527682
00010 284611378
00010 285408710
00010 289502758
00010 291394444
00010 292044342
00010 293427410
00010 293831030
00010 293905926
00010 297537348
00010 301955926
00010 306948848
00010 310117658
00010 316267772
00010 316772436
00010 318219666
00010 319067652
00010 319164092
00010 326952254
00010 327303880
00010 327609010
00010 328076908
00010 328418848
00010 333110366
00010 333269304
00010 335667536
00010 338057272
00010 342438402
00010 342757796
00010 343184514
00010 344758786
00010 345058004
00010 345144578
00010 346269822
00010 346771130
00010 347571242
00010 348583542
00010 349082934
00010 349263754
00010 351106200
00010 351325004
00010 357976988
00010 360292134
00010 361983374
00010 366799312
00010 368769022
00010 371422396
00010 373982580
00010 380175770
00010 385514604
00010 387257582
00010 387448416
00010 387733358
00010 393467836
00010 394653606
00010 398813216
00010 401235346
00010 403843860
00010 404781038
00010 409023144
00010 414325534
00010 421949290
00010 423201566
00010 423227354
00010 428032400
00010 435395462
00010 435475616
00010 435503746
00010 435622000
00010 441412396
00010 441919402
00010 444862496
00010 446900538
00010 446947156
00010 447354164
00010 448717622
00010 451166252
00010 453723122
00010 454113564
00010 455162616
00010 456611552
00010 456737330
00010 456800342
00010 461493242
00010 461525192
00010 463141788
00010 463944354
00010 465475206
00010 469324552
00010 469408740
00010 470458334
00010 471223912
00010 473904194
00010 476551524
00010 478658798
00010 479553390
00010 479710840
00010 482243116
00010 490490640
00010 491652326
00010 493302488
00010 494172896
00010 497269072
00010 504019668
00010 506328044
00010 509323568
00010 517499390
00010 517769306
00010 518908432
00010 522046380
00010 530508040
00010 531069206
00010 532023488
00010 536072816
00010 541830190
00010 544611280
00010 545761034
00010 551732856
00010 553329484
00010 553732866
00010 554675196
00010 560231942
00010 565651282
00010 566666402
00010 569296240
00010 570407524
00010 571958434
00010 572420784
00010 573069768
00010 573331166
00010 573767852
00010 577965694
00010 589101414
00010 589412590
00010 589545050
00010 592414550
00010 593596550
00010 594036272
00010 594044686
00010 597043414
00010 601573892
00010 601796212
00010 603051510
00010 603839700
00010 604396204
00010 606852370
00010 607272198
00010 608730864
00010 609421636
00010 616062194
00010 616281752
00010 616671470
00010 617136822
00010 618275438
00010 621437044
00010 622988054
00010 626079172
00010 628134832
00010 630123004
00010 631021538
00010 631783202
00010 632736706
00010 637017072
00010 639072616
00010 639258870
00010 642913684
00010 643163314
00010 644994326
00010 648305126
00010 648326030
00010 654015426
00010 655473886
00010 656050850
00010 658684820
00010 660132626
00010 660736258
00010 667475740
00010 667477254
00010 668415014
00010 670173894
00010 670306470
00010 670337154
00010 670967194
00010 671538736
00010 672150806
00010 674928762
00010 676045750
00010 677063900
00010 678354122
00010 679098190
00010 681600472
00010 682174534
00010 682945922
00010 684413858
00010 685109152
00010 685725174
00010 688904962
00010 689674520
00010 689903052
00010 691015008
00010 692669380
00010 693784488
00010 694387272
00010 694863514
00010 695679806
00010 698275492
00010 699406788
00010 700733170
00010 702634442
00010 703508000
00010 706047548
00010 710450206
00010 711808556
00010 714409352
00010 716177374
00010 717118484
00010 721013296
00010 722412516
00010 724362234
00010 725502604
00010 726709312
00010 727465580
00010 729453066
00010 732162462
00010 734575550
00010 736002224
00010 741194338
00010 744157954
00010 744292366
00010 750616310
00010 752609914
00010 756710036
00010 756791966
00010 758338662
00010 759996194
00010 760398110
00010 761431530
00010 763047006
00010 764608358
00010 765652484
00010 767534180
00010 770190132
00010 773766314
00010 774226792
00010 780783470
00010 786587200
00010 786840416
00010 789310578
00010 791312522
00010 792067128
00010 794221224
00010 795159908
00010 795689684
00010 800217902
00010 800496040
00010 803454630
00010 807293840
00010 809300298
00010 809591218
00010 815694934
00010 816434100
00010 817516652
00010 819719566
00010 822192650
00010 826094508
00010 828923468
00010 829025216
00010 829633494
00010 832617490
00010 833231550
00010 835302476
00010 835939400
00010 837041662
00010 837185772
00010 839282702
00010 844819938
00010 846173570
00010 846655868
00010 846722626
00010 846812972
00010 848033034
00010 848452688
00010 848695312
00010 851666004
00010 856037298
00010 856274792
00010 857248056
00010 859899124
00010 862637650
00010 862907238
00010 865264670
00010 867635354
00010 869188798
00010 871600458
00010 875484726
00010 876656986
00010 878427384
00010 880241164
00010 882869672
00010 883080990
00010 885116256
00010 886571050
00010 887763426
00010 888289998
00010 891432586
00010 893645744
00010 902665494
00010 904531082
00010 905235256
00010 905319330
00010 906349370
00010 906554302
00010 914357680
00010 914578852
00010 916919006
00010 918879310
00010 923354554
00010 925031744
00010 925434858
00010 927454412
00010 928255532
00010 929732856
00010 936097750
00010 940232634
00010 944097786
00010 945111100
00010 945354584
00010 946335418
00010 947180122
00010 947394408
00010 948937238
00010 949909266
00010 951214770
00010 954018086
00010 955944802
00010 956690840
00010 957023700
00010 960967616
00010 962719862
00010 963944114
00010 965446300
00010 967516944
00010 970246448
00010 970905140
00010 975213408
00010 975705070
00010 976505238
00010 981675528
00010 985480190
00010 986287802
00010 987420662
00010 988802060
00010 989199930
00010 990061406
00010 990980854
00010 995220668
00010 996567994
00010 996734222
00010 997623718
00010 10333118
00010 11074560
00010 12573808
00010 16196810
00010 16686262
00010 21429790
00010 23251312
00010 24136530
00010 25359662
00010 26556678
00010 26843542
00010 29834614
00010 29919328
00010 32193856
00010 32535514
00010 38827422
00010 40503886
00010 46553358
00010 46707686
00010 52682914
00010 53655268
00010 55491768
00010 57665850
00010 58119370
00010 62232948
00010 63502066
00010 66047374
00010 71733926
00010 75796590
00010 76805322
00010 81577460
00010 81588336
00010 82248298
00010 86315434
00010 90787768
00010 91426032
00010 93458612
00010 94702090
00010 96177206
00010 97616196
00010 98504804
00010 101153138
00010 102357922
00010 105083804
00010 106868514
00010 108472980
00010 108780392
00010 110757080
00010 111278886
00010 116144600
00010 116303338
00010 116405714
00010 118379368
00010 120287560
00010 121677820
00010 122643332
00010 127506918
00010 128946282
00010 132763578
00010 133174176
00010 136568348
00010 137093278
00010 138542912
00010 139541126
00010 141483808
00010 142723976
00010 150804752
00010 152757672
00010 154987860
00010 155613828
00010 156481014
00010 157869060
00010 160960622
00010 161332144
00010 161426042
00010 163642638
00010 166953746
00010 167156952
00010 170346700
00010 174250944
00010 180784726
00010 186489900
00010 190492376
00010 192563232
00010 196060216
00010 200231888
00010 200613818
00010 203852450
00010 206925708
00010 207720404
00010 208783880
00010 208826348
00010 211265878
00010 211463042
00010 214078178
00010 219773452
00010 219779190
00010 219809576
00010 223932804
00010 224618466
00010 224774330
00010 233426460
00010 234557046
00010 235308540
00010 236134296
00010 237644988
00010 241415658
00010 242815346
00010 243294026
00010 247849986
00010 247990352
00010 249853428
00010 250067992
00010 253440210
00010 254583274
00010 257979464
00010 260898110
00010 261173060
00010 267361180
00010 269775112
00010 271785656
00010 272075418
00010 273332162
00010 276194036
00010 277308714
00010 277509878
00010 279584532
00010 282270188
00010 295110620
00010 296139442
00010 297790818
00010 299682562
00010 300149744
00010 300481546
00010 301007254
00010 303600560
00010 304644596
00010 305203300
00010 305749250
00010 308545996
00010 308887786
00010 311329358
00010 313788142
00010 315610436
00010 317819534
00010 318402084
00010 318603958
00010 319158552
00010 321265642
00010 329261590
00010 329265878
00010 335442630
00010 336760096
00010 337444204
00010 344536964
00010 346207990
00010 349755514
00010 353500918
00010 358258400
00010 360110934
00010 364536030
00010 367411726
00010 369632074
00010 371122842
00010 371936534
00010 372598760
00010 373380700
00010 373418730
00010 376493512
00010 376551948
00010 386382246
00010 388434196
00010 391718802
00010 392842916
00010 393151776
00010 395737412
00010 396723142
00010 398017230
00010 404999366
00010 405647932
00010 405842322
00010 406707662
00010 407392392
00010 408959564
00010 411391444
00010 414629210
00010 416108376
00010 419976326
00010 423094592
00010 424165740
00010 424202970
00010 424606514
00010 428290458
00010 430522500
00010 432887280
00010 433242940
00010 433687570
00010 436062844
00010 437134152
00010 441151928
00010 441320310
00010 445978840
00010 448515058
00010 454004078
00010 456801768
00010 460344202
00010 460834936
00010 466869750
00010 467253206
00010 472448340
00010 472607542
00010 474518016
00010 475065742
00010 477729484
00010 478723538
00010 479243570
00010 482291622
00010 485106558
00010 488767242
00010 494788830
00010 496414462
00010 497405300
00010 499927246
00010 500936146
00010 504255728
00010 513142924
00010 513770672
00010 515112178
00010 516218686
00010 516350598
00010 516872524
00010 524239928
00010 530022128
00010 530819448
00010 531099392
00010 540632864
00010 542102658
00010 544124568
00010 546536194
00010 555167148
00010 555916966
00010 557661972
00010 568879296
00010 571787182
00010 572585584
00010 572870374
00010 574999084
00010 575287876
00010 578419912
00010 582499408
00010 582883176
00010 586491486
00010 590282056
00010 593432910
00010 594890704
00010 595473782
00010 601303040
00010 601553034
00010 602662504
00010 603574258
00010 605883922
00010 607257198
00010 609264674
00010 613841922
00010 615038950
00010 615963010
00010 617162914
00010 617311974
00010 617606040
00010 619776210
00010 622805284
00010 624195010
00010 625328762
00010 625330988
00010 630106984
00010 630175416
00010 632352902
00010 632545608
00010 635214224
00010 635519002
00010 637979962
00010 639922530
00010 642316668
00010 645302922
00010 647753840
00010 649435940
00010 650450982
00010 651623692
00010 656247198
00010 660186402
00010 660422960
00010 661130692
00010 661605738
00010 663134524
00010 666004972
00010 672173426
00010 672325418
00010 672804978
00010 673833974
00010 674430370
00010 684522698
00010 687428380
00010 690536408
00010 691331054
00010 691478338
00010 692508258
00010 693025098
00010 693570496
00010 695855584
00010 696416168
00010 696672308
00010 696937078
00010 697412324
00010 698090212
00010 702568658
00010 702908718
00010 703120500
00010 705160480
00010 705247126
00010 708772274
00010 712190786
00010 714377394
00010 722672046
00010 727276442
00010 729790068
00010 731788932
00010 733027820
00010 733168342
00010 736005866
00010 737563830
00010 739435742
00010 742618678
00010 746664750
00010 751020568
00010 754355590
00010 754589804
00010 756225168
00010 758267754
00010 758574748
00010 758743280
00010 760607604
00010 771778126
00010 774054998
00010 780043150
00010 782073856
00010 783961530
00010 787024072
00010 790402176
00010 791513140
00010 791560886
00010 793154408
00010 794053080
00010 797218886
00010 797534482
00010 800165320
00010 801753562
00010 812371264
00010 812985144
00010 819741724
00010 821328678
00010 821350598
00010 821533830
00010 824463472
00010 826498478
00010 827973066
00010 836158030
00010 839851234
00010 840052842
00010 844965840
00010 845597438
00010 849607134
00010 854653126
00010 854798148
00010 855216378
00010 858409610
00010 859799648
00010 859929790
00010 861763036
00010 861981222
00010 862637426
00010 865941848
00010 866569830
00010 868471588
00010 868640712
00010 869345756
00010 872636658
00010 873484244
00010 874973700
00010 882756254
00010 886531298
00010 887163794
00010 887676850
00010 891411842
00010 891716422
00010 892172112
00010 892174874
00010 892427174
00010 892847094
00010 894091398
00010 899242058
00010 900025952
00010 901362226
00010 903563818
00010 904194370
00010 905147582
00010 905151140
00010 905837070
00010 906685968
00010 908031786
00010 909174700
00010 916534426
00010 919268198
00010 920155758
00010 920863144
00010 922365824
00010 928468364
00010 928559522
00010 929789638
00010 930194852
00010 931241272
00010 936248556
00010 940496942
00010 943087812
00010 943324212
00010 946759442
00010 947942516
00010 949526012
00010 950682694
00010 950686162
00010 954228052
00010 955421052
00010 958985346
00010 969362030
00010 970729422
00010 971340678
00010 971474126
00010 971662156
00010 975679396
00010 979487074
00010 980721844
00010 984532048
00010 985189604
00010 986005752
00010 987261004
00010 989036608
00010 989559684
00010 993683334
00010 994348830
00010 995807324
00010 997287736
00010 997688972
00010 2043110
00010 2076728
00010 2118400
00010 5163846
00010 5475924
00010 6158756
00010 7007508
00010 7124050
00010 7776952
00010 8275990
00010 9742302
00010 10416978
00010 12220138
00010 13585226
00010 19163182
00010 20706916
00010 20715144
00010 21011658
00010 23470520
00010 26796668
00010 28243326
00010 29129596
00010 29161706
00010 29289404
00010 38211222
00010 40111586
00010 42671760
00010 42685544
00010 42836140
00010 42971122
00010 43671020
00010 49038842
00010 49238272
00010 52070864
00010 54979560
00010 55293730
00010 57058900
00010 59180328
00010 67348494
00010 67394100
00010 72165666
00010 72638014
00010 72649440
00010 76824848
00010 77133052
00010 78358668
00010 79011872
00010 80827548
00010 81736218
00010 82309918
00010 91165558
00010 92265556
00010 93156130
00010 95687818
00010 95735368
00010 96293086
00010 97594190
00010 97623692
00010 98351426
00010 103264696
00010 105023434
00010 109295298
00010 109964920
00010 110773050
00010 116017250
00010 116093348
00010 119626176
00010 119627308
00010 121103752
00010 124437414
00010 126701042
00010 127564978
00010 128419576
00010 131170948
00010 132482088
00010 132846362
00010 133389620
00010 136448608
00010 137416244
00010 138439092
00010 140191148
00010 145825474
00010 153092504
00010 153360058
00010 155393598
00010 157408096
00010 159820488
00010 166350616
00010 168241136
00010 168566864
00010 168825570
00010 171182648
00010 172062472
00010 174065246
00010 181083522
00010 183139518
00010 183848552
00010 183972136
00010 184933140
00010 186107416
00010 187031644
00010 189191098
00010 189924966
00010 193207738
00010 193241066
00010 196649076
00010 196709262
00010 196824912
00010 197089522
00010 197182460
00010 198759170
00010 202208736
00010 202337760
00010 202617416
00010 207891234
00010 208608992
00010 209065182
00010 211817556
00010 213736548
00010 215018238
00010 215247372
00010 221203040
00010 226501370
00010 227100670
00010 230818754
00010 231308358
00010 232101146
00010 232668206
00010 235809496
00010 242305532
00010 243343388
00010 243583650
00010 246002324
00010 246648226
00010 247124788
00010 247998300
00010 249058840
00010 249397494
00010 250893882
00010 251880566
00010 251903300
00010 252789146
00010 253492990
00010 253926136
00010 261149730
00010 263410762
00010 264229234
00010 264267592
00010 266514104
00010 268236266
00010 270756376
00010 275379696
00010 278267584
00010 282396504
00010 287595940
00010 287600758
00010 293261474
00010 293343648
00010 301889498
00010 301952832
00010 302948214
00010 304607016
00010 309757488
00010 314559946
00010 316306622
00010 318182920
00010 322222690
00010 322232536
00010 325905872
00010 327497484
00010 327833582
00010 330588262
00010 330677508
00010 337895224
00010 337950658
00010 339099018
00010 342861338
00010 343551264
00010 346452160
00010 351175900
00010 353057006
00010 353085088
00010 354163892
00010 360090640
00010 362185310
00010 363179238
00010 364217854
00010 369892512
00010 373168570
00010 373527972
00010 378007796
00010 379297582
00010 380522804
00010 380687028
00010 381370654
00010 381892182
00010 383419484
00010 386455198
00010 387725910
00010 388163758
00010 388785542
00010 389892694
00010 389981238
00010 394560594
00010 396663518
00010 399674376
00010 399800224
00010 401895774
00010 402068554
00010 404811606
00010 405745598
00010 411074624
00010 414877908
00010 415111292
00010 421652242
00010 422127956
00010 425580682
00010 426059532
00010 426891732
00010 427607292
00010 428744816
00010 428862138
00010 430066624
00010 433807682
00010 436684906
00010 438642570
00010 439156960
00010 440436168
00010 444388326
00010 446893736
00010 447068902
00010 448541404
00010 448671850
00010 450447160
00010 457261576
00010 458411408
00010 459757586
00010 460888924
00010 463149644
00010 463373294
00010 465026372
00010 465346542
00010 465946168
00010 466210486
00010 470867728
00010 475068002
00010 477247250
00010 478829318
00010 480144362
00010 487349760
00010 489169790
00010 490261218
00010 493641812
00010 496025148
00010 496104916
00010 498174518
00010 507781546
00010 508443438
00010 511467696
00010 511896884
00010 514402294
00010 516230532
00010 516586464
00010 519725474
00010 531427854
00010 533215012
00010 534014396
00010 534390344
00010 534397670
00010 536871964
00010 539697636
00010 542700272
00010 542824144
00010 543111964
00010 545694010
00010 545970090
00010 553707680
00010 555787930
00010 558560076
00010 558856324
00010 561171212
00010 561437500
00010 561598384
00010 563110962
00010 563967112
00010 564749620
00010 566510134
00010 568771354
00010 570633360
00010 571748684
00010 574720564
00010 581072090
00010 583327838
00010 588411570
00010 591008600
00010 600933126
00010 603512064
00010 605878616
00010 614916820
00010 617621814
00010 618888276
00010 619399204
00010 619525270
00010 627187194
00010 627218110
00010 632994274
00010 634556508
00010 635317258
00010 636127214
00010 637042158
00010 639494402
00010 641284762
00010 645892060
00010 650090184
00010 652488636
00010 652539378
00010 653694844
00010 656313244
00010 658054824
00010 658159136
00010 658495128
00010 660033436
00010 660252578
00010 660608516
00010 660945046
00010 663350794
00010 663540118
00010 664575530
00010 666284496
00010 666494294
00010 667267986
00010 667304306
00010 668674842
00010 669375396
00010 669818872
00010 679488576
00010 684171008
00010 686729256
00010 689929242
00010 692540504
00010 695308190
00010 695764712
00010 696037368
00010 698598906
00010 699821754
00010 701093134
00010 704056002
00010 704393648
00010 705897164
00010 708370698
00010 710288574
00010 710318082
00010 710842934
00010 711055142
00010 712914550
00010 716231188
00010 717967784
00010 721348560
00010 734231232
00010 735827860
00010 735834456
00010 738291856
00010 742481078
00010 743157084
00010 746270866
00010 750505282
00010 754538184
00010 756516804
00010 756942620
00010 760643256
00010 761340910
00010 764052336
00010 769067442
00010 769103054
00010 773806232
00010 774453762
00010 776357222
00010 777800424
00010 778217394
00010 779242498
00010 781936872
00010 783719862
00010 788836620
00010 789233232
00010 790452640
00010 790530008
00010 791536620
00010 791740236
00010 793813306
00010 796201292
00010 798623292
00010 798957250
00010 799736060
00010 801271790
00010 801680498
00010 802696334
00010 804339168
00010 804655584
00010 805214258
00010 807586176
00010 809637124
00010 809827568
00010 810695308
00010 810848188
00010 810853980
00010 820740666
00010 827469544
00010 828406620
00010 828958046
00010 831072748
00010 834684296
00010 835848052
00010 838392592
00010 841880590
00010 842472352
00010 843518662
00010 843571426
00010 843790296
00010 844433700
00010 844643908
00010 844811750
00010 845303450
00010 847681454
00010 851319680
00010 852787292
00010 852788384
00010 852988056
00010 853744448
00010 858922920
00010 859675292
00010 861207058
00010 861635410
00010 862021334
00010 865023790
00010 866402890
00010 866404496
00010 870809446
00010 871955968
00010 872209510
00010 872270640
00010 873768906
00010 873782344
00010 878916868
00010 881261970
00010 881883870
00010 885715766
00010 887306280
00010 888624562
00010 893343508
00010 893363616
00010 896620282
00010 907392120
00010 907811306
00010 909937814
00010 918757392
00010 919364974
00010 919873784
00010 924834790
00010 927680186
00010 928316472
00010 934158564
00010 934355110
00010 936597078
00010 936745104
00010 938817826
00010 939251112
00010 941187394
00010 942200952
00010 944699530
00010 945623940
00010 948223046
00010 948440744
00010 954608508
00010 954694994
00010 955882894
00010 959613210
00010 960776996
00010 961536616
00010 962144614
00010 962507686
00010 964029754
00010 967528532
00010 969771918
00010 970348304
00010 970511072
00010 970696376
00010 973773502
00010 974536322
00010 977383794
00010 980349164
00010 980833694
00010 983889440
00010 984777978
00010 984891734
00010 986149044
00010 986752792
00010 986810650
00010 987742916
00010 989563218
00010 990867034
00010 991060862
00010 991681914
00010 996077010
00010 997484250
00010 998904796
00010 998907132
00010 1000012754
00010 1000388028
00010 1000440236
00010 190060
00010 785638
00010 1296298
00010 3413366
00010 5184008
00010 9184074
00010 11501672
00010 14651244
00010 15585618
00010 16545744
00010 23235474
00010 24408656
00010 24494398
00010 25573270
00010 26621270
00010 26694198
00010 27141474
00010 27444844
00010 28022984
00010 34934022
00010 35470898
00010 39374564
00010 39440150
00010 40060936
00010 42551020
00010 43720768
00010 44856632
00010 46360522
00010 48845092
00010 49175076
00010 52403984
00010 53978308
00010 57385910
00010 60888538
00010 62381814
00010 63325112
00010 63802638
00010 65013510
00010 67572514
00010 68969578
00010 74045240
00010 74092522
00010 77543850
00010 78541154
00010 79337798
00010 79550712
00010 79842250
00010 80507790
00010 87203440
00010 87358412
00010 88594202
00010 89049016
00010 90049570
00010 90763862
00010 91981336
00010 93774212
00010 96675952
00010 102527540
00010 105963224
00010 114651884
00010 114740036
00010 115394896
00010 115806590
00010 116206410
00010 120361888
00010 120921906
00010 124072368
00010 125078808
00010 128737964
00010 130216070
00010 139280970
00010 141496778
00010 141758776
00010 144466522
00010 144497764
00010 145891584
00010 145907822
00010 147620770
00010 149256456
00010 162651010
00010 163944198
00010 166599630
00010 169213016
00010 173534068
00010 176389252
00010 178105910
00010 178508798
00010 182184172
00010 182851186
00010 185671788
00010 186470336
00010 186888766
00010 190258924
00010 192839860
00010 197941662
00010 201116168
00010 201488462
00010 203488324
00010 204648882
00010 209817414
00010 210169336
00010 217854464
00010 218293160
00010 218393326
00010 218863168
00010 224995232
00010 225277198
00010 225510800
00010 225614974
00010 226403106
00010 227276264
00010 231186120
00010 234102970
00010 237552508
00010 238576762
00010 239133664
00010 246081342
00010 246331732
00010 249013364
00010 251266228
00010 252761690
00010 254578398
00010 255864184
00010 257801522
00010 262106780
00010 266593840
00010 277831758
00010 280498566
00010 281371452
00010 288258872
00010 291199774
00010 291792734
00010 293477308
00010 296014572
00010 298611208
00010 301077048
00010 302184502
00010 302503396
00010 305304594
00010 307156388
00010 311094666
00010 313915516
00010 314333040
00010 315685000
00010 318686780
00010 321024932
00010 321833874
00010 327855434
00010 329649778
00010 330324880
00010 333467492
00010 333951282
00010 333988296
00010 335902424
00010 336613686
00010 338029164
00010 338592186
00010 342023096
00010 342193998
00010 342805716
00010 344300102
00010 346147792
00010 346246296
00010 348004402
00010 349799912
00010 351368832
00010 352116902
00010 355437106
00010 355476500
00010 356941474
00010 359487042
00010 360841326
00010 363214004
00010 366661036
00010 366688748
00010 366934882
00010 369831950
00010 370525744
00010 372318418
00010 374551362
00010 385248808
00010 389557400
00010 389799554
00010 390066190
00010 392203300
00010 395007980
00010 396225692
00010 399583488
00010 399817672
00010 400978372
00010 401643546
00010 406645930
00010 408809568
00010 410523242
00010 416359066
00010 425664174
00010 426609330
00010 432968212
00010 434878406
00010 434960102
00010 447874586
00010 453952344
00010 458391096
00010 458845248
00010 463556712
00010 464778730
00010 465622886
00010 466435400
00010 467122894
00010 467147110
00010 467575354
00010 468676570
00010 474663102
00010 475952116
00010 476555762
00010 476719828
00010 478921064
00010 479839850
00010 481662618
00010 482239336
00010 486817200
00010 495797078
00010 497412410
00010 500961310
00010 503078654
00010 503615514
00010 505446742
00010 505778734
00010 511165296
00010 514149000
00010 516586714
00010 517774294
00010 519363306
00010 520360842
00010 524880094
00010 526236018
00010 527337982
00010 529770062
00010 529910734
00010 535979012
00010 540209938
00010 543714142
00010 543767340
00010 543783122
00010 544432466
00010 544645308
00010 545559772
00010 546239416
00010 551429922
00010 551507408
00010 555708830
00010 556144290
00010 558197232
00010 558576706
00010 559157516
00010 559306856
00010 562728844
00010 564479398
00010 565664992
00010 566958846
00010 570157654
00010 572561172
00010 573373620
00010 573956598
00010 574298574
00010 578428242
00010 579525798
00010 580009206
00010 581097586
00010 585692036
00010 586590774
00010 586702034
00010 587722966
00010 589496082
00010 595362078
00010 598078208
00010 600153752
00010 603623698
00010 603984888
00010 604381514
00010 604667034
00010 609743208
00010 612404688
00010 612594106
00010 621029032
00010 624483756
00010 630189934
00010 630495814
00010 632088342
00010 635797712
00010 638677040
00010 641633782
00010 658152226
00010 662221158
00010 664986170
00010 668365164
00010 669167270
00010 674905492
00010 676656818
00010 677103340
00010 680107772
00010 682111106
00010 685792326
00010 685935580
00010 690348964
00010 691848774
00010 691878116
00010 693543142
00010 698526050
00010 705936038
00010 709731070
00010 710008580
00010 713553822
00010 717065086
00010 723510696
00010 727616976
00010 731247560
00010 731392602
00010 736039670
00010 736534652
00010 740787264
00010 747428516
00010 748668482
00010 750387326
00010 751645200
00010 752513892
00010 759350218
00010 760317370
00010 764786814
00010 765611246
00010 769356290
00010 773218282
00010 774882106
00010 776103452
00010 776486298
00010 780726560
00010 784234866
00010 786966562
00010 788738790
00010 793591452
00010 794446188
00010 794509044
00010 796236950
00010 797094138
00010 801883922
00010 803400336
00010 806508268
00010 807663484
00010 809039422
00010 812695980
00010 815633200
00010 817025924
00010 817152864
00010 818704078
00010 820628938
00010 821848026
00010 821918156
00010 825975982
00010 827282250
00010 834848552
00010 835451448
00010 836177730
00010 837255678
00010 837509424
00010 838680110
00010 838813590
00010 842015130
00010 845928772
00010 848262144
00010 853569086
00010 853823900
00010 855897230
00010 858774308
00010 861104832
00010 862992350
00010 864278800
00010 865756314
00010 866568428
00010 866708324
00010 870408868
00010 870834106
00010 872163086
00010 877301326
00010 880672268
00010 881110734
00010 881665366
00010 882262160
00010 883527962
00010 884365308
00010 888001938
00010 888706794
00010 891171422
00010 892213070
00010 892967352
00010 894519458
00010 899286038
00010 899738660
00010 901512204
00010 901630066
00010 906610666
00010 907705258
00010 910303222
00010 911086882
00010 913076280
00010 913737552
00010 914593914
00010 915676032
00010 915829196
00010 919616584
00010 920014064
00010 921120006
00010 921405484
00010 928298546
00010 929488952
00010 932996270
00010 933920492
00010 935096174
00010 936969476
00010 937969954
00010 940118578
00010 942566058
00010 946702588
00010 947505092
00010 950659446
00010 950777604
00010 950947250
00010 951469786
00010 957356730
00010 958785840
00010 968802364
00010 969406258
00010 970134782
00010 972032106
00010 973623082
00010 974655948
00010 976271584
00010 980087074
00010 982942858
00010 986409444
00010 991076880
00010 996113392
00010 996689136
00010 997373794
00010 999845622
00010 999936682
