00010 1774920
00010 8493732
00010 9188348
00010 9408962
00010 10228712
00010 11785092
00010 14346064
00010 18698260
00010 22036158
00010 22908076
00010 24983088
00010 27785846
00010 29215152
00010 30257382
00010 30524486
00010 33168820
00010 33277976
00010 34047172
00010 36168142
00010 45924512
00010 52694252
00010 54683144
00010 58643388
00010 64197264
00010 64207752
00010 66708018
00010 67381982
00010 68690936
00010 70399424
00010 71498962
00010 71660056
00010 73868206
00010 74086814
00010 75230164
00010 76720022
00010 78639232
00010 80503732
00010 82953102
00010 83142664
00010 87640080
00010 88657170
00010 89616172
00010 91457038
00010 92522058
00010 93671418
00010 95737758
00010 96612328
00010 96649426
00010 97470690
00010 97885172
00010 98173186
00010 104037516
00010 108094704
00010 109249574
00010 111932454
00010 112738222
00010 113816502
00010 114616384
00010 116793004
00010 123960144
00010 124689362
00010 129507762
00010 139010714
00010 139220044
00010 141070050
00010 143520912
00010 145108800
00010 145899402
00010 147301138
00010 147476316
00010 151654040
00010 152898950
00010 154137518
00010 155950934
00010 156531086
00010 161337254
00010 161402674
00010 164704466
00010 164749240
00010 164781222
00010 165240934
00010 172937148
00010 175399290
00010 178558946
00010 180606150
00010 181453938
00010 182770992
00010 189167032
00010 206832562
00010 207062954
00010 208486536
00010 209316650
00010 209450004
00010 210076300
00010 212318204
00010 212780848
00010 214941934
00010 218114090
00010 218349034
00010 219669430
00010 222960872
00010 226694924
00010 226932872
00010 227852620
00010 233009266
00010 242638852
00010 242793334
00010 248653602
00010 248973510
00010 254247054
00010 258110666
00010 258308064
00010 260675718
00010 263953466
00010 265367428
00010 270138772
00010 271753888
00010 272221224
00010 273621378
00010 280221738
00010 281928014
00010 288680314
00010 288721196
00010 291446022
00010 291584758
00010 294294464
00010 298129558
00010 299090308
00010 299470198
00010 299929794
00010 301112354
00010 301457746
00010 303067340
00010 307138316
00010 308576656
00010 310178118
00010 310301322
00010 311997684
00010 312484132
00010 313351586
00010 315313326
00010 318279212
00010 318623856
00010 326672084
00010 327720838
00010 327811244
00010 327941976
00010 328268870
00010 329711208
00010 332495146
00010 336722802
00010 342064554
00010 343148706
00010 344793046
00010 347158484
00010 353621970
00010 354186110
00010 355929914
00010 356679224
00010 356704236
00010 357737388
00010 360384406
00010 360814490
00010 361440172
00010 362471160
00010 367616238
00010 369358992
00010 371160892
00010 371982370
00010 374923066
00010 376301864
00010 377503000
00010 378150088
00010 379006376
00010 379977224
00010 381800792
00010 385604994
00010 387999946
00010 392421340
00010 392509186
00010 394067604
00010 395978462
00010 397032364
00010 397045490
00010 398109026
00010 401195240
00010 402951398
00010 403259398
00010 403702226
00010 405563136
00010 408116498
00010 409605300
00010 419241416
00010 419395636
00010 422960372
00010 426601598
00010 427717450
00010 438415618
00010 438611250
00010 439437572
00010 445456240
00010 446012520
00010 452796782
00010 453418514
00010 454303890
00010 454344734
00010 456119358
00010 456902830
00010 457693446
00010 457788482
00010 458091660
00010 462416064
00010 463258200
00010 464762090
00010 466821306
00010 468176940
00010 469235180
00010 469730248
00010 469782088
00010 473917132
00010 475158072
00010 477911980
00010 478783970
00010 478827816
00010 485840312
00010 486460542
00010 486769154
00010 488403412
00010 488626660
00010 489058962
00010 489076052
00010 498431786
00010 500782518
00010 500994460
00010 502832850
00010 505189818
00010 505413330
00010 505498868
00010 508994054
00010 509572890
00010 509969820
00010 511539812
00010 515095770
00010 516874002
00010 527707928
00010 528680008
00010 531757194
00010 532371602
00010 533320106
00010 535662390
00010 538212280
00010 540529560
00010 543392920
00010 543424368
00010 544620854
00010 544660828
00010 551532956
00010 552993360
00010 553638396
00010 556336074
00010 558694920
00010 561388252
00010 562740852
00010 563139856
00010 566496792
00010 567168914
00010 567775074
00010 568687658
00010 571792186
00010 574221992
00010 574864034
00010 577874476
00010 577974558
00010 577988198
00010 579669764
00010 581134482
00010 581525640
00010 582571196
00010 585022222
00010 585150846
00010 588637940
00010 596131326
00010 596219236
00010 597748926
00010 599026882
00010 600964450
00010 601018784
00010 602549894
00010 604311594
00010 606812468
00010 609678580
00010 611395538
00010 612399448
00010 612458204
00010 613975822
00010 617955158
00010 618087618
00010 621407634
00010 621549284
00010 622356878
00010 622391944
00010 623431298
00010 624914470
00010 628833386
00010 629054896
00010 629724220
00010 633203302
00010 637435284
00010 637865932
00010 639081000
00010 639289688
00010 640891420
00010 641683636
00010 642012604
00010 644742652
00010 645230572
00010 647134826
00010 651271472
00010 651986944
00010 652915566
00010 655695678
00010 655771812
00010 656886076
00010 658542508
00010 661699684
00010 663149586
00010 664273840
00010 665083516
00010 665500546
00010 666179130
00010 666243544
00010 667171752
00010 668014698
00010 670985562
00010 672514426
00010 676028194
00010 677028774
00010 677539910
00010 677901850
00010 681147112
00010 682558124
00010 684657270
00010 686909800
00010 687066576
00010 688687036
00010 688861598
00010 690177226
00010 692654192
00010 697491910
00010 708104710
00010 708444774
00010 710478710
00010 710867396
00010 710932340
00010 710994204
00010 711820730
00010 713382500
00010 717464414
00010 717979646
00010 718020702
00010 718353422
00010 721892876
00010 722095448
00010 722545528
00010 722605842
00010 726231984
00010 727119868
00010 729330240
00010 730273376
00010 733612576
00010 734594694
00010 734912530
00010 735247570
00010 737451530
00010 737810970
00010 740343842
00010 740688316
00010 741134176
00010 742394846
00010 742559942
00010 747149090
00010 750680204
00010 766641644
00010 769564354
00010 770494410
00010 770787890
00010 773493772
00010 775324706
00010 777557034
00010 778175744
00010 784392056
00010 795198956
00010 796736468
00010 799175618
00010 801323966
00010 802976278
00010 804036532
00010 805567642
00010 805680170
00010 809138718
00010 810302358
00010 813245124
00010 813470376
00010 814174910
00010 830700254
00010 833329070
00010 836461418
00010 839236652
00010 840754594
00010 845783296
00010 847278212
00010 849897258
00010 851548500
00010 852729818
00010 853067252
00010 853977566
00010 855519218
00010 855623060
00010 856419130
00010 857372618
00010 858957056
00010 860023274
00010 860318046
00010 861931224
00010 866447008
00010 869870756
00010 872387564
00010 875709154
00010 878370540
00010 878960008
00010 880560760
00010 882042684
00010 882360216
00010 882872330
00010 884068486
00010 885465602
00010 885517680
00010 886190872
00010 896133228
00010 896485696
00010 896941380
00010 899220630
00010 900992194
00010 901479102
00010 902081684
00010 903252028
00010 904389540
00010 908732330
00010 911787710
00010 911846634
00010 913666218
00010 914227258
00010 915924784
00010 920262388
00010 920641920
00010 921658648
00010 922562908
00010 926976470
00010 932047384
00010 934156870
00010 937214420
00010 937855376
00010 938244044
00010 939332064
00010 939337148
00010 941029340
00010 943390760
00010 943493548
00010 946733604
00010 950213202
00010 954103422
00010 954849066
00010 955393712
00010 956855434
00010 959182606
00010 964341398
00010 965902092
00010 966615458
00010 969923244
00010 970163948
00010 970324760
00010 974270116
00010 979965356
00010 982864112
00010 987207694
00010 990970086
00010 991768044
00010 992062970
00010 992829142
00010 995595012
00010 996105050
00010 997137184
00010 998374550
00010 998524876
00010 998897766
00010 999596362
00010 5129208
00010 7734818
00010 10864226
00010 12164982
00010 14226830
00010 14697004
00010 15041322
00010 17906650
00010 19261636
00010 21331100
00010 23114046
00010 28543778
00010 28694220
00010 29803722
00010 30152336
00010 30157170
00010 31961574
00010 36495094
00010 36748536
00010 42192724
00010 43720924
00010 44384544
00010 44717882
00010 48567994
00010 50762382
00010 51087840
00010 51392990
00010 51737754
00010 55758892
00010 58128026
00010 59565056
00010 59705424
00010 63575142
00010 66761672
00010 67382344
00010 67604372
00010 70844898
00010 70906440
00010 75695876
00010 78374218
00010 80616668
00010 81289340
00010 84206846
00010 86235038
00010 86241036
00010 86439316
00010 87842706
00010 89700244
00010 89903090
00010 93863366
00010 95175296
00010 95663308
00010 101320516
00010 105924570
00010 106743884
00010 108620832
00010 109246170
00010 109777366
00010 109883128
00010 110707116
00010 111232430
00010 114559700
00010 114909756
00010 116901590
00010 117347182
00010 118463266
00010 124103634
00010 126302234
00010 129081388
00010 134099864
00010 135268856
00010 140147430
00010 143974904
00010 144800286
00010 148287618
00010 148566832
00010 150818154
00010 152082212
00010 158620368
00010 161957812
00010 163944090
00010 163977512
00010 164450774
00010 164844236
00010 169100132
00010 173965314
00010 174717628
00010 176294472
00010 181077626
00010 181339150
00010 182115304
00010 182358800
00010 182822590
00010 184976812
00010 187308676
00010 193300840
00010 194803768
00010 200449340
00010 201888286
00010 202006312
00010 203269872
00010 204460332
00010 205162656
00010 207917732
00010 209093592
00010 210677726
00010 213929902
00010 217253874
00010 219794888
00010 220034568
00010 220440924
00010 220986612
00010 221967846
00010 223186268
00010 223634814
00010 225514532
00010 228133120
00010 229427286
00010 229802138
00010 231942426
00010 235919088
00010 239238538
00010 241785838
00010 243159502
00010 243607948
00010 243979940
00010 245413422
00010 246351858
00010 246480878
00010 247407236
00010 249005976
00010 250510808
00010 251630826
00010 254475666
00010 261315588
00010 262910082
00010 265340206
00010 266580604
00010 267985834
00010 268707668
00010 269478900
00010 269961290
00010 271832822
00010 280568942
00010 284070026
00010 284954550
00010 293985738
00010 294009644
00010 295378204
00010 295467098
00010 296394280
00010 299187984
00010 299321350
00010 303521514
00010 304240788
00010 312980770
00010 313282478
00010 315768802
00010 316614020
00010 318584456
00010 322417386
00010 327598602
00010 333322096
00010 334624766
00010 337743882
00010 338376904
00010 340895248
00010 341082742
00010 343107950
00010 343655354
00010 343721134
00010 345758092
00010 348231064
00010 350867292
00010 352796778
00010 352949848
00010 354668058
00010 355194936
00010 357159534
00010 357623836
00010 357658048
00010 366631040
00010 370166940
00010 371393646
00010 375139736
00010 378645768
00010 379692226
00010 382983816
00010 383039214
00010 384287676
00010 384696180
00010 391002466
00010 391977280
00010 394708218
00010 395934376
00010 398540838
00010 399259460
00010 402647258
00010 402958466
00010 404069810
00010 404244156
00010 404730522
00010 404867928
00010 405033570
00010 407075950
00010 407831124
00010 407961102
00010 409115026
00010 416611920
00010 419236246
00010 420835904
00010 421004664
00010 424958662
00010 425617732
00010 426039422
00010 427286964
00010 427616832
00010 432059524
00010 433060290
00010 433447578
00010 439734228
00010 440330762
00010 440913458
00010 442782230
00010 443500910
00010 443622822
00010 444215102
00010 447803742
00010 448050408
00010 450753450
00010 459852456
00010 460379746
00010 468181078
00010 472336910
00010 474331474
00010 476259324
00010 476768716
00010 483138066
00010 485549506
00010 485624482
00010 485700072
00010 486223036
00010 486701230
00010 492859648
00010 493718192
00010 496915628
00010 497899460
00010 502319358
00010 506392804
00010 506397006
00010 506801264
00010 508032978
00010 509954846
00010 510548994
00010 512499790
00010 519057204
00010 519765626
00010 520703560
00010 520809864
00010 523245160
00010 523538916
00010 525489792
00010 525989382
00010 538754516
00010 539596400
00010 540054374
00010 542744826
00010 542850250
00010 544158486
00010 544807490
00010 550129654
00010 551868648
00010 551950138
00010 552881714
00010 556306142
00010 561371224
00010 561495420
00010 561612896
00010 562248350
00010 564936256
00010 565495162
00010 567491742
00010 568997936
00010 571440498
00010 572440368
00010 572666618
00010 573380900
00010 574294624
00010 578111982
00010 580121944
00010 582528876
00010 585661140
00010 588694772
00010 589177094
00010 590991968
00010 592702012
00010 598929386
00010 600734604
00010 601341436
00010 605312040
00010 605465698
00010 605755632
00010 607818200
00010 609185466
00010 609264300
00010 613159004
00010 616565726
00010 618518092
00010 621776472
00010 623716510
00010 624023226
00010 625368328
00010 625668010
00010 625803484
00010 631182408
00010 636185282
00010 638106456
00010 638341322
00010 639132314
00010 642954472
00010 644179030
00010 645033490
00010 645306046
00010 648293166
00010 654638378
00010 658810438
00010 663249286
00010 663278052
00010 663328758
00010 664041368
00010 669008638
00010 670841274
00010 671850390
00010 673605890
00010 678268426
00010 678480802
00010 684865684
00010 685754092
00010 688221708
00010 689967200
00010 690658168
00010 690659476
00010 690666216
00010 692988134
00010 693404756
00010 693417924
00010 698776902
00010 698812052
00010 700183114
00010 700562948
00010 701925436
00010 703685122
00010 704184264
00010 704672826
00010 705025908
00010 707693550
00010 708686688
00010 714466516
00010 715861662
00010 716903880
00010 718599542
00010 719581228
00010 720205628
00010 724800946
00010 724814224
00010 725048430
00010 725094548
00010 729417220
00010 742425410
00010 744765392
00010 745875982
00010 745986050
00010 747926014
00010 748270410
00010 749703276
00010 749850498
00010 756171544
00010 756555892
00010 757169970
00010 760235342
00010 761910646
00010 763280434
00010 766490760
00010 769066190
00010 772924984
00010 774121352
00010 774483658
00010 776146060
00010 776245574
00010 776805806
00010 778787770
00010 779186732
00010 779354168
00010 780025784
00010 780357338
00010 782914510
00010 786292574
00010 790211862
00010 795675424
00010 795850338
00010 798016924
00010 799848960
00010 808293940
00010 809860322
00010 821021630
00010 823889660
00010 824379600
00010 825079026
00010 829198556
00010 832437020
00010 833587576
00010 840833516
00010 847988104
00010 848333410
00010 849367962
00010 853022520
00010 855219866
00010 855961400
00010 863781474
00010 866977994
00010 872081036
00010 872346490
00010 874570862
00010 874682002
00010 875876150
00010 876251834
00010 879285462
00010 879965170
00010 880057246
00010 886081578
00010 887458322
00010 887909726
00010 888690848
00010 888997778
00010 889616082
00010 894755830
00010 897370390
00010 900737074
00010 902560186
00010 904214578
00010 907301948
00010 909058784
00010 909253486
00010 910612216
00010 914276606
00010 921570908
00010 923072898
00010 923812500
00010 924633886
00010 926261924
00010 927171572
00010 929421504
00010 929983480
00010 933470794
00010 933626152
00010 934024034
00010 937077232
00010 938256044
00010 938789664
00010 941972298
00010 942358366
00010 942942236
00010 946632796
00010 946711512
00010 947019342
00010 948322974
00010 949621528
00010 950983834
00010 951008124
00010 951742490
00010 953136456
00010 954308852
00010 956917430
00010 963598998
00010 965215334
00010 965903544
00010 968818602
00010 969043800
00010 970068248
00010 971044600
00010 973409080
00010 974959868
00010 976350442
00010 977218230
00010 977921762
00010 980482274
00010 981113282
00010 981249628
00010 983705568
00010 989228762
00010 992951110
00010 996838662
00010 998812282
00010 1000071540
00010 3939702
00010 5150954
00010 14287064
00010 14423130
00010 19153534
00010 20468188
00010 23861246
00010 24978428
00010 29138638
00010 32161344
00010 32340572
00010 32690970
00010 33158818
00010 40920840
00010 41928534
00010 42812990
00010 43699462
00010 45907434
00010 45970466
00010 46782980
00010 50502738
00010 51947698
00010 54938924
00010 60637294
00010 64942670
00010 65776938
00010 66235854
00010 67444546
00010 68275590
00010 68316488
00010 70054484
00010 70580256
00010 75715714
00010 76556294
00010 76671164
00010 84118572
00010 85623970
00010 86081654
00010 88478490
00010 91308668
00010 94576366
00010 96570232
00010 96778544
00010 99245792
00010 101246156
00010 101630696
00010 101881378
00010 102185222
00010 105212686
00010 105712002
00010 108080908
00010 108419792
00010 110255164
00010 114387794
00010 116054364
00010 119839798
00010 123331950
00010 123414190
00010 124026392
00010 127521042
00010 128873132
00010 129578450
00010 132187986
00010 135368862
00010 135861330
00010 139699680
00010 140393586
00010 140922992
00010 143802150
00010 144960244
00010 145229860
00010 149668694
00010 150165528
00010 154531426
00010 156731900
00010 156816222
00010 160058708
00010 160138944
00010 160334918
00010 161469784
00010 166039510
00010 168073916
00010 171353630
00010 171531104
00010 173402662
00010 175118528
00010 175533790
00010 176441356
00010 176677812
00010 177053390
00010 184159422
00010 184588122
00010 185090112
00010 185367936
00010 186613306
00010 190103348
00010 190433058
00010 190434184
00010 193868818
00010 194071068
00010 194591578
00010 195202844
00010 195943810
00010 199881242
00010 202159036
00010 203498804
00010 203528234
00010 204457464
00010 209726846
00010 217600536
00010 221451650
00010 221831812
00010 222517572
00010 223190770
00010 223255518
00010 223330654
00010 226090252
00010 228431002
00010 229849368
00010 231121418
00010 232124308
00010 233135496
00010 233214414
00010 234909648
00010 234966916
00010 236483488
00010 236863980
00010 237372042
00010 239713452
00010 252456232
00010 252808728
00010 252993814
00010 254940850
00010 255545350
00010 257715608
00010 257749430
00010 263600676
00010 264938752
00010 270663678
00010 272086936
00010 275134746
00010 276138842
00010 277224138
00010 280590506
00010 283297732
00010 284996656
00010 286211054
00010 287322088
00010 287535000
00010 290466498
00010 290837376
00010 294952552
00010 296934102
00010 297978636
00010 298353442
00010 299492500
00010 302060350
00010 307391212
00010 312048130
00010 312855280
00010 313342354
00010 316301832
00010 319334854
00010 322256988
00010 322450744
00010 329060942
00010 329368690
00010 330646960
00010 331761958
00010 333595852
00010 337293998
00010 338154128
00010 340174782
00010 340585732
00010 341068040
00010 341205838
00010 343215492
00010 344684066
00010 344816588
00010 346087586
00010 347798752
00010 349528758
00010 349890858
00010 350753668
00010 350931674
00010 352977648
00010 355870922
00010 356208118
00010 358842998
00010 358885674
00010 363754036
00010 363983658
00010 364229282
00010 366816152
00010 367666600
00010 368144922
00010 372657682
00010 376019326
00010 379825082
00010 380108602
00010 383302752
00010 386519234
00010 387575342
00010 387940872
00010 388345354
00010 388716192
00010 392542076
00010 393437926
00010 396653584
00010 401061430
00010 406320570
00010 408338412
00010 413191600
00010 414868278
00010 416141642
00010 416197314
00010 417630576
00010 418702310
00010 419406842
00010 420119794
00010 422673178
00010 424276758
00010 425740510
00010 429051102
00010 429175694
00010 430295642
00010 431316034
00010 432076306
00010 433418790
00010 438736304
00010 438946734
00010 440565668
00010 441821992
00010 442027684
00010 442589208
00010 446252798
00010 451482666
00010 455760176
00010 456360280
00010 463190356
00010 464593540
00010 468300652
00010 469223626
00010 470860756
00010 473966664
00010 474298964
00010 476398360
00010 477513110
00010 479322552
00010 485235368
00010 486451944
00010 490077128
00010 491042374
00010 493547742
00010 493622512
00010 497222716
00010 497345466
00010 499614004
00010 500853604
00010 503850322
00010 505202712
00010 505675548
00010 509306868
00010 514496352
00010 514721552
00010 515188510
00010 515387676
00010 517423674
00010 517861514
00010 518112022
00010 521272068
00010 522319038
00010 524493040
00010 525752768
00010 526574660
00010 526913116
00010 529777956
00010 533334378
00010 536742410
00010 537962188
00010 540229884
00010 540462894
00010 541272020
00010 542983884
00010 543298026
00010 548250510
00010 551819314
00010 557522762
00010 561146950
00010 563321654
00010 566538176
00010 568602788
00010 570903772
00010 571300748
00010 575468866
00010 576011370
00010 579148158
00010 590134572
00010 591668036
00010 591688696
00010 592222540
00010 593024088
00010 593599426
00010 593840806
00010 594809354
00010 595939984
00010 599946538
00010 600731244
00010 601046524
00010 601432152
00010 603294254
00010 607582334
00010 608994870
00010 609174688
00010 609408940
00010 610164442
00010 611572500
00010 612570218
00010 614101668
00010 617580580
00010 619517038
00010 621730378
00010 625727232
00010 629380324
00010 632512728
00010 632760202
00010 636962480
00010 637226384
00010 641300752
00010 647041144
00010 647288232
00010 650846184
00010 651432590
00010 653133794
00010 655295236
00010 655821860
00010 656396442
00010 658096764
00010 658788652
00010 662199726
00010 662263478
00010 667237342
00010 667772902
00010 668281546
00010 669062384
00010 677000780
00010 678699532
00010 682001968
00010 684339650
00010 686693186
00010 692765968
00010 694045042
00010 696365100
00010 697970730
00010 698961966
00010 701169410
00010 701397580
00010 705250396
00010 705593238
00010 707240948
00010 708037226
00010 713996032
00010 725179882
00010 727276028
00010 727768206
00010 728768730
00010 731648356
00010 732364394
00010 732981612
00010 734909694
00010 735181506
00010 736327312
00010 738477876
00010 744035322
00010 746655614
00010 746789252
00010 747733252
00010 748086476
00010 749609758
00010 750627638
00010 754321386
00010 755893150
00010 757282724
00010 758616302
00010 759332470
00010 760217258
00010 760976110
00010 763042868
00010 765352538
00010 768305252
00010 772056348
00010 773158550
00010 776559308
00010 777913106
00010 778746086
00010 782153218
00010 790186308
00010 799679458
00010 800149430
00010 800231054
00010 801882820
00010 804548126
00010 805583642
00010 805907842
00010 808529484
00010 808703878
00010 809754422
00010 809957836
00010 810508854
00010 811710990
00010 812942412
00010 814274996
00010 814595160
00010 814821298
00010 815639950
00010 816107028
00010 816186120
00010 816901318
00010 817546194
00010 821785066
00010 824439374
00010 826881392
00010 829408556
00010 830543000
00010 830901282
00010 831981988
00010 836528528
00010 848032004
00010 848189082
00010 848604064
00010 850153662
00010 853895612
00010 855253832
00010 857147526
00010 858564328
00010 860005648
00010 862758560
00010 863584268
00010 863911056
00010 863917644
00010 865272772
00010 865579426
00010 866586038
00010 866924372
00010 868796602
00010 870645154
00010 874089912
00010 875015824
00010 875599456
00010 879198232
00010 880420554
00010 880885638
00010 882263328
00010 885581608
00010 886274146
00010 887830238
00010 888228094
00010 893049952
00010 895979914
00010 898811616
00010 898853068
00010 899346802
00010 901030396
00010 903103254
00010 905257642
00010 906707736
00010 907916178
00010 908173184
00010 908422930
00010 910864656
00010 911258248
00010 912660740
00010 914587060
00010 914904098
00010 915013186
00010 915723036
00010 916774760
00010 919723414
00010 923704708
00010 936569828
00010 938464248
00010 944447426
00010 948981636
00010 950737066
00010 951892388
00010 953197714
00010 955724760
00010 958491894
00010 960126214
00010 961418444
00010 962289404
00010 962751282
00010 966411750
00010 968267664
00010 968448758
00010 969673474
00010 970248540
00010 971915724
00010 972750008
00010 973791386
00010 974632560
00010 980967910
00010 989454538
00010 993222244
00010 995715050
00010 996551532
00010 997571290
00010 998524658
00010 999908458
00010 7092384
00010 7735724
00010 9945278
00010 11485666
00010 16141418
00010 19056948
00010 21450084
00010 22590466
00010 25590848
00010 28733854
00010 31517478
00010 31950032
00010 32155096
00010 36126898
00010 36859552
00010 38118736
00010 43505088
00010 44881286
00010 47844194
00010 48541216
00010 48899658
00010 49670976
00010 50649296
00010 54409156
00010 60207498
00010 61549228
00010 64814972
00010 65829122
00010 67481226
00010 69705576
00010 71164660
00010 71239854
00010 71451988
00010 76512396
00010 76538096
00010 76932964
00010 77498108
00010 81592450
00010 89171924
00010 91355916
00010 92224542
00010 93957140
00010 95767708
00010 95799384
00010 97635294
00010 97770944
00010 98637292
00010 101104096
00010 102293744
00010 102480874
00010 103502794
00010 103923604
00010 106656200
00010 109146338
00010 113234650
00010 114877842
00010 117560624
00010 119136628
00010 119615438
00010 119623066
00010 119674528
00010 120371182
00010 120681512
00010 121571644
00010 121608474
00010 123718432
00010 127453796
00010 130149410
00010 135752742
00010 143054234
00010 145154242
00010 153342540
00010 157098038
00010 159762778
00010 165989064
00010 166131016
00010 166624832
00010 166984768
00010 167575922
00010 167631476
00010 169117724
00010 169709270
00010 173335226
00010 175440050
00010 175850918
00010 179231598
00010 180537674
00010 186982782
00010 189398938
00010 195356762
00010 195774414
00010 205282706
00010 205400222
00010 214686074
00010 215059058
00010 216053472
00010 216329258
00010 222009120
00010 231426412
00010 233231246
00010 234333578
00010 234625472
00010 235512486
00010 235692844
00010 236644064
00010 239751286
00010 242642068
00010 244336138
00010 245822834
00010 253259272
00010 254435114
00010 257362458
00010 257431324
00010 257621586
00010 258247252
00010 260837716
00010 263252002
00010 263288044
00010 263427522
00010 263464762
00010 264850560
00010 265831170
00010 267587244
00010 269100988
00010 271560798
00010 274791240
00010 279208434
00010 279608444
00010 279881190
00010 280946890
00010 281874478
00010 283610062
00010 284894174
00010 286058352
00010 288191958
00010 290867886
00010 293181278
00010 293688928
00010 296796458
00010 297746264
00010 301314948
00010 301649992
00010 301816164
00010 302232654
00010 303833696
00010 304165362
00010 306542902
00010 309293766
00010 309987696
00010 310078422
00010 310687106
00010 310822198
00010 310851880
00010 311886980
00010 314320284
00010 319078328
00010 322352536
00010 325649820
00010 325835848
00010 327887604
00010 332214606
00010 339249576
00010 340518582
00010 342918060
00010 347430962
00010 352033876
00010 353571132
00010 353918260
00010 356954332
00010 358128668
00010 358959574
00010 359200576
00010 361269332
00010 362276012
00010 362310518
00010 362944106
00010 366858098
00010 367475084
00010 372892204
00010 372991458
00010 375710778
00010 378180842
00010 380550158
00010 382264240
00010 382627964
00010 386644400
00010 389631664
00010 392464742
00010 397511436
00010 398483616
00010 398547640
00010 405139546
00010 407057040
00010 407810784
00010 411780440
00010 412592036
00010 412754178
00010 415494982
00010 416167688
00010 416984498
00010 418444074
00010 418960326
00010 421191188
00010 422467464
00010 425534800
00010 425775330
00010 427400348
00010 427978162
00010 431059750
00010 432612394
00010 435187246
00010 439794450
00010 440158400
00010 443757998
00010 446105498
00010 448689322
00010 450280642
00010 450952688
00010 451844454
00010 456070374
00010 458808102
00010 461425164
00010 463489104
00010 468701084
00010 475782632
00010 480907150
00010 483751586
00010 488631960
00010 493666354
00010 495055672
00010 496535310
00010 500524228
00010 500714304
00010 500823920
00010 503619596
00010 505489652
00010 509109858
00010 509662686
00010 510747578
00010 512124418
00010 516611336
00010 519004072
00010 520798964
00010 521195006
00010 530364366
00010 541856458
00010 542447592
00010 542587248
00010 547851274
00010 547989920
00010 548318728
00010 550449920
00010 550638818
00010 550975782
00010 558077158
00010 560049480
00010 561951798
00010 562328074
00010 563840582
00010 566123420
00010 567796490
00010 569995110
00010 570238226
00010 573506962
00010 575250454
00010 575299332
00010 579424680
00010 580019394
00010 582550436
00010 582965928
00010 583056552
00010 583310024
00010 585976656
00010 589140138
00010 589528054
00010 590061304
00010 590466890
00010 590485296
00010 591914440
00010 594680770
00010 595208946
00010 599297238
00010 605689260
00010 606025582
00010 606263364
00010 606404060
00010 609556340
00010 611278890
00010 612043218
00010 616441722
00010 619678924
00010 620599098
00010 620785464
00010 622535938
00010 626009432
00010 627421718
00010 628067942
00010 635828160
00010 636359760
00010 638198294
00010 642082390
00010 644928040
00010 645551084
00010 645979376
00010 646117108
00010 653290952
00010 654072650
00010 657392460
00010 658951762
00010 659819322
00010 659975878
00010 662471704
00010 665197846
00010 667299022
00010 667948906
00010 668968604
00010 671444536
00010 673439770
00010 675629264
00010 676434248
00010 678026430
00010 679004278
00010 687477456
00010 690276894
00010 692921818
00010 694166008
00010 697490754
00010 703849374
00010 706473466
00010 708967638
00010 710483508
00010 712304056
00010 712425412
00010 714038304
00010 720142674
00010 722486140
00010 723537096
00010 723584564
00010 725833986
00010 726105822
00010 728202154
00010 730420728
00010 733436346
00010 733780396
00010 735461212
00010 738373574
00010 738455796
00010 743841252
00010 746933534
00010 747344396
00010 748859304
00010 749214916
00010 749257170
00010 749544132
00010 751555412
00010 758420772
00010 759744558
00010 761266516
00010 762817310
00010 764045998
00010 765751576
00010 767931366
00010 771953436
00010 772361090
00010 776280606
00010 780857900
00010 783946372
00010 784255428
00010 784258326
00010 785449964
00010 786140030
00010 786617942
00010 787052080
00010 788989118
00010 790159402
00010 791268466
00010 792853270
00010 797295448
00010 799435012
00010 801170524
00010 804386078
00010 804480988
00010 804894042
00010 805867854
00010 806230572
00010 808804440
00010 811790334
00010 813799970
00010 813897412
00010 818737992
00010 823969976
00010 828018716
00010 828852920
00010 828911818
00010 829516048
00010 831998138
00010 834560932
00010 841775370
00010 843518256
00010 847001962
00010 847863564
00010 860333190
00010 861723044
00010 862778664
00010 863944954
00010 865177666
00010 866708174
00010 867406082
00010 870202968
00010 878332716
00010 878873758
00010 880360548
00010 882342052
00010 882499744
00010 888714858
00010 889520516
00010 891475906
00010 894344950
00010 894547390
00010 894683844
00010 897050708
00010 897232918
00010 904357104
00010 905455408
00010 906762564
00010 909390748
00010 910099568
00010 911524918
00010 917601514
00010 921741748
00010 922945346
00010 923687326
00010 926026754
00010 930388184
00010 937163758
00010 940012196
00010 941318344
00010 941971132
00010 942380058
00010 942456060
00010 942959382
00010 944613162
00010 946220004
00010 947350240
00010 948679180
00010 950616732
00010 952207226
00010 952278022
00010 955686530
00010 955709974
00010 955817614
00010 956064618
00010 957234470
00010 961279424
00010 962037892
00010 962135518
00010 962741110
00010 965441634
00010 968808898
00010 969612906
00010 971140786
00010 975707330
00010 975960006
00010 976352384
00010 976961776
00010 978928268
00010 980149048
00010 982270268
00010 992737218
00010 993691342
00010 997745742
00010 999153758
00010 2583714
00010 6443576
00010 6741306
00010 8603666
00010 9145570
00010 9638058
00010 11870652
00010 17272386
00010 19733380
00010 19756948
00010 21346870
00010 25558518
00010 29500248
00010 36735180
00010 38775142
00010 39123628
00010 39361484
00010 39461054
00010 42115814
00010 43923192
00010 51525732
00010 52744180
00010 52995276
00010 55427662
00010 57757046
00010 58310378
00010 58830376
00010 59142850
00010 60044506
00010 60591188
00010 63176554
00010 63855002
00010 68684508
00010 69122494
00010 69240206
00010 69393798
00010 73635032
00010 75154814
00010 78884210
00010 79953544
00010 80664720
00010 84319876
00010 86725614
00010 88858538
00010 89101196
00010 90718150
00010 91106524
00010 98212046
00010 101589270
00010 106878934
00010 110090172
00010 111447310
00010 112406276
00010 112923528
00010 113215690
00010 113534054
00010 113901730
00010 115481954
00010 116502328
00010 119396902
00010 119987066
00010 121283684
00010 121951550
00010 123124008
00010 123506178
00010 128927448
00010 131283440
00010 137913064
00010 147469740
00010 148493996
00010 149288956
00010 150050388
00010 151223820
00010 152268352
00010 154346924
00010 154446690
00010 158174758
00010 163208734
00010 164039770
00010 165335394
00010 165377588
00010 168543496
00010 172426562
00010 175496288
00010 176470842
00010 179331612
00010 180501396
00010 182113692
00010 184852310
00010 184973492
00010 188065414
00010 189050260
00010 191237844
00010 194130806
00010 194609386
00010 196756018
00010 198594826
00010 199897312
00010 201164376
00010 201833108
00010 205357530
00010 207689832
00010 214101556
00010 216215134
00010 217021086
00010 219840282
00010 221401398
00010 222973224
00010 223191484
00010 226550582
00010 227752104
00010 228097848
00010 230861296
00010 232170064
00010 236808458
00010 247934352
00010 249952418
00010 251285882
00010 251579554
00010 251912724
00010 251994664
00010 256845888
00010 257250778
00010 258065862
00010 259519414
00010 261332192
00010 261838186
00010 263020228
00010 263882304
00010 269199956
00010 269873088
00010 271336824
00010 272068466
00010 272657784
00010 274012396
00010 274768938
00010 275601680
00010 275841558
00010 276635156
00010 276961860
00010 277058362
00010 281321218
00010 287821554
00010 289920412
00010 291534420
00010 292107350
00010 295543628
00010 298125750
00010 305363842
00010 306191526
00010 307836816
00010 309217256
00010 311004712
00010 312930690
00010 313340758
00010 317653186
00010 319469832
00010 319584926
00010 320126222
00010 324003678
00010 325234516
00010 326159468
00010 329995656
00010 330891600
00010 332615354
00010 332850184
00010 333456434
00010 337121080
00010 338638132
00010 340350840
00010 345858568
00010 350387092
00010 362770736
00010 365367450
00010 368695602
00010 370272266
00010 370604428
00010 371994784
00010 372376786
00010 373541408
00010 374364078
00010 374990126
00010 375455282
00010 376612300
00010 378067254
00010 379757020
00010 382104804
00010 384112176
00010 385048054
00010 385156162
00010 385843554
00010 390905224
00010 391584468
00010 391601662
00010 393977662
00010 395570534
00010 399462652
00010 403021236
00010 406747668
00010 408258436
00010 409530472
00010 409907592
00010 412968302
00010 414364932
00010 419186698
00010 419789648
00010 420433224
00010 427152396
00010 427498046
00010 430987772
00010 433667948
00010 434487374
00010 435560458
00010 435703530
00010 451103484
00010 452224616
00010 452396738
00010 452547028
00010 453481790
00010 453537686
00010 455527254
00010 455640412
00010 456394018
00010 457020030
00010 459990270
00010 463627392
00010 465174172
00010 466732452
00010 469775588
00010 469892720
00010 471393722
00010 472007054
00010 472329540
00010 472741772
00010 473100434
00010 473914396
00010 475162678
00010 480972100
00010 483262534
00010 485828530
00010 495024202
00010 495225348
00010 495782246
00010 496307660
00010 498168922
00010 498860526
00010 499092162
00010 499436500
00010 502058818
00010 502518758
00010 508701956
00010 509759168
00010 513828366
00010 514952566
00010 517467806
00010 519972112
00010 520738988
00010 522639698
00010 525878776
00010 527562054
00010 529181124
00010 531539778
00010 533511082
00010 536916198
00010 538145466
00010 541144250
00010 542337346
00010 543647486
00010 547378026
00010 548826980
00010 554068408
00010 555940172
00010 559117834
00010 560024794
00010 560552334
00010 560823798
00010 562059518
00010 562275352
00010 568093140
00010 569036980
00010 570442474
00010 570716680
00010 573282922
00010 573326366
00010 574596808
00010 578261830
00010 579801586
00010 584425024
00010 587135450
00010 587399962
00010 597380544
00010 599497098
00010 599666180
00010 601547568
00010 603042704
00010 604608634
00010 606226220
00010 607803026
00010 615685094
00010 616444688
00010 623980490
00010 630389560
00010 631154724
00010 631228112
00010 631899938
00010 635221134
00010 640511828
00010 642116668
00010 643602288
00010 643883680
00010 645876676
00010 648808304
00010 648966248
00010 650022808
00010 651044640
00010 652804988
00010 654487848
00010 654752236
00010 657469444
00010 661924642
00010 667400408
00010 667429010
00010 668634406
00010 668723554
00010 671233196
00010 675971624
00010 678049124
00010 680408886
00010 680532686
00010 681896044
00010 683010582
00010 689184216
00010 689929234
00010 689930312
00010 691291364
00010 691423280
00010 698522462
00010 698707132
00010 703130318
00010 703225066
00010 704469174
00010 705434534
00010 710707670
00010 711775196
00010 713589798
00010 713739416
00010 715085528
00010 717972930
00010 718331344
00010 720404110
00010 725157888
00010 725179876
00010 729965820
00010 732785792
00010 733483480
00010 733564456
00010 737637270
00010 738987102
00010 740391840
00010 742605106
00010 746238300
00010 747489048
00010 747962378
00010 752879420
00010 755886676
00010 757917250
00010 759325476
00010 760579284
00010 761145244
00010 762379900
00010 762828926
00010 763477340
00010 763545096
00010 766679308
00010 766800950
00010 767405696
00010 768937872
00010 769316276
00010 771461892
00010 775736630
00010 778048644
00010 778343412
00010 778399470
00010 779796276
00010 781283690
00010 782389618
00010 783511940
00010 785356214
00010 791043284
00010 794044792
00010 796825810
00010 798630640
00010 799364346
00010 799580128
00010 800823540
00010 803455722
00010 804958774
00010 805699984
00010 806217444
00010 806656206
00010 809969560
00010 810645052
00010 811131044
00010 812095224
00010 813915972
00010 819385034
00010 819428050
00010 819654400
00010 819719146
00010 819909980
00010 821506020
00010 829307102
00010 830372834
00010 835377754
00010 837703356
00010 838522040
00010 840289142
00010 844316546
00010 846373566
00010 849369024
00010 851957230
00010 852960504
00010 855266506
00010 855460154
00010 860793564
00010 863075162
00010 864670960
00010 865354432
00010 866504882
00010 866610622
00010 866995840
00010 871999680
00010 873448986
00010 873762532
00010 873815134
00010 876620846
00010 880579988
00010 881957850
00010 882426644
00010 885131052
00010 886558708
00010 889492518
00010 889707850
00010 889884010
00010 890343366
00010 891786114
00010 892769424
00010 893084156
00010 895117820
00010 902721956
00010 908925008
00010 910305616
00010 912600512
00010 915648536
00010 915832564
00010 916420150
00010 916421646
00010 916618326
00010 919422328
00010 919497122
00010 919829068
00010 921336180
00010 921401832
00010 928549042
00010 929909044
00010 930938610
00010 934903534
00010 939281356
00010 939794706
00010 941121310
00010 941804430
00010 943147094
00010 943908276
00010 954211398
00010 955908488
00010 957073104
00010 957219690
00010 957620712
00010 958279064
00010 958423434
00010 958554920
00010 961937786
00010 962445848
00010 962668752
00010 963820250
00010 964955018
00010 965776068
00010 966229208
00010 966585106
00010 966703064
00010 966977808
00010 967124932
00010 967891938
00010 969862032
00010 970438356
00010 972164750
00010 972818272
00010 974524256
00010 974559988
00010 976256986
00010 980678698
00010 981774924
00010 982488968
00010 982914462
00010 987726474
00010 988121136
00010 990630808
00010 993292864
00010 993763540
00010 998894580
00010 999154154
00010 999306450
00010 1000213476
00010 1929104
00010 1995272
00010 6868336
00010 7219634
00010 7596660
00010 8765366
00010 9582218
00010 10588004
00010 13131150
00010 14868290
00010 15916636
00010 16206914
00010 19299062
00010 20839574
00010 21646720
00010 24228198
00010 26270042
00010 27382260
00010 27835796
00010 29910354
00010 30240246
00010 31924792
00010 32160834
00010 34871502
00010 36322182
00010 37576012
00010 38646654
00010 43635404
00010 46727514
00010 47424250
00010 47811932
00010 48914316
00010 59167892
00010 63097286
00010 68737642
00010 72264266
00010 72454114
00010 72802110
00010 72882804
00010 74441140
00010 77872658
00010 78832704
00010 79008542
00010 79112370
00010 79310778
00010 82145906
00010 84174138
00010 86882616
00010 89763870
00010 89939722
00010 91503244
00010 92896584
00010 93362080
00010 98328826
00010 99696790
00010 101346026
00010 101385986
00010 105592812
00010 106201168
00010 107618324
00010 107992716
00010 108221070
00010 112005292
00010 112267614
00010 112960842
00010 119258982
00010 124114626
00010 125094592
00010 125261386
00010 127257050
00010 128523858
00010 128741886
00010 129630028
00010 132916226
00010 133036228
00010 144971486
00010 145844482
00010 146304172
00010 146361322
00010 150941346
00010 152408312
00010 152548108
00010 158704970
00010 158708050
00010 162435282
00010 162995406
00010 166824526
00010 169884274
00010 171899754
00010 172349522
00010 173753678
00010 173917224
00010 174067534
00010 177968480
00010 183431248
00010 183738496
00010 185882864
00010 187001376
00010 188029450
00010 191973564
00010 194067036
00010 194224434
00010 200594628
00010 202140178
00010 202186678
00010 203544922
00010 209213224
00010 214806048
00010 215929912
00010 223500368
00010 223797286
00010 223971228
00010 226966710
00010 228329454
00010 228682098
00010 232503296
00010 236309452
00010 236786094
00010 237038190
00010 238475236
00010 239681914
00010 239774062
00010 242750888
00010 245240550
00010 246023356
00010 246569536
00010 247426808
00010 247488888
00010 250749342
00010 251820010
00010 252322114
00010 257894324
00010 258296602
00010 261316298
00010 264337238
00010 267917406
00010 270103540
00010 271674434
00010 273517038
00010 273691494
00010 274302814
00010 276106510
00010 280703582
00010 283243944
00010 286343446
00010 288453384
00010 292014502
00010 293028262
00010 293356364
00010 293560558
00010 303468304
00010 306383680
00010 308524448
00010 309064942
00010 309611300
00010 310591952
00010 311113870
00010 314172808
00010 317284902
00010 320791428
00010 321117306
00010 321521010
00010 322055172
00010 322869438
00010 326191330
00010 330584120
00010 338850204
00010 339904656
00010 340962902
00010 342447060
00010 344685598
00010 349262540
00010 350058554
00010 353008984
00010 355234020
00010 361003770
00010 361886768
00010 361958420
00010 362616842
00010 362642656
00010 363073228
00010 365247680
00010 367076866
00010 369123770
00010 371628518
00010 377670070
00010 377671868
00010 378628442
00010 381888710
00010 387829874
00010 389138906
00010 392990808
00010 393600312
00010 397065382
00010 398238966
00010 400672162
00010 401577950
00010 401875332
00010 402320206
00010 402760380
00010 402834874
00010 403551344
00010 408837306
00010 410103798
00010 410337242
00010 412629198
00010 413260008
00010 414581312
00010 414922026
00010 417662760
00010 427403194
00010 429733028
00010 430760678
00010 431113068
00010 435886950
00010 437016376
00010 437037082
00010 444939372
00010 445815700
00010 447074924
00010 448286100
00010 454108550
00010 457597958
00010 457619178
00010 458670236
00010 464248494
00010 464385190
00010 467650462
00010 468293048
00010 469455324
00010 471525996
00010 473603568
00010 474004610
00010 477458874
00010 477539568
00010 477671764
00010 478420120
00010 478991814
00010 483284394
00010 484311636
00010 484565006
00010 488550088
00010 491060340
00010 491298170
00010 491604820
00010 494444252
00010 496324200
00010 496502972
00010 497589356
00010 501464020
00010 501642032
00010 502154806
00010 504323824
00010 504513080
00010 505617560
00010 506391082
00010 507178824
00010 507594034
00010 509299774
00010 510862388
00010 513184430
00010 514092126
00010 519247520
00010 519276084
00010 519436404
00010 522398000
00010 522853610
00010 523776660
00010 530415190
00010 530769648
00010 530956060
00010 531240956
00010 531659864
00010 539977082
00010 542855392
00010 544032542
00010 544276088
00010 544323724
00010 547828546
00010 548295550
00010 555507720
00010 555838404
00010 556774534
00010 561890134
00010 565706552
00010 567346202
00010 567830532
00010 572769666
00010 573088648
00010 574248030
00010 576109732
00010 577053412
00010 577884180
00010 578889282
00010 580300138
00010 583547724
00010 584759776
00010 586414270
00010 589124304
00010 589217248
00010 590458308
00010 590641286
00010 597490632
00010 602691002
00010 603328956
00010 605934498
00010 606271686
00010 606687820
00010 608771914
00010 608868618
00010 609562436
00010 611207978
00010 613174638
00010 613803430
00010 616054956
00010 617829902
00010 618169374
00010 619530008
00010 620452078
00010 622745122
00010 624970596
00010 626813112
00010 628606884
00010 633936162
00010 635006254
00010 635376098
00010 636240632
00010 638457080
00010 642687386
00010 644087322
00010 644321334
00010 647680336
00010 649774810
00010 650126458
00010 651295030
00010 653016106
00010 660699158
00010 660987000
00010 661288912
00010 664330396
00010 667353054
00010 667668726
00010 669541164
00010 676015884
00010 676025710
00010 679270252
00010 680770614
00010 680844450
00010 683986198
00010 684002452
00010 684393906
00010 685393934
00010 687919340
00010 689073240
00010 689355242
00010 689370190
00010 689599518
00010 692052064
00010 693857434
00010 696553536
00010 696617660
00010 698641258
00010 708431046
00010 709100040
00010 711368442
00010 715534298
00010 716186434
00010 720062764
00010 720993904
00010 720996514
00010 724848616
00010 731479820
00010 734650618
00010 735845606
00010 737604090
00010 739401724
00010 740530396
00010 740638794
00010 741689852
00010 749938868
00010 750616796
00010 752408760
00010 752975804
00010 753664328
00010 754250292
00010 754942266
00010 755561392
00010 759785008
00010 761415946
00010 762803078
00010 764562750
00010 767561196
00010 767807794
00010 771417638
00010 772100056
00010 773801054
00010 776764840
00010 778988402
00010 779186870
00010 780842108
00010 786821222
00010 787487644
00010 787634710
00010 788024666
00010 788027342
00010 792741870
00010 793350678
00010 794090618
00010 794930528
00010 795204148
00010 798715744
00010 801412572
00010 802416542
00010 803404338
00010 806475322
00010 807556090
00010 808559410
00010 808943888
00010 811232682
00010 812435866
00010 815458058
00010 817728582
00010 817920902
00010 818665812
00010 819219286
00010 819611920
00010 819994818
00010 820163746
00010 826292452
00010 828105288
00010 831975464
00010 832885184
00010 833943930
00010 835135458
00010 835788822
00010 837488974
00010 838007204
00010 838171942
00010 839001638
00010 843137596
00010 845018246
00010 845363086
00010 848184806
00010 850544254
00010 854091914
00010 855517952
00010 855610182
00010 855775710
00010 856055082
00010 862615116
00010 864348534
00010 869910264
00010 870078224
00010 870189392
00010 870676854
00010 871560056
00010 879602354
00010 880006012
00010 880181236
00010 881714960
00010 887365798
00010 888168216
00010 888404480
00010 889250836
00010 890723536
00010 891485160
00010 892006158
00010 892254632
00010 892650328
00010 893457930
00010 896561928
00010 899307368
00010 900191024
00010 901934438
00010 903926324
00010 904604740
00010 909349620
00010 910223234
00010 910467250
00010 913188126
00010 917425738
00010 918539246
00010 919133054
00010 921734026
00010 923353314
00010 923810854
00010 927920164
00010 939412136
00010 939720954
00010 940111348
00010 942380722
00010 946741294
00010 951729670
00010 954485746
00010 959246868
00010 959473654
00010 959762174
00010 962672230
00010 963123290
00010 965414208
00010 966270764
00010 967820628
00010 969738554
00010 972228566
00010 972341644
00010 973325754
00010 973691668
00010 974160752
00010 975293442
00010 975542502
00010 975859908
00010 979147144
00010 982661638
00010 983407058
00010 987591912
00010 987819260
00010 988640582
00010 990572408
00010 992310600
00010 994235908
00010 994303194
00010 997753184
00010 999261768
00010 859282
00010 1024812
00010 1787114
00010 3356316
00010 6185574
00010 6540824
00010 13428396
00010 14854836
00010 17155506
00010 17585304
00010 18789866
00010 19523746
00010 19975748
00010 22655774
00010 25163122
00010 25385858
00010 26563606
00010 27520668
00010 28966898
00010 30400968
00010 31946990
00010 32655536
00010 37274190
00010 40330044
00010 45483968
00010 45757376
00010 46250138
00010 48967542
00010 48983976
00010 52522700
00010 53932954
00010 55072604
00010 57794332
00010 61049876
00010 61524280
00010 68341484
00010 69526510
00010 74004482
00010 74655500
00010 75302594
00010 76580264
00010 78384534
00010 81190304
00010 83621630
00010 84725136
00010 84889350
00010 85044240
00010 88018492
00010 89034414
00010 90184854
00010 92761146
00010 93415814
00010 93860876
00010 98647620
00010 99990232
00010 100868922
00010 101884104
00010 104470844
00010 105517024
00010 107489424
00010 109377466
00010 109889290
00010 114365588
00010 115158148
00010 116551072
00010 118705386
00010 120671006
00010 120689690
00010 121524806
00010 124162566
00010 133865998
00010 134498334
00010 145621596
00010 147764546
00010 150783810
00010 151522874
00010 152858086
00010 158421618
00010 158897996
00010 159253164
00010 160756778
00010 161349006
00010 164282028
00010 167451468
00010 169842848
00010 171519556
00010 176623176
00010 177586612
00010 178222546
00010 181550094
00010 182831844
00010 188123458
00010 190715894
00010 192203636
00010 193588270
00010 194717464
00010 196826286
00010 197745468
00010 201512952
00010 203722638
00010 204503764
00010 205915952
00010 207528312
00010 207632324
00010 209261740
00010 210982100
00010 215802688
00010 215832646
00010 215866654
00010 218644518
00010 221828020
00010 224381620
00010 225054638
00010 228180354
00010 228623456
00010 230889862
00010 230897818
00010 232770828
00010 232817284
00010 234182386
00010 235079948
00010 239688024
00010 240975760
00010 241696022
00010 247492572
00010 248522518
00010 249099942
00010 250780864
00010 255138154
00010 255516076
00010 256289364
00010 257220744
00010 259696316
00010 260504872
00010 261543370
00010 264436294
00010 266901316
00010 269243842
00010 271843092
00010 273908176
00010 273912372
00010 275982710
00010 279530716
00010 281091242
00010 281363654
00010 288320792
00010 288836692
00010 290450034
00010 290676944
00010 295862660
00010 295920336
00010 298618688
00010 299723006
00010 303432002
00010 304622900
00010 306968508
00010 307592652
00010 311628156
00010 313511326
00010 313601364
00010 314672112
00010 314798422
00010 315773136
00010 320192090
00010 321175386
00010 324005390
00010 324416094
00010 324533598
00010 325616262
00010 328508794
00010 328737954
00010 330782252
00010 331807016
00010 338621818
00010 339729916
00010 341937632
00010 345644646
00010 346490154
00010 349386560
00010 354581882
00010 361833054
00010 362293352
00010 367584258
00010 367594178
00010 368011522
00010 373331260
00010 373482820
00010 374681440
00010 374683026
00010 374997996
00010 379594016
00010 381709194
00010 384763428
00010 386454172
00010 386857588
00010 388741048
00010 389890392
00010 389896366
00010 390020702
00010 394988276
00010 396260010
00010 397598190
00010 397793674
00010 398206130
00010 398999330
00010 399388468
00010 407730754
00010 409148656
00010 411024848
00010 415564374
00010 416838442
00010 417246672
00010 417822522
00010 419323170
00010 420813038
00010 420860896
00010 421244752
00010 421471994
00010 423700194
00010 424174642
00010 425042036
00010 425882298
00010 432145558
00010 433918208
00010 434658402
00010 436912652
00010 437217190
00010 438556538
00010 445621616
00010 454141398
00010 454943414
00010 458560446
00010 458571916
00010 458598552
00010 459185950
00010 459678070
00010 460884840
00010 460925416
00010 462224424
00010 463202374
00010 465470686
00010 466093098
00010 466154570
00010 467615158
00010 473781920
00010 474988508
00010 478202790
00010 478732666
00010 481732812
00010 483921468
00010 485980362
00010 488138098
00010 488203654
00010 488313590
00010 506284782
00010 508692250
00010 510435306
00010 514413696
00010 515520008
00010 516340696
00010 519541836
00010 520139584
00010 524485988
00010 525870742
00010 526475274
00010 527280608
00010 527491778
00010 528108706
00010 534842598
00010 534905194
00010 537685110
00010 539161360
00010 544744212
00010 546401454
00010 547147114
00010 553430370
00010 557460602
00010 557780102
00010 558128982
00010 561334708
00010 562874076
00010 563183696
00010 563382322
00010 567678532
00010 570072426
00010 570167962
00010 570621560
00010 570951766
00010 572403274
00010 572455412
00010 574276068
00010 576282358
00010 582250164
00010 584330542
00010 585020472
00010 587419526
00010 591611960
00010 592302698
00010 592315028
00010 594630908
00010 596589988
00010 596672830
00010 597439426
00010 600430008
00010 600818062
00010 602557404
00010 605284920
00010 605503688
00010 607042596
00010 609871276
00010 614261442
00010 614315298
00010 614614854
00010 615707024
00010 617554478
00010 618568550
00010 622659354
00010 626939694
00010 629352050
00010 632378566
00010 632419344
00010 636811184
00010 636841798
00010 639996802
00010 640362516
00010 642546804
00010 642857330
00010 645921430
00010 646325372
00010 647116206
00010 648310310
00010 648479800
00010 653541168
00010 655699722
00010 657085580
00010 659811774
00010 660321504
00010 661064280
00010 667531896
00010 669073408
00010 669165312
00010 670203376
00010 674709868
00010 675140990
00010 680452484
00010 680493594
00010 680914596
00010 681361626
00010 683437848
00010 687078000
00010 688016130
00010 689797516
00010 692358276
00010 692634784
00010 695846060
00010 695852084
00010 697775938
00010 702978432
00010 703804244
00010 704410880
00010 708900106
00010 709401836
00010 712473468
00010 715227088
00010 716586168
00010 724232830
00010 724742216
00010 725052980
00010 726907376
00010 727620732
00010 728985428
00010 733325242
00010 738108578
00010 740549738
00010 741765338
00010 742509886
00010 746690580
00010 751204400
00010 751966452
00010 755032832
00010 758090538
00010 761272204
00010 762037352
00010 765633278
00010 768801506
00010 769278588
00010 771192306
00010 771329274
00010 774228468
00010 776213864
00010 781939366
00010 782800884
00010 783180570
00010 790609454
00010 791358800
00010 792784402
00010 794291734
00010 795868964
00010 796979512
00010 798237218
00010 800194770
00010 800201112
00010 801281770
00010 804759454
00010 805553902
00010 806435008
00010 806566656
00010 809272140
00010 809404626
00010 812458046
00010 813288210
00010 814864632
00010 817463260
00010 817534832
00010 817933154
00010 819218724
00010 825511978
00010 829101216
00010 830794338
00010 834648038
00010 834651690
00010 835953550
00010 836303560
00010 836684534
00010 836820480
00010 839501944
00010 842215800
00010 843011212
00010 843047880
00010 843134212
00010 843331720
00010 845220024
00010 846268148
00010 848024634
00010 849147506
00010 851151214
00010 851988530
00010 853572562
00010 854267774
00010 854556192
00010 855623132
00010 857534838
00010 858015408
00010 858305514
00010 860467988
00010 862965882
00010 864457660
00010 866124578
00010 869888252
00010 878461564
00010 881710662
00010 881782258
00010 884516080
00010 898115856
00010 898531074
00010 907999870
00010 911324654
00010 911344320
00010 912127410
00010 914290342
00010 916720158
00010 917381556
00010 918405594
00010 919509434
00010 920093578
00010 925419468
00010 926867680
00010 928094108
00010 928240560
00010 934178122
00010 935521922
00010 936105892
00010 936603242
00010 937542062
00010 939562468
00010 941586782
00010 943851254
00010 948822482
00010 950516506
00010 951325524
00010 954313146
00010 954808972
00010 956510852
00010 956837816
00010 958834552
00010 960702478
00010 968139280
00010 975988878
00010 977163704
00010 979107556
00010 980448550
00010 980528488
00010 980859452
00010 981424974
00010 983146678
00010 986100906
00010 990120164
00010 991972232
00010 995408584
00010 996753020
