00010 5389206
00010 8208364
00010 10623540
00010 13193876
00010 13720478
00010 13723950
00010 17990644
00010 18867610
00010 19334962
00010 20776382
00010 24396908
00010 29265024
00010 29720270
00010 29908850
00010 35930724
00010 37265430
00010 38064326
00010 40143414
00010 43341436
00010 44191990
00010 44923120
00010 48438256
00010 48531454
00010 59718236
00010 59754256
00010 60285946
00010 68982784
00010 73264314
00010 75128324
00010 80126204
00010 81652186
00010 84358552
00010 99050982
00010 105414346
00010 107452964
00010 112591668
00010 115270262
00010 116789206
00010 118095128
00010 118902770
00010 120947594
00010 122803490
00010 124296370
00010 125235086
00010 126109642
00010 130594144
00010 132110390
00010 136244744
00010 138190648
00010 145930426
00010 147962960
00010 148522944
00010 151827614
00010 154288866
00010 154459348
00010 157038396
00010 159136636
00010 159542194
00010 162194540
00010 164256154
00010 168093600
00010 168379978
00010 171387288
00010 172941302
00010 172945346
00010 173518884
00010 177882528
00010 177910174
00010 179133594
00010 180479808
00010 183817992
00010 188307070
00010 188396748
00010 189944592
00010 189991320
00010 191115984
00010 191455114
00010 192770740
00010 192925970
00010 193389814
00010 198296178
00010 198539444
00010 202346336
00010 204812798
00010 209030220
00010 209274990
00010 210177608
00010 211134562
00010 214978380
00010 219430796
00010 219524930
00010 220287890
00010 220519546
00010 223848548
00010 227832652
00010 229185990
00010 229386312
00010 229673152
00010 230247486
00010 233060214
00010 233125326
00010 235091098
00010 238214888
00010 240249258
00010 241152372
00010 241172030
00010 241981498
00010 244316010
00010 244527362
00010 245440334
00010 248146304
00010 248806698
00010 249699016
00010 252113734
00010 253485348
00010 253605250
00010 254404176
00010 258250940
00010 259375890
00010 261213654
00010 261948288
00010 266961134
00010 268182648
00010 270117724
00010 272155616
00010 274076744
00010 274422900
00010 277253182
00010 277514220
00010 279978718
00010 283684778
00010 284663304
00010 287139436
00010 287328506
00010 287538418
00010 291826060
00010 295561640
00010 297975468
00010 299159574
00010 303014164
00010 303247498
00010 313370678
00010 317063552
00010 317916654
00010 321751874
00010 325319250
00010 325720246
00010 325831372
00010 334983602
00010 337244760
00010 338490280
00010 340476686
00010 342114892
00010 342623668
00010 352051558
00010 352596978
00010 354338044
00010 354538398
00010 355189628
00010 355854172
00010 356250546
00010 356463092
00010 358703072
00010 360791738
00010 362811322
00010 363204560
00010 364663214
00010 366060320
00010 368027812
00010 370968858
00010 371522180
00010 373656438
00010 374465792
00010 374653492
00010 376386702
00010 376798148
00010 380616170
00010 380642042
00010 383531816
00010 385569426
00010 389203532
00010 396934138
00010 399332878
00010 399915968
00010 400166574
00010 403231454
00010 409633070
00010 409946630
00010 414507934
00010 416525044
00010 417698190
00010 421395430
00010 422078470
00010 422621998
00010 425320680
00010 428748866
00010 432975490
00010 433306908
00010 433414642
00010 436954214
00010 441504484
00010 442055768
00010 444913046
00010 449801954
00010 449852220
00010 454404920
00010 455265622
00010 455942202
00010 459676276
00010 465252502
00010 467347068
00010 468289724
00010 468986478
00010 469526864
00010 470976424
00010 475471498
00010 476065786
00010 476770374
00010 476772476
00010 477793228
00010 478921760
00010 479005300
00010 480688090
00010 480744042
00010 485628070
00010 486188190
00010 486600544
00010 490749926
00010 491540038
00010 491576102
00010 491684918
00010 492219492
00010 492303770
00010 493730520
00010 504482042
00010 505184324
00010 505461216
00010 510400180
00010 511934320
00010 512142730
00010 515547148
00010 517089744
00010 519168840
00010 519953336
00010 521034400
00010 521436370
00010 523082412
00010 523295508
00010 523993680
00010 525120360
00010 528757064
00010 528811748
00010 529602934
00010 530608858
00010 532508528
00010 534042904
00010 536147218
00010 538242914
00010 539568564
00010 541201474
00010 541574672
00010 541622628
00010 542452036
00010 542475966
00010 543068024
00010 544211822
00010 546560402
00010 547019556
00010 547951534
00010 551965268
00010 555333402
00010 561656642
00010 561790846
00010 569018352
00010 571562722
00010 572143560
00010 573376508
00010 574563496
00010 576093790
00010 580359428
00010 581398804
00010 583570988
00010 586661074
00010 587184950
00010 587406336
00010 589682692
00010 592373460
00010 593384152
00010 593640830
00010 595280992
00010 596832538
00010 597484104
00010 599572486
00010 599682680
00010 600028410
00010 600614722
00010 601583606
00010 602657924
00010 603852344
00010 604814260
00010 609293520
00010 611822778
00010 612565462
00010 613464436
00010 616983728
00010 617384372
00010 620145514
00010 623312862
00010 623321010
00010 626607562
00010 626698594
00010 630205290
00010 630475068
00010 630797684
00010 634252172
00010 638012062
00010 640434596
00010 643839550
00010 644384034
00010 648615036
00010 649994436
00010 650061452
00010 651243122
00010 654890568
00010 655000514
00010 660832448
00010 661451550
00010 661776582
00010 663259200
00010 664742804
00010 665476392
00010 665634552
00010 666027074
00010 668675514
00010 668975826
00010 669393274
00010 673555926
00010 676840670
00010 679472734
00010 686153686
00010 686187842
00010 687379706
00010 690139878
00010 690596116
00010 691234228
00010 693120840
00010 695081002
00010 697542862
00010 697751224
00010 697825896
00010 702629962
00010 708390932
00010 708727620
00010 711005658
00010 711044982
00010 717285696
00010 717853218
00010 721253512
00010 722175388
00010 724918680
00010 726414906
00010 727985280
00010 729008892
00010 731661162
00010 734379418
00010 736225860
00010 738572926
00010 739010094
00010 739073462
00010 739277976
00010 742563782
00010 743084256
00010 743860332
00010 744176998
00010 745585988
00010 747160474
00010 749835680
00010 749933474
00010 753263138
00010 757187480
00010 757867768
00010 760135958
00010 760197864
00010 762857478
00010 765964760
00010 768854594
00010 770736588
00010 773767476
00010 777437362
00010 777478272
00010 781799766
00010 783982164
00010 785891954
00010 787154152
00010 787487834
00010 789791268
00010 790972878
00010 791690616
00010 792964864
00010 800015434
00010 800651186
00010 801806812
00010 803152180
00010 804919698
00010 805059854
00010 806284610
00010 812652006
00010 814964754
00010 815251508
00010 816866472
00010 817496648
00010 818297756
00010 819855340
00010 820018604
00010 827949134
00010 830007216
00010 830704674
00010 831824778
00010 833219784
00010 833951498
00010 835770970
00010 837943960
00010 841385224
00010 842377814
00010 842453842
00010 843307738
00010 846057124
00010 849496676
00010 855974486
00010 857917664
00010 859122598
00010 859720836
00010 861229282
00010 861621486
00010 863296774
00010 863313356
00010 864918850
00010 865507210
00010 867625078
00010 870701762
00010 871196610
00010 872893112
00010 874192956
00010 874865294
00010 877075238
00010 879457054
00010 880690260
00010 882390844
00010 882490660
00010 884133632
00010 886321042
00010 887687618
00010 888195148
00010 888322764
00010 899390236
00010 900794312
00010 901889644
00010 901955956
00010 904155966
00010 904225014
00010 907626048
00010 907795854
00010 909193964
00010 909322594
00010 909449268
00010 913882512
00010 915484430
00010 918474032
00010 920283608
00010 921811746
00010 921867858
00010 924553526
00010 924758284
00010 926979740
00010 928466818
00010 929896328
00010 933293898
00010 934593138
00010 945602578
00010 946999322
00010 948196588
00010 952456250
00010 952631320
00010 954958254
00010 959346166
00010 961297486
00010 965807602
00010 966176214
00010 966800708
00010 969047868
00010 971080396
00010 977053324
00010 978763394
00010 979066652
00010 979068184
00010 980771284
00010 982035124
00010 982354458
00010 984001062
00010 985551904
00010 985686374
00010 985959976
00010 995722358
00010 996582338
00010 997346094
00010 997845874
00010 3718784
00010 5434182
00010 6212104
00010 13810664
00010 14675246
00010 16836292
00010 18721486
00010 19001898
00010 20419510
00010 21550058
00010 23059894
00010 23396186
00010 23596778
00010 26341654
00010 29210552
00010 30536608
00010 31539776
00010 32298262
00010 36506414
00010 37672808
00010 38744858
00010 38912630
00010 40571872
00010 40775288
00010 40835904
00010 45535558
00010 52363196
00010 56549104
00010 57238068
00010 57428834
00010 59261934
00010 60330676
00010 60333296
00010 63792320
00010 66774862
00010 69982136
00010 70384624
00010 72578946
00010 73304526
00010 76667590
00010 76684158
00010 78327520
00010 78795966
00010 79022060
00010 83841368
00010 87519180
00010 89180378
00010 89478002
00010 92367264
00010 92496876
00010 94100154
00010 96199792
00010 96725874
00010 97261314
00010 100441498
00010 101736566
00010 105682088
00010 107953714
00010 108223122
00010 113983754
00010 114830794
00010 115324294
00010 115697044
00010 115947340
00010 118588370
00010 120040112
00010 120166522
00010 120993382
00010 121051894
00010 121255664
00010 123106072
00010 123305770
00010 128684188
00010 129689718
00010 130225454
00010 132439260
00010 132539798
00010 134427152
00010 135982824
00010 135999716
00010 138616644
00010 139903116
00010 141519164
00010 145509046
00010 145526106
00010 146836432
00010 155833178
00010 158657606
00010 159854536
00010 160889260
00010 164736002
00010 164823612
00010 165957180
00010 166548014
00010 167257972
00010 168292180
00010 168354868
00010 175101530
00010 178729098
00010 186137284
00010 190487100
00010 192185654
00010 192211084
00010 192664120
00010 196447372
00010 203516496
00010 204256490
00010 206015754
00010 207331284
00010 207934532
00010 209629768
00010 209827086
00010 210301102
00010 212961606
00010 213010468
00010 213037652
00010 219486942
00010 220216142
00010 223100880
00010 230185586
00010 230355068
00010 231100146
00010 235460118
00010 241846718
00010 242927100
00010 244051322
00010 244168984
00010 246356842
00010 246905638
00010 250154418
00010 252346076
00010 255114228
00010 257347344
00010 258024860
00010 261356756
00010 264603546
00010 265280212
00010 265822478
00010 266514856
00010 268143304
00010 269152300
00010 269228176
00010 269919240
00010 271020828
00010 272399850
00010 272684230
00010 273422536
00010 275404448
00010 275422038
00010 275936354
00010 276229596
00010 277583356
00010 278019882
00010 282416860
00010 284369680
00010 284729454
00010 284782648
00010 284796412
00010 284813248
00010 290015870
00010 290376628
00010 290425378
00010 292390028
00010 300401696
00010 302557486
00010 302768878
00010 307956434
00010 308730786
00010 310095012
00010 312858566
00010 314249216
00010 319889918
00010 320384630
00010 320411514
00010 321177384
00010 323562586
00010 324131672
00010 326878010
00010 327413008
00010 327654708
00010 328057172
00010 328306174
00010 329089732
00010 330087046
00010 333752722
00010 335775890
00010 337348766
00010 340356134
00010 346103686
00010 346457204
00010 347435474
00010 350930324
00010 350991008
00010 351465662
00010 352767366
00010 353457038
00010 357476878
00010 358263866
00010 360571668
00010 364426202
00010 364591192
00010 367892664
00010 368060254
00010 372090118
00010 374726610
00010 374992390
00010 376195960
00010 379040828
00010 379382992
00010 379511050
00010 385745558
00010 392177222
00010 393901748
00010 395751406
00010 395998704
00010 398079772
00010 400724840
00010 401353336
00010 402270264
00010 405348836
00010 410145562
00010 411578502
00010 413381532
00010 414082964
00010 415476434
00010 417736480
00010 418287028
00010 419408522
00010 425711898
00010 429240136
00010 430420066
00010 434274246
00010 435209030
00010 435323518
00010 436749214
00010 440183376
00010 445042782
00010 445901808
00010 451219572
00010 452697806
00010 452859390
00010 456356224
00010 458442056
00010 461104564
00010 461524846
00010 461968108
00010 467891828
00010 468640770
00010 470396222
00010 470708610
00010 470924958
00010 474010900
00010 476073162
00010 481385310
00010 481560104
00010 483176494
00010 485254842
00010 486332712
00010 487103114
00010 487996748
00010 488968640
00010 489278426
00010 491638428
00010 492085568
00010 495256118
00010 496835984
00010 499776190
00010 502128532
00010 503220996
00010 505845802
00010 509457864
00010 510202700
00010 510755682
00010 517481756
00010 519696260
00010 521307532
00010 521496742
00010 522393938
00010 522898446
00010 523695796
00010 527959010
00010 531143510
00010 534353864
00010 537863366
00010 541513128
00010 541655696
00010 544790314
00010 544923474
00010 546133566
00010 548410382
00010 549930386
00010 550040446
00010 550386020
00010 554020232
00010 554736190
00010 556335822
00010 557465130
00010 559974094
00010 563197498
00010 563678560
00010 564111684
00010 564506166
00010 565418530
00010 567620230
00010 571536508
00010 573112982
00010 576725238
00010 578195772
00010 580564832
00010 580855810
00010 583604356
00010 585862308
00010 587481492
00010 591500742
00010 591900540
00010 592596802
00010 592797866
00010 596756600
00010 597430242
00010 599400828
00010 600663750
00010 602261692
00010 603309966
00010 605248166
00010 606620182
00010 607984202
00010 609857504
00010 616519554
00010 617034690
00010 619877786
00010 620532252
00010 623534828
00010 624765188
00010 624896270
00010 626878672
00010 630389164
00010 637140096
00010 638994124
00010 639462844
00010 641324346
00010 641781412
00010 642966532
00010 646630936
00010 650650060
00010 651202930
00010 652301754
00010 652780178
00010 655003052
00010 656934458
00010 657489304
00010 660930836
00010 662274122
00010 668618050
00010 668901176
00010 670907650
00010 673485410
00010 674159178
00010 678085278
00010 678139402
00010 678391108
00010 678405428
00010 678438380
00010 683096902
00010 683198076
00010 684028354
00010 684209274
00010 685276112
00010 686254094
00010 692019346
00010 692479728
00010 693702190
00010 694533402
00010 696651700
00010 698067624
00010 703194106
00010 707499402
00010 708720486
00010 708742510
00010 709772112
00010 711091756
00010 711827840
00010 712134980
00010 712886096
00010 713552470
00010 713958554
00010 714871970
00010 717574028
00010 719977138
00010 721588758
00010 722244410
00010 724842538
00010 729778662
00010 730582356
00010 735774820
00010 738404662
00010 739181134
00010 740096736
00010 742196684
00010 742202846
00010 742878164
00010 745723356
00010 747739828
00010 748565364
00010 754533602
00010 755573230
00010 764385158
00010 765185962
00010 765795660
00010 768075328
00010 770724006
00010 770918398
00010 771177674
00010 771332420
00010 773113518
00010 775325738
00010 775780616
00010 780848832
00010 782084074
00010 789251912
00010 790613948
00010 790740552
00010 794836426
00010 795180860
00010 795582226
00010 795601822
00010 799494906
00010 800713092
00010 803821644
00010 805643350
00010 805942792
00010 808425528
00010 812698462
00010 813111782
00010 818972802
00010 821266218
00010 825312522
00010 834312848
00010 835017228
00010 836096190
00010 837106916
00010 838046462
00010 841292540
00010 841889764
00010 842703226
00010 844352998
00010 845883702
00010 846023682
00010 846293518
00010 850133910
00010 851531744
00010 853297382
00010 853784644
00010 855418798
00010 855564206
00010 855612506
00010 856041010
00010 856274946
00010 856415784
00010 856571082
00010 856970248
00010 857434932
00010 859277578
00010 859422918
00010 860749132
00010 861376226
00010 862439270
00010 863146500
00010 865312888
00010 866482764
00010 867505492
00010 867915888
00010 870631020
00010 871756152
00010 875609742
00010 876630152
00010 876975350
00010 882792858
00010 884873916
00010 888436170
00010 888575254
00010 888876050
00010 888984848
00010 889621998
00010 890255660
00010 890928016
00010 893436840
00010 896679614
00010 901338632
00010 902418380
00010 903479186
00010 903631782
00010 905974620
00010 909812374
00010 916271980
00010 918882392
00010 919719680
00010 922508620
00010 926629262
00010 927565558
00010 928165252
00010 928306532
00010 930530840
00010 930683512
00010 930826520
00010 933910890
00010 935928696
00010 936212630
00010 937226728
00010 942162478
00010 942954712
00010 947664794
00010 951291778
00010 953261968
00010 958109744
00010 959313064
00010 960205124
00010 965174856
00010 966698830
00010 967755422
00010 971675728
00010 973879442
00010 974794538
00010 977262450
00010 977754830
00010 979591782
00010 983125902
00010 983188140
00010 988342054
00010 992466572
00010 994962362
00010 998696142
00010 998748438
00010 999088680
00010 6245844
00010 10061718
00010 10207124
00010 13351110
00010 15108412
00010 17397314
00010 18366860
00010 24812036
00010 28881908
00010 29114090
00010 33092694
00010 34796128
00010 37493464
00010 42297802
00010 45203560
00010 45226214
00010 46213350
00010 53838014
00010 54079314
00010 56081858
00010 58330190
00010 60407856
00010 67509456
00010 67535184
00010 73067222
00010 73516860
00010 73952374
00010 77754446
00010 79961908
00010 81257376
00010 82217488
00010 82792034
00010 83288278
00010 90929652
00010 93649888
00010 96029962
00010 96171708
00010 96519668
00010 97419144
00010 98216644
00010 100804102
00010 105098412
00010 108670142
00010 109752458
00010 112413450
00010 114073958
00010 114351670
00010 115189434
00010 119901920
00010 120397876
00010 121006320
00010 121573506
00010 127153358
00010 127932562
00010 128336614
00010 129809916
00010 134107204
00010 136308490
00010 139237062
00010 139666532
00010 140259132
00010 142434684
00010 144446696
00010 145635404
00010 146961056
00010 147611660
00010 149213488
00010 151446800
00010 152778762
00010 152834732
00010 155201118
00010 158942178
00010 160274360
00010 160361790
00010 166342214
00010 167694538
00010 169059166
00010 171675740
00010 173290452
00010 177959298
00010 179328038
00010 181452534
00010 181761508
00010 182770020
00010 183759198
00010 184222172
00010 184889818
00010 185090604
00010 185379186
00010 188553506
00010 188580066
00010 192422294
00010 194154320
00010 197273638
00010 206749870
00010 208269560
00010 208691124
00010 211072634
00010 211818786
00010 212671100
00010 216066050
00010 217162054
00010 217726306
00010 218724164
00010 222928190
00010 225638810
00010 225782338
00010 225820108
00010 228551232
00010 228778966
00010 232731330
00010 235570892
00010 236717618
00010 245042680
00010 245675678
00010 249048050
00010 250577876
00010 250652458
00010 251341298
00010 251865678
00010 252867798
00010 253796426
00010 254944528
00010 255122942
00010 256212940
00010 256464270
00010 258316872
00010 259955838
00010 266348610
00010 269986072
00010 274055664
00010 274177088
00010 276229680
00010 276459814
00010 277339796
00010 279205792
00010 281338142
00010 287165008
00010 289209956
00010 289716280
00010 290738752
00010 291236748
00010 295300888
00010 297428924
00010 300109942
00010 300308114
00010 300681208
00010 300971688
00010 302149164
00010 303462934
00010 316510024
00010 317718892
00010 321433416
00010 322007702
00010 322009620
00010 324359956
00010 328718978
00010 328754116
00010 332659666
00010 336740670
00010 348835902
00010 348964920
00010 354703526
00010 358161318
00010 358346368
00010 358461706
00010 361428800
00010 363010226
00010 365703224
00010 366496380
00010 366683070
00010 369653936
00010 372746788
00010 373717418
00010 377363664
00010 379695646
00010 379875492
00010 379937252
00010 380288052
00010 380579012
00010 390475748
00010 395497232
00010 400187994
00010 402284150
00010 404372586
00010 404620564
00010 404696534
00010 406180454
00010 410466064
00010 413017028
00010 413993032
00010 415659882
00010 418276680
00010 419783256
00010 425004348
00010 425059382
00010 425468840
00010 430436656
00010 431563450
00010 432014342
00010 434533004
00010 435334750
00010 438700120
00010 439880626
00010 440549514
00010 442381502
00010 443106116
00010 452432416
00010 453825970
00010 458621266
00010 458655154
00010 459111818
00010 464415210
00010 466171634
00010 468295272
00010 474822688
00010 475006498
00010 477500536
00010 478487428
00010 488664182
00010 494517904
00010 494695896
00010 494959278
00010 496758962
00010 499375210
00010 501775538
00010 501852222
00010 506857568
00010 509737280
00010 512479734
00010 513190960
00010 517116472
00010 517483714
00010 517523310
00010 518350538
00010 522137748
00010 525597028
00010 531544024
00010 531940322
00010 532580106
00010 533959786
00010 535284766
00010 539865920
00010 540329754
00010 543188916
00010 544378154
00010 547282360
00010 550031410
00010 552611598
00010 554385054
00010 555060474
00010 556041408
00010 556157170
00010 557234528
00010 560334210
00010 562693932
00010 564283182
00010 564311848
00010 567865052
00010 568197356
00010 568350728
00010 571630430
00010 574158726
00010 575097788
00010 580594994
00010 581504296
00010 582819086
00010 583285266
00010 583972354
00010 584374106
00010 585317346
00010 588768780
00010 591899852
00010 591959006
00010 593592486
00010 596514736
00010 598400298
00010 599544150
00010 600944948
00010 602530934
00010 605236790
00010 605901966
00010 608358776
00010 608706664
00010 612007518
00010 614598348
00010 615671578
00010 617525188
00010 617718774
00010 621439962
00010 626275402
00010 626378756
00010 626519406
00010 628649060
00010 632613426
00010 635310766
00010 637275176
00010 639893722
00010 640525984
00010 641706856
00010 647333400
00010 650182752
00010 650351072
00010 650669450
00010 653566404
00010 655624554
00010 655991046
00010 661123940
00010 661679756
00010 664462336
00010 666100524
00010 666306662
00010 666342534
00010 666558508
00010 668439954
00010 670264716
00010 670345034
00010 670886658
00010 671107954
00010 674225226
00010 675991600
00010 680323506
00010 681651802
00010 683866426
00010 687877404
00010 690239742
00010 692449430
00010 693235472
00010 693478168
00010 703590068
00010 705582106
00010 709313114
00010 710003572
00010 712004564
00010 712134380
00010 716567542
00010 716674628
00010 722581500
00010 727151450
00010 728537842
00010 729561036
00010 730883404
00010 734131384
00010 734508464
00010 741117092
00010 746676694
00010 749140394
00010 751695936
00010 752932640
00010 754614178
00010 755668984
00010 755889632
00010 756622098
00010 757770570
00010 759659452
00010 761251520
00010 761556962
00010 762425254
00010 763074478
00010 764970578
00010 765317428
00010 766703706
00010 771201226
00010 773519552
00010 773644170
00010 775701542
00010 777135710
00010 777393178
00010 779896912
00010 779898122
00010 781288556
00010 782620204
00010 783185812
00010 783433818
00010 783440312
00010 783496632
00010 784846700
00010 785897050
00010 793004492
00010 793783790
00010 795395246
00010 797671376
00010 801067210
00010 808638020
00010 809612194
00010 809903466
00010 811223108
00010 812317348
00010 818357470
00010 820267128
00010 824409968
00010 825163206
00010 825969526
00010 831189770
00010 833653742
00010 835239950
00010 835256398
00010 835778282
00010 838742110
00010 839779230
00010 843251812
00010 843689746
00010 846893510
00010 847184862
00010 848991282
00010 849050384
00010 850236596
00010 854632008
00010 855714090
00010 855863264
00010 857815178
00010 858086210
00010 861214846
00010 861652962
00010 865857630
00010 871728152
00010 871992780
00010 872656634
00010 872761670
00010 873030680
00010 874829002
00010 877783040
00010 878168890
00010 880983744
00010 881244424
00010 884666204
00010 888023746
00010 891848234
00010 895192016
00010 899272870
00010 903064518
00010 903317092
00010 905518686
00010 905535372
00010 906263940
00010 909306140
00010 911883934
00010 912235014
00010 912530848
00010 917470150
00010 921256244
00010 921745242
00010 922825288
00010 923154858
00010 924913176
00010 926015842
00010 926126202
00010 927778074
00010 929162748
00010 929326112
00010 930151252
00010 931193554
00010 931723986
00010 931759694
00010 932613236
00010 933937970
00010 934520970
00010 940632070
00010 941247818
00010 942635556
00010 942958332
00010 944259374
00010 948120014
00010 949133620
00010 951411298
00010 955439218
00010 958484044
00010 958885108
00010 965867278
00010 966547424
00010 966642288
00010 967347658
00010 967541782
00010 968180942
00010 970172252
00010 973792948
00010 976173614
00010 977237220
00010 980672226
00010 984611680
00010 984750030
00010 990017522
00010 990050708
00010 990088232
00010 990666392
00010 990668404
00010 992437462
00010 992444022
00010 992446142
00010 995231016
00010 998042708
00010 998397374
00010 999573974
00010 1244344
00010 2904378
00010 3955842
00010 5004940
00010 5547330
00010 10757396
00010 11210558
00010 11978644
00010 12274394
00010 12475192
00010 13626812
00010 13679118
00010 13812404
00010 16545604
00010 16548684
00010 16846678
00010 17258152
00010 17335634
00010 19218740
00010 23092592
00010 23874712
00010 25626590
00010 26171172
00010 27155106
00010 28744176
00010 31852634
00010 32772364
00010 33797954
00010 36424850
00010 37646726
00010 45506110
00010 45739894
00010 48772900
00010 51600304
00010 53896890
00010 55465230
00010 55894570
00010 57791836
00010 60569816
00010 60792398
00010 60802384
00010 65195798
00010 66948954
00010 67204494
00010 71327956
00010 72439534
00010 73151986
00010 77436816
00010 78402014
00010 82072396
00010 86453716
00010 89180686
00010 89611884
00010 90197824
00010 91597050
00010 92757682
00010 96551092
00010 97628082
00010 101099202
00010 104054656
00010 104186370
00010 107433052
00010 108012720
00010 110114538
00010 117518918
00010 118838544
00010 120557894
00010 124040618
00010 127298758
00010 128673456
00010 131778218
00010 132335338
00010 132561106
00010 135186432
00010 137038748
00010 137968266
00010 139974576
00010 140111748
00010 140568786
00010 140634080
00010 143039018
00010 143751490
00010 145934884
00010 148200086
00010 152197710
00010 152571242
00010 156605384
00010 158757582
00010 159634700
00010 160247186
00010 160661242
00010 167409932
00010 167476932
00010 173794592
00010 174037722
00010 176835498
00010 177790454
00010 180431346
00010 182414020
00010 182496186
00010 185313826
00010 185909622
00010 187651184
00010 189236430
00010 191823986
00010 192310580
00010 194858808
00010 200682740
00010 201766424
00010 203233770
00010 205446400
00010 206761424
00010 210908862
00010 213210872
00010 216144152
00010 216720444
00010 217052778
00010 224637612
00010 224816566
00010 225257318
00010 226104942
00010 230396600
00010 237491408
00010 238237188
00010 238366194
00010 240299992
00010 240622810
00010 246533976
00010 246551870
00010 246552960
00010 251554352
00010 252115912
00010 253714052
00010 257024338
00010 257246464
00010 257482878
00010 257513468
00010 257647758
00010 262181456
00010 266939336
00010 269458846
00010 271118188
00010 271632240
00010 272130720
00010 272919732
00010 274903048
00010 276055186
00010 276969426
00010 278760162
00010 280611174
00010 280881294
00010 280890174
00010 282914498
00010 283256284
00010 283405784
00010 284822318
00010 285016224
00010 285073150
00010 285702438
00010 286632050
00010 287815204
00010 289859750
00010 291628606
00010 292896642
00010 293888426
00010 296805100
00010 302108538
00010 307681224
00010 310655896
00010 311901422
00010 311941464
00010 313319776
00010 315268094
00010 316816370
00010 321067632
00010 322024798
00010 322501254
00010 327845530
00010 334114372
00010 337255832
00010 337678360
00010 341557154
00010 341859096
00010 342358620
00010 343367884
00010 344266578
00010 347154482
00010 350230022
00010 356527890
00010 362870914
00010 365631734
00010 365637832
00010 366859442
00010 367743440
00010 368202006
00010 368988352
00010 369905750
00010 369937000
00010 372065340
00010 380193414
00010 380905396
00010 381956278
00010 382463706
00010 383892776
00010 385740620
00010 385742462
00010 386537694
00010 388860740
00010 390001718
00010 390871822
00010 391149154
00010 393392178
00010 394108100
00010 394543594
00010 406409000
00010 413119566
00010 415449244
00010 417813014
00010 418655710
00010 422185222
00010 422693396
00010 423747494
00010 425134020
00010 426413148
00010 428022800
00010 431208222
00010 432826032
00010 435977950
00010 441743324
00010 442503230
00010 450514518
00010 450747642
00010 451981184
00010 453590974
00010 453674106
00010 454796688
00010 459708420
00010 460359876
00010 460519502
00010 461196884
00010 464461016
00010 464720990
00010 465622200
00010 465792782
00010 469738648
00010 470951378
00010 471275990
00010 474619602
00010 476312628
00010 477697334
00010 478573182
00010 484748854
00010 486189544
00010 490007662
00010 494509698
00010 498513034
00010 499857896
00010 500092174
00010 503492968
00010 504286936
00010 506002880
00010 507631740
00010 508437938
00010 510328400
00010 511926238
00010 518805616
00010 521406622
00010 524750342
00010 530155560
00010 530178488
00010 533562888
00010 539197290
00010 539354846
00010 539820516
00010 541987762
00010 544430964
00010 549194436
00010 549798826
00010 555013164
00010 562392408
00010 562396344
00010 562642530
00010 570558042
00010 570791934
00010 572145794
00010 572555078
00010 572832186
00010 574639346
00010 576458034
00010 578676142
00010 582179796
00010 583402714
00010 584970530
00010 587240856
00010 589720366
00010 591217382
00010 592720856
00010 593633274
00010 593700002
00010 593701026
00010 597031832
00010 598990160
00010 601338556
00010 603428174
00010 610785548
00010 613179496
00010 613181738
00010 616788092
00010 620077878
00010 620216652
00010 621757478
00010 622398678
00010 622805212
00010 623258318
00010 624774822
00010 624860204
00010 625603312
00010 630747566
00010 631329638
00010 635262822
00010 636087076
00010 642396888
00010 644433066
00010 644790158
00010 645562456
00010 646319362
00010 647203364
00010 647733366
00010 651001770
00010 654709710
00010 655236054
00010 655734608
00010 657040392
00010 661247710
00010 664007622
00010 665592550
00010 665891870
00010 672878116
00010 673848616
00010 673872000
00010 674673148
00010 676314652
00010 678751990
00010 679252190
00010 681168946
00010 683120768
00010 688988206
00010 692262036
00010 694303480
00010 695338474
00010 695673794
00010 697761296
00010 697764636
00010 700076216
00010 700593786
00010 701186236
00010 701697474
00010 702466476
00010 704706002
00010 706474810
00010 706476006
00010 707013908
00010 711418558
00010 711804366
00010 712472710
00010 717548326
00010 718741986
00010 720726554
00010 722274052
00010 722862448
00010 723656826
00010 723681512
00010 724464460
00010 726283440
00010 727201032
00010 729459864
00010 735726494
00010 735902466
00010 737369626
00010 738333330
00010 739333910
00010 740090650
00010 742847366
00010 745712654
00010 747439350
00010 748175244
00010 753157374
00010 753618864
00010 753892736
00010 756077672
00010 760830874
00010 762362198
00010 762941732
00010 773504916
00010 775821308
00010 776542248
00010 778903056
00010 780488052
00010 781414292
00010 784318224
00010 784677582
00010 784678786
00010 785710448
00010 786109870
00010 787129748
00010 788367286
00010 788856962
00010 792586888
00010 792924706
00010 794912200
00010 798847660
00010 800343852
00010 802334720
00010 805775204
00010 806089214
00010 814795250
00010 814828290
00010 817211114
00010 817402032
00010 819098550
00010 821228552
00010 825175698
00010 833073836
00010 833418086
00010 834120690
00010 835560102
00010 837380192
00010 838059738
00010 839625500
00010 841568332
00010 844598342
00010 850490538
00010 850493964
00010 852330664
00010 853517724
00010 855779408
00010 857769208
00010 858024592
00010 858642898
00010 860332188
00010 860439980
00010 860992900
00010 861433244
00010 861693316
00010 865468286
00010 869699810
00010 869875606
00010 872962762
00010 874237586
00010 875304800
00010 877992390
00010 882079126
00010 888566942
00010 889987826
00010 893757220
00010 895434288
00010 896219650
00010 899904516
00010 902481524
00010 905776738
00010 905789632
00010 908750608
00010 913557174
00010 915222636
00010 916175484
00010 918337126
00010 919582560
00010 919783946
00010 919993794
00010 924311764
00010 924860984
00010 925152030
00010 927412644
00010 928565282
00010 929404912
00010 930928372
00010 934412022
00010 934530648
00010 936720842
00010 938065192
00010 941413304
00010 941473506
00010 943738326
00010 944234552
00010 944944886
00010 949246134
00010 955196284
00010 964278002
00010 964846056
00010 966891824
00010 968183240
00010 972175994
00010 975707432
00010 979670048
00010 981116608
00010 982248470
00010 983349222
00010 989162448
00010 990084416
00010 993012034
00010 993961328
00010 995011480
00010 996706668
00010 998455428
00010 4361426
00010 4605282
00010 5212682
00010 7073072
00010 7188534
00010 9207046
00010 10886228
00010 13935860
00010 17139000
00010 19743296
00010 21403930
00010 26934498
00010 31101736
00010 31635380
00010 34416288
00010 35037986
00010 35868920
00010 36407584
00010 36431870
00010 39033616
00010 39281582
00010 39667294
00010 47082062
00010 47408650
00010 48627332
00010 50127302
00010 50989556
00010 51428568
00010 52468638
00010 54543862
00010 54700080
00010 55093906
00010 56278892
00010 61121800
00010 62232174
00010 62897790
00010 66386662
00010 67083068
00010 71554412
00010 72850352
00010 73051382
00010 75276972
00010 78755870
00010 79056668
00010 79903494
00010 83622964
00010 84238814
00010 90074368
00010 94074548
00010 100223302
00010 101379156
00010 104142064
00010 104937972
00010 106919406
00010 107912494
00010 108111494
00010 108368210
00010 109283974
00010 112049450
00010 114115964
00010 116469968
00010 117586502
00010 120992612
00010 120996116
00010 122222068
00010 122951584
00010 124875124
00010 125576010
00010 125737426
00010 126340420
00010 130933194
00010 135170706
00010 135320656
00010 135444520
00010 142958156
00010 143312190
00010 146254818
00010 148297374
00010 149368638
00010 155425498
00010 158076548
00010 164541872
00010 165806752
00010 167378720
00010 169561634
00010 169780022
00010 171308546
00010 175489974
00010 176106068
00010 177414052
00010 177763344
00010 178249200
00010 178920608
00010 179473632
00010 187156622
00010 195563962
00010 196195590
00010 199233102
00010 201332246
00010 201881138
00010 205656794
00010 209246704
00010 210285696
00010 210910010
00010 210942800
00010 212593018
00010 213829310
00010 213929480
00010 215239684
00010 220070892
00010 222114480
00010 222192112
00010 223178932
00010 223215142
00010 227493800
00010 230376970
00010 230450970
00010 230456430
00010 233197912
00010 234106214
00010 234726642
00010 236025352
00010 236940978
00010 237098724
00010 242820332
00010 243409646
00010 243589290
00010 244229438
00010 244283546
00010 246333840
00010 247135188
00010 250316672
00010 250765102
00010 256562964
00010 260771972
00010 261044558
00010 263252706
00010 263279136
00010 265777250
00010 267582098
00010 268215484
00010 268479398
00010 268494334
00010 270976850
00010 272467896
00010 273178234
00010 273237338
00010 273826044
00010 274021338
00010 279897302
00010 281222990
00010 283606908
00010 288996052
00010 289092326
00010 292417892
00010 293703192
00010 297511440
00010 298897160
00010 300534558
00010 304193704
00010 305386998
00010 306986320
00010 308634884
00010 314319760
00010 314460762
00010 315198488
00010 316219906
00010 323623346
00010 326875370
00010 328455680
00010 328718916
00010 328859712
00010 330899448
00010 331055796
00010 333032630
00010 340289632
00010 343304980
00010 344483962
00010 346799774
00010 348865170
00010 349910286
00010 350106596
00010 354873888
00010 355825024
00010 358786382
00010 359319754
00010 360098082
00010 361385862
00010 363000788
00010 366203818
00010 366210286
00010 366760866
00010 366976542
00010 368845460
00010 372014804
00010 379934998
00010 383018984
00010 384159416
00010 384242490
00010 384979628
00010 388897864
00010 389827268
00010 390593248
00010 390798346
00010 390945276
00010 390972094
00010 398155066
00010 399961422
00010 400610640
00010 401336582
00010 401504848
00010 402015376
00010 403185166
00010 406057084
00010 406089454
00010 406853882
00010 407778004
00010 411448586
00010 412399690
00010 412790170
00010 415951514
00010 417764456
00010 420691292
00010 421792196
00010 422688782
00010 424709754
00010 427693144
00010 428508890
00010 429289646
00010 431337762
00010 431955588
00010 443728878
00010 443751098
00010 449946518
00010 451010906
00010 451468750
00010 452351952
00010 456920962
00010 459396598
00010 463176142
00010 463816030
00010 467167084
00010 467198712
00010 469460296
00010 471801476
00010 471842618
00010 474426716
00010 476463944
00010 476670610
00010 481490208
00010 482011918
00010 482488112
00010 487104854
00010 488910508
00010 489703724
00010 493895928
00010 495106316
00010 495517286
00010 499441512
00010 506915780
00010 507374534
00010 508351446
00010 508871486
00010 508992162
00010 510941604
00010 515591570
00010 515795602
00010 519538270
00010 520658222
00010 522575308
00010 523947232
00010 528646806
00010 528655066
00010 530862770
00010 535430668
00010 536791426
00010 540467918
00010 540571212
00010 542488652
00010 543611686
00010 543947106
00010 544663156
00010 547292558
00010 550495682
00010 550718606
00010 551858418
00010 554047014
00010 554061254
00010 555762972
00010 557489266
00010 557723300
00010 557980692
00010 559157290
00010 559351002
00010 560539330
00010 560615892
00010 567478306
00010 569008692
00010 570416614
00010 571142318
00010 575886168
00010 577211794
00010 578491180
00010 582077982
00010 582426912
00010 585918332
00010 587961676
00010 588908134
00010 589773450
00010 590546790
00010 592893846
00010 593377558
00010 595726482
00010 596524828
00010 597718850
00010 600172506
00010 601755146
00010 603055594
00010 609554800
00010 610411944
00010 615353366
00010 617989174
00010 618725374
00010 622415054
00010 627005150
00010 628228182
00010 628852594
00010 634285752
00010 635029222
00010 636127682
00010 636889252
00010 638484668
00010 642299858
00010 643107030
00010 643825044
00010 644874192
00010 645390456
00010 645726782
00010 648680148
00010 650823670
00010 652290932
00010 653165278
00010 654073068
00010 661562644
00010 666135386
00010 669110276
00010 669301784
00010 671602146
00010 671753826
00010 672611824
00010 674044866
00010 675451016
00010 676485452
00010 676542194
00010 679628894
00010 684202650
00010 684259574
00010 687167714
00010 706436940
00010 707427714
00010 709260496
00010 714389432
00010 714574500
00010 720074560
00010 721115274
00010 722254652
00010 722443604
00010 722742350
00010 723721886
00010 725349760
00010 729418872
00010 730776296
00010 731191974
00010 731493878
00010 732667668
00010 735956634
00010 740519054
00010 741916382
00010 742547252
00010 745833176
00010 749471480
00010 749763526
00010 750222908
00010 752986300
00010 761667364
00010 762039336
00010 762144182
00010 762450704
00010 765880130
00010 766055394
00010 766335822
00010 767077862
00010 770343478
00010 775003266
00010 788694314
00010 790539640
00010 792027338
00010 794003966
00010 795756126
00010 796521912
00010 799220458
00010 805337624
00010 805759442
00010 806110936
00010 810697882
00010 812370748
00010 818673920
00010 818752756
00010 818760492
00010 818974010
00010 819527542
00010 821703244
00010 823091584
00010 823313852
00010 824574096
00010 825532688
00010 832144772
00010 832146668
00010 840205508
00010 842403876
00010 844254620
00010 846208098
00010 849252124
00010 852168612
00010 852746170
00010 855733054
00010 856614876
00010 859319536
00010 862468948
00010 862873356
00010 863620968
00010 865108894
00010 866059880
00010 867176760
00010 867806860
00010 869754434
00010 877352808
00010 877720098
00010 887271316
00010 887815358
00010 890595630
00010 891186850
00010 891292934
00010 892790652
00010 893732212
00010 897401488
00010 897962266
00010 899895430
00010 910908944
00010 912147598
00010 914892552
00010 916624130
00010 916855540
00010 924892302
00010 925653862
00010 926146816
00010 926358710
00010 926445750
00010 926725240
00010 927876150
00010 928281088
00010 928864112
00010 930603826
00010 932841938
00010 932863498
00010 933235120
00010 934731696
00010 935983026
00010 936101204
00010 937786148
00010 940884414
00010 945271762
00010 946575928
00010 950027622
00010 950945042
00010 951071528
00010 951425332
00010 952122052
00010 952895718
00010 959654342
00010 962925266
00010 967007928
00010 967049102
00010 967859900
00010 968599402
00010 972460688
00010 974212018
00010 976132024
00010 978756806
00010 980850242
00010 981793484
00010 983382398
00010 985197518
00010 987317232
00010 987539824
00010 988808218
00010 988913682
00010 996017746
00010 996444800
00010 998107082
00010 998355202
00010 999467490
00010 724818
00010 4258810
00010 4610918
00010 5136044
00010 5323866
00010 11145148
00010 16473500
00010 19651008
00010 22157502
00010 24155240
00010 29942622
00010 29996448
00010 30483506
00010 30759030
00010 31753256
00010 32109676
00010 33223462
00010 33520840
00010 35844682
00010 36007070
00010 36226852
00010 37021548
00010 38561886
00010 43070010
00010 44781930
00010 47996208
00010 48454776
00010 49377560
00010 54870970
00010 61342198
00010 62592244
00010 63425468
00010 66567754
00010 67884232
00010 71413272
00010 71449246
00010 73539690
00010 74251766
00010 76558392
00010 77185270
00010 77345696
00010 78728016
00010 82668102
00010 83765062
00010 86623632
00010 87116938
00010 94109494
00010 96837818
00010 103321030
00010 104396354
00010 105081972
00010 108714150
00010 110984222
00010 111194542
00010 112958416
00010 113580618
00010 114341206
00010 116461144
00010 121327572
00010 123435240
00010 123462846
00010 128101960
00010 129666716
00010 132029444
00010 132212204
00010 136780920
00010 139691558
00010 139865356
00010 140073228
00010 140298052
00010 144827592
00010 147030786
00010 148138778
00010 148330794
00010 149030008
00010 150994972
00010 154394526
00010 155003922
00010 160339562
00010 162147588
00010 169860248
00010 170681050
00010 171395866
00010 175242190
00010 177769190
00010 177905610
00010 178808046
00010 179906392
00010 182025640
00010 184728410
00010 186780584
00010 187542954
00010 193306632
00010 193904872
00010 194786150
00010 195841374
00010 196289208
00010 197179246
00010 198594732
00010 203444838
00010 204913492
00010 205384300
00010 207604048
00010 208342198
00010 209248878
00010 211615776
00010 214550146
00010 215578836
00010 216683472
00010 216932000
00010 227263348
00010 229559364
00010 231159006
00010 235060466
00010 237306706
00010 238412458
00010 240488912
00010 245338182
00010 245866948
00010 246000726
00010 249540484
00010 249649160
00010 251136118
00010 255699690
00010 259311268
00010 259369620
00010 260753196
00010 262529902
00010 264456556
00010 265793624
00010 269073470
00010 269295656
00010 270359542
00010 270947398
00010 271067704
00010 276688828
00010 281265382
00010 281671032
00010 282931542
00010 284288066
00010 285447470
00010 286329242
00010 287284986
00010 292043578
00010 292066550
00010 292250586
00010 293240764
00010 294419322
00010 294648068
00010 296280374
00010 298441416
00010 302880102
00010 324634468
00010 329406302
00010 329755042
00010 334245492
00010 335444532
00010 335880404
00010 338192036
00010 339817882
00010 342731364
00010 343283936
00010 344187314
00010 344959464
00010 346926814
00010 348997422
00010 349635908
00010 356650230
00010 357176970
00010 358169714
00010 360102414
00010 360424572
00010 361480252
00010 367612630
00010 370034312
00010 370198178
00010 372332082
00010 374811060
00010 376783282
00010 384270376
00010 385813552
00010 386285888
00010 390990438
00010 395447532
00010 396788858
00010 397143678
00010 400288230
00010 403466744
00010 411862168
00010 412989206
00010 413158750
00010 413536518
00010 415600252
00010 417123302
00010 417556560
00010 418468794
00010 419559176
00010 422062494
00010 422260222
00010 423509884
00010 425451140
00010 425668000
00010 427340742
00010 429850208
00010 432148818
00010 432718760
00010 433437796
00010 441943070
00010 444274484
00010 444921218
00010 446162760
00010 446167494
00010 448266680
00010 450597104
00010 452167112
00010 454331632
00010 462925430
00010 467560208
00010 469598594
00010 471385252
00010 471811762
00010 475739598
00010 475844766
00010 486791372
00010 487976358
00010 489709428
00010 490060642
00010 492895860
00010 493492192
00010 494342546
00010 495379700
00010 500402396
00010 500834748
00010 503396404
00010 506353944
00010 507244426
00010 507866572
00010 514242386
00010 515783020
00010 519699102
00010 520160912
00010 521426084
00010 522056984
00010 522975886
00010 523739012
00010 524145420
00010 525665474
00010 526826050
00010 526980318
00010 531663646
00010 532757398
00010 534043656
00010 535170040
00010 540401458
00010 540660542
00010 542961538
00010 547366888
00010 548799852
00010 552478442
00010 553605800
00010 555625816
00010 555693070
00010 556374874
00010 557355292
00010 557590108
00010 558999924
00010 559003630
00010 559726512
00010 565511050
00010 566018854
00010 566218096
00010 567511994
00010 571776664
00010 575159416
00010 576258048
00010 581165018
00010 581390764
00010 583399928
00010 584265012
00010 584392890
00010 587570614
00010 590473148
00010 593505460
00010 593599820
00010 595138722
00010 597041396
00010 598789830
00010 601697774
00010 602791634
00010 608687336
00010 609710568
00010 611036048
00010 612293608
00010 612512700
00010 615534834
00010 616160378
00010 616570224
00010 618154870
00010 619084986
00010 622690392
00010 624155450
00010 624649690
00010 625796254
00010 625856962
00010 625933954
00010 627702278
00010 628886716
00010 629037288
00010 631885348
00010 639299866
00010 639804146
00010 640314768
00010 642309506
00010 642665086
00010 644830634
00010 646171962
00010 647453080
00010 648958980
00010 649553978
00010 651746280
00010 651961872
00010 652378738
00010 652667798
00010 656812022
00010 658585776
00010 659022934
00010 662274442
00010 664976448
00010 665823186
00010 667241404
00010 668937656
00010 670780774
00010 671188136
00010 671797922
00010 673803314
00010 673897614
00010 675304770
00010 680196718
00010 683836966
00010 687697698
00010 690087270
00010 690193436
00010 690556526
00010 691146858
00010 691466468
00010 693813856
00010 695829482
00010 700338016
00010 701757218
00010 702656278
00010 706446132
00010 708877778
00010 709547178
00010 711303878
00010 714668662
00010 715655812
00010 716127196
00010 716699688
00010 716764942
00010 720088206
00010 722103440
00010 723533900
00010 728570270
00010 729457578
00010 733504624
00010 733782964
00010 736297944
00010 736764284
00010 737684900
00010 742233486
00010 748154224
00010 758690946
00010 759161846
00010 760420504
00010 760849538
00010 760852210
00010 763466450
00010 766086910
00010 766541372
00010 769341372
00010 770287848
00010 771267894
00010 772125502
00010 775003922
00010 776269528
00010 777854022
00010 780967908
00010 785106490
00010 786671632
00010 787294426
00010 788727702
00010 788790766
00010 792524292
00010 794158690
00010 796315640
00010 796644326
00010 801136318
00010 803306190
00010 804252598
00010 807625762
00010 811064572
00010 813099064
00010 814725566
00010 818992666
00010 819989240
00010 821096964
00010 821900414
00010 824976630
00010 826288104
00010 828010384
00010 828346484
00010 834264522
00010 835358024
00010 836980338
00010 841234200
00010 841235230
00010 845320524
00010 847370750
00010 851790376
00010 852081570
00010 854667658
00010 859736936
00010 862106336
00010 862952332
00010 864516360
00010 866614380
00010 872924218
00010 881063426
00010 886989276
00010 887853324
00010 889175520
00010 894044180
00010 894082408
00010 894276804
00010 895236600
00010 895670810
00010 896490982
00010 896640260
00010 896757196
00010 896994730
00010 900244622
00010 900253392
00010 900740000
00010 901993238
00010 902524124
00010 905439584
00010 908123352
00010 908612078
00010 911149928
00010 914050746
00010 914886554
00010 916255538
00010 917017956
00010 917113074
00010 918252026
00010 918295134
00010 922192852
00010 924687472
00010 924860310
00010 925501048
00010 927772192
00010 927988116
00010 930062960
00010 932761750
00010 935322742
00010 940341598
00010 941587300
00010 941947374
00010 943087854
00010 947377240
00010 951043328
00010 951049552
00010 951417042
00010 953615726
00010 958246600
00010 967075536
00010 968584076
00010 969684530
00010 970618410
00010 971649812
00010 971831014
00010 972307142
00010 972816578
00010 973020612
00010 973054092
00010 978583378
00010 980990404
00010 983616918
00010 985255528
00010 985424786
00010 990077092
00010 992304954
00010 992863314
00010 996043916
00010 997130690
00010 997610314
00010 997673304
00010 998216250
00010 998434194
00010 998978850
00010 5122608
00010 12499678
00010 12636234
00010 13679506
00010 14083434
00010 14119816
00010 17347046
00010 18306158
00010 23901412
00010 24712102
00010 25221498
00010 26167040
00010 27691024
00010 30670048
00010 35158246
00010 37393826
00010 39295854
00010 42042556
00010 45276626
00010 47879160
00010 48185080
00010 49894382
00010 52362970
00010 52840360
00010 52861174
00010 53495856
00010 53509340
00010 53618528
00010 53645022
00010 55613314
00010 55746516
00010 58224900
00010 59494832
00010 60117650
00010 61964092
00010 65213728
00010 65371770
00010 69099346
00010 69561038
00010 70397152
00010 73574524
00010 73942964
00010 75836112
00010 75916674
00010 77158854
00010 78329154
00010 78485568
00010 79868152
00010 79977844
00010 84886298
00010 91695340
00010 92170358
00010 93419594
00010 94375642
00010 95856440
00010 96254840
00010 96620664
00010 96738148
00010 100364214
00010 101984168
00010 103426906
00010 107213564
00010 108868012
00010 112128878
00010 113583346
00010 115118718
00010 116060204
00010 116263138
00010 117700598
00010 119875392
00010 120789342
00010 121023468
00010 123531336
00010 124042060
00010 125313508
00010 128628802
00010 130462076
00010 132810978
00010 133827402
00010 134020146
00010 134813316
00010 136902638
00010 137270294
00010 138529448
00010 141610334
00010 149684694
00010 153276146
00010 154854970
00010 156172256
00010 156687020
00010 157769960
00010 166230412
00010 167931614
00010 169722692
00010 170427618
00010 171666496
00010 171923574
00010 174793590
00010 178208038
00010 186109006
00010 186874790
00010 188871740
00010 190277024
00010 191964806
00010 193052334
00010 196886220
00010 201075078
00010 201346472
00010 201360832
00010 201369962
00010 202126430
00010 203744600
00010 203958126
00010 204094462
00010 205577986
00010 206840962
00010 208035726
00010 209633946
00010 210490116
00010 210596372
00010 212045010
00010 213067040
00010 215578186
00010 216458298
00010 221745870
00010 226384768
00010 229844134
00010 229850528
00010 233022698
00010 236862954
00010 243602388
00010 244554988
00010 244818506
00010 250053134
00010 250577956
00010 251043564
00010 252230832
00010 252282974
00010 253846144
00010 254177580
00010 256984136
00010 258207614
00010 258901958
00010 261309052
00010 261713460
00010 263457732
00010 263483182
00010 264964868
00010 270533372
00010 271930522
00010 272037718
00010 273798748
00010 273896472
00010 274090964
00010 278141180
00010 278612652
00010 279025182
00010 284519824
00010 286699140
00010 287100644
00010 287131334
00010 287530274
00010 289288558
00010 289394490
00010 291284060
00010 291403108
00010 291424886
00010 291738514
00010 294626792
00010 296509894
00010 296880694
00010 298059380
00010 298718310
00010 310402166
00010 312819408
00010 315158142
00010 320151818
00010 320597890
00010 321269882
00010 322695594
00010 325884016
00010 327459908
00010 330011490
00010 332523078
00010 333095004
00010 338100296
00010 338620186
00010 342191452
00010 343022808
00010 346945962
00010 347974324
00010 348286222
00010 348978092
00010 349727156
00010 351536650
00010 355313942
00010 359056506
00010 359159332
00010 362634192
00010 363198722
00010 364375266
00010 366001728
00010 366018330
00010 367350460
00010 370509978
00010 373578184
00010 377060226
00010 383150234
00010 383167218
00010 396162454
00010 398738880
00010 399101858
00010 399826842
00010 403974432
00010 404051602
00010 404182120
00010 405379610
00010 406200638
00010 409826258
00010 411865770
00010 411876544
00010 412359650
00010 414124756
00010 420243206
00010 420407690
00010 423332902
00010 424101478
00010 430115604
00010 432169214
00010 432881494
00010 436109884
00010 436984346
00010 437036324
00010 438387004
00010 438655506
00010 439991960
00010 440336168
00010 441874132
00010 442846380
00010 443005254
00010 445611888
00010 452421082
00010 453649770
00010 454287702
00010 454993028
00010 456125208
00010 457230022
00010 459439772
00010 459996662
00010 463511102
00010 464726984
00010 465653360
00010 471118218
00010 471177470
00010 473642860
00010 477477794
00010 478333570
00010 481403336
00010 483576082
00010 483896058
00010 484891212
00010 488225306
00010 493580796
00010 493901844
00010 494588504
00010 496607426
00010 497856966
00010 498924350
00010 499722476
00010 500852790
00010 501036726
00010 503399322
00010 505431676
00010 505633608
00010 506840538
00010 507109268
00010 508157780
00010 508528220
00010 518166368
00010 518728560
00010 519351510
00010 523094176
00010 524274418
00010 532740636
00010 533025248
00010 537712940
00010 542365226
00010 543828954
00010 546019926
00010 547211640
00010 547540214
00010 550521110
00010 550656656
00010 550969438
00010 553775006
00010 558327252
00010 562265744
00010 564887152
00010 566644574
00010 566876370
00010 567745012
00010 569712574
00010 570799586
00010 571011178
00010 578660426
00010 580670546
00010 583939612
00010 586083750
00010 586089202
00010 587153972
00010 587464238
00010 589415182
00010 591591166
00010 592669618
00010 597156034
00010 597764918
00010 598683420
00010 604757066
00010 605291698
00010 606468066
00010 611744324
00010 613896558
00010 615734066
00010 616407684
00010 620315998
00010 621137360
00010 623903336
00010 624158608
00010 624716984
00010 626823618
00010 627793076
00010 629521476
00010 635875514
00010 636194622
00010 638348732
00010 639515632
00010 641475242
00010 645449846
00010 646697090
00010 647950908
00010 651349420
00010 652915798
00010 653117458
00010 655569118
00010 656815322
00010 656931340
00010 659331392
00010 662600136
00010 666578460
00010 670814776
00010 672965738
00010 673121936
00010 673408092
00010 678435304
00010 679629152
00010 680650310
00010 681661224
00010 684697206
00010 684810890
00010 685915062
00010 686212824
00010 686301732
00010 687167058
00010 688799866
00010 690377444
00010 690399454
00010 692218524
00010 694648558
00010 695827278
00010 697101854
00010 699688702
00010 700514962
00010 701811112
00010 702013008
00010 702110972
00010 704431650
00010 706427418
00010 709859898
00010 711118306
00010 712018088
00010 712219956
00010 717891412
00010 719291722
00010 719547232
00010 720684628
00010 722584670
00010 725305776
00010 728136028
00010 728260486
00010 728645000
00010 731868344
00010 732178258
00010 737406436
00010 740025234
00010 744345952
00010 747889066
00010 750300928
00010 753654530
00010 755246730
00010 758878438
00010 763234588
00010 770857890
00010 771117264
00010 772246010
00010 772380070
00010 776948236
00010 777917352
00010 779806346
00010 782483412
00010 784207456
00010 785629398
00010 790215280
00010 790745934
00010 793689680
00010 797349766
00010 798405134
00010 801376704
00010 804624218
00010 804912194
00010 807148870
00010 809804050
00010 810692178
00010 811032870
00010 814761810
00010 816756522
00010 817986764
00010 820629338
00010 821361098
00010 821602828
00010 822827456
00010 822843676
00010 824823198
00010 825184668
00010 825750820
00010 825781998
00010 830639140
00010 835151328
00010 835158018
00010 835939810
00010 838406964
00010 843540688
00010 844108028
00010 844185516
00010 845990970
00010 847734520
00010 849190836
00010 851290396
00010 852139376
00010 855630116
00010 855653144
00010 855978376
00010 856208896
00010 859996050
00010 861734258
00010 862521198
00010 862522218
00010 864907484
00010 869181976
00010 872828112
00010 874493228
00010 878430044
00010 879159624
00010 879448504
00010 879460428
00010 887262278
00010 887859956
00010 889711376
00010 890900348
00010 891853642
00010 895883522
00010 896611274
00010 897001890
00010 898947382
00010 900280372
00010 900885602
00010 902059328
00010 902175398
00010 904453790
00010 905227766
00010 907617026
00010 909933976
00010 909943034
00010 909944274
00010 913430710
00010 915395976
00010 919467558
00010 920134864
00010 920507240
00010 922941916
00010 926747230
00010 927655054
00010 930017806
00010 933664618
00010 934593596
00010 937211294
00010 938255570
00010 938257666
00010 942060780
00010 942061936
00010 946848076
00010 949487498
00010 949558886
00010 950842044
00010 951445800
00010 954886958
00010 955443254
00010 955755282
00010 961135972
00010 962953048
00010 966025750
00010 967294266
00010 967891936
00010 973657942
00010 973851564
00010 974431708
00010 975010310
00010 976554230
00010 976860672
00010 984247028
00010 984665306
00010 987803030
00010 989297158
00010 990225588
00010 990985504
00010 993030826
00010 994636934
00010 995480852
00010 997941880
