00010 1257560
00010 2247946
00010 5141118
00010 8098784
00010 9238766
00010 10876794
00010 13184350
00010 13686824
00010 18054830
00010 18999424
00010 19201548
00010 19439564
00010 20533694
00010 22528900
00010 24012768
00010 26610498
00010 27467098
00010 29435948
00010 33282944
00010 36696834
00010 40744308
00010 47935374
00010 50282810
00010 54216368
00010 56656380
00010 56936298
00010 57807442
00010 60719336
00010 62190862
00010 63671562
00010 68451600
00010 72146854
00010 73309170
00010 76386162
00010 76863546
00010 77467196
00010 78188402
00010 81099766
00010 86565562
00010 90191984
00010 91996264
00010 92019292
00010 93108322
00010 94651368
00010 95557356
00010 97690894
00010 98928596
00010 99939128
00010 100160878
00010 101651574
00010 104814290
00010 105514916
00010 106790256
00010 107388466
00010 113362970
00010 120606246
00010 125250542
00010 129135596
00010 131786434
00010 133279838
00010 134226074
00010 134346306
00010 134666962
00010 135674640
00010 135837766
00010 138411798
00010 139922948
00010 140894216
00010 141951458
00010 144263982
00010 145772668
00010 146043490
00010 148752168
00010 156756362
00010 163528706
00010 167502384
00010 168369522
00010 170206194
00010 170689136
00010 175016536
00010 176150100
00010 180917158
00010 181173750
00010 182719322
00010 182722884
00010 189984498
00010 200310874
00010 207496526
00010 210108184
00010 211109784
00010 213140168
00010 216369740
00010 218539902
00010 219461802
00010 221714856
00010 224759438
00010 229540432
00010 230278344
00010 232038916
00010 232078610
00010 233565584
00010 237954114
00010 238174300
00010 240565922
00010 242369032
00010 242413086
00010 242870422
00010 243480246
00010 243563550
00010 245009872
00010 245036668
00010 245858698
00010 247217200
00010 247444304
00010 247945270
00010 248245226
00010 251670622
00010 251777258
00010 254464498
00010 254491162
00010 255356562
00010 257902992
00010 263764030
00010 267895002
00010 269750092
00010 274103654
00010 274369642
00010 275287394
00010 275510092
00010 277302590
00010 279972438
00010 280302532
00010 281722324
00010 282266322
00010 283696492
00010 286171856
00010 286906118
00010 287766486
00010 294897044
00010 295723976
00010 296486594
00010 297851250
00010 298730692
00010 299731586
00010 299742338
00010 304558442
00010 306811598
00010 309205300
00010 309416210
00010 309659480
00010 310901438
00010 311096422
00010 318908386
00010 320524326
00010 327307878
00010 328118284
00010 328780504
00010 330020262
00010 331060064
00010 332409624
00010 332519844
00010 333096062
00010 336293796
00010 336619768
00010 339234266
00010 339518980
00010 340660354
00010 344094502
00010 347296874
00010 347741522
00010 348126952
00010 350125012
00010 351953658
00010 352022134
00010 355049126
00010 357695632
00010 358046090
00010 362437000
00010 364052038
00010 364076904
00010 367222070
00010 368889960
00010 370153726
00010 371505602
00010 374292524
00010 374461036
00010 374964006
00010 374977602
00010 376873184
00010 377908998
00010 378753020
00010 378886510
00010 379783534
00010 382507346
00010 384426914
00010 385409480
00010 386731172
00010 386955856
00010 387410620
00010 389442808
00010 395092056
00010 396045458
00010 396692760
00010 401837472
00010 402028046
00010 404841680
00010 406016186
00010 407989836
00010 408924036
00010 412920612
00010 413112892
00010 414182824
00010 416343736
00010 417020968
00010 418658182
00010 423012840
00010 427034430
00010 429927350
00010 439664024
00010 439969956
00010 446806410
00010 448822558
00010 452238088
00010 453586950
00010 459665936
00010 460300854
00010 460788112
00010 462645792
00010 465861006
00010 470818410
00010 473128628
00010 478130380
00010 478355058
00010 478855382
00010 479283620
00010 480613948
00010 481249706
00010 481419778
00010 482312262
00010 484800232
00010 485834844
00010 492389082
00010 493371256
00010 496075876
00010 499431108
00010 504755462
00010 508794676
00010 508967298
00010 510084928
00010 511583658
00010 513758596
00010 514360332
00010 518850666
00010 518924484
00010 524250436
00010 524531238
00010 528011356
00010 529810288
00010 532036700
00010 532744892
00010 534308978
00010 535363506
00010 539968344
00010 544028866
00010 544596756
00010 545091412
00010 548273084
00010 552435184
00010 554078284
00010 554582754
00010 554796958
00010 555060672
00010 558379944
00010 558427270
00010 559794542
00010 561743394
00010 561768760
00010 562260826
00010 562568398
00010 569816608
00010 571755588
00010 572889688
00010 573425102
00010 578279462
00010 583137898
00010 583511074
00010 593460944
00010 594095040
00010 596755892
00010 599403454
00010 602218826
00010 602550504
00010 602920166
00010 603974256
00010 606701976
00010 614827994
00010 614920594
00010 615101660
00010 615349658
00010 616134272
00010 616861880
00010 617121554
00010 618384576
00010 618418516
00010 620756452
00010 623474868
00010 626032668
00010 630359352
00010 631653900
00010 636706390
00010 638023076
00010 640037968
00010 641670164
00010 646389256
00010 650482132
00010 653879166
00010 657451968
00010 663989182
00010 664462998
00010 664476146
00010 668116442
00010 668456498
00010 669054722
00010 669956506
00010 670273290
00010 670938540
00010 673312220
00010 674259426
00010 675898370
00010 678777310
00010 679559154
00010 681178480
00010 684258530
00010 686452252
00010 687567346
00010 688637004
00010 690860976
00010 692149262
00010 699924178
00010 700856066
00010 701251190
00010 710467768
00010 710978384
00010 711470130
00010 713879022
00010 715414240
00010 717799374
00010 720043666
00010 720947136
00010 721980390
00010 724649468
00010 725009242
00010 725905418
00010 729371434
00010 734093310
00010 735032112
00010 739668454
00010 741374136
00010 741501086
00010 745884716
00010 747025356
00010 747454008
00010 748618388
00010 748712622
00010 753139306
00010 757165230
00010 757905434
00010 758617978
00010 759722058
00010 760040262
00010 766796244
00010 769593632
00010 775721268
00010 775803068
00010 776361724
00010 776520826
00010 778803944
00010 780505142
00010 782616074
00010 783197102
00010 783201512
00010 783240920
00010 783713326
00010 785255450
00010 785311734
00010 788057974
00010 788697252
00010 789278388
00010 789521578
00010 790176208
00010 790351890
00010 791200254
00010 797185224
00010 799273500
00010 800070650
00010 803227234
00010 805908874
00010 806540002
00010 810443368
00010 815551408
00010 825697062
00010 826038250
00010 827985320
00010 828107974
00010 828531098
00010 830725808
00010 831567788
00010 831654676
00010 837524626
00010 838096628
00010 839318480
00010 841947154
00010 842177342
00010 845051332
00010 846346438
00010 850674994
00010 854319662
00010 855890740
00010 856732580
00010 856825596
00010 858363542
00010 860830088
00010 861308962
00010 864852466
00010 869833228
00010 871088980
00010 873441646
00010 875185090
00010 875814240
00010 875831008
00010 877417838
00010 877778482
00010 879966912
00010 880195350
00010 882642574
00010 882688876
00010 886171364
00010 889900554
00010 890238846
00010 891943822
00010 892460682
00010 897046720
00010 897089544
00010 897710006
00010 898542204
00010 899833978
00010 903864008
00010 904334796
00010 905770330
00010 913674820
00010 913676240
00010 914446716
00010 917036096
00010 921478630
00010 922802590
00010 922983728
00010 923092060
00010 923174170
00010 925201776
00010 926319810
00010 928643166
00010 928916712
00010 929012708
00010 931040402
00010 931667076
00010 935011948
00010 936971574
00010 937365134
00010 940081868
00010 940247776
00010 941756364
00010 944462188
00010 948696110
00010 952676142
00010 954629932
00010 955043056
00010 955452418
00010 959427220
00010 960246078
00010 964063042
00010 965920048
00010 969055846
00010 970911744
00010 973644418
00010 975078834
00010 979546716
00010 982532306
00010 986920544
00010 986934860
00010 992118006
00010 995898990
00010 999747068
00010 1000035884
00010 3906072
00010 9391366
00010 9729134
00010 14087672
00010 18738544
00010 19394340
00010 24062074
00010 27218094
00010 32407756
00010 32782860
00010 35919196
00010 37116672
00010 37231958
00010 40857446
00010 41876892
00010 42107538
00010 42427888
00010 49927192
00010 49989118
00010 50144102
00010 54096240
00010 56094168
00010 57953206
00010 60393706
00010 63485086
00010 64182362
00010 65651892
00010 65724360
00010 68368718
00010 71048344
00010 72561546
00010 81495524
00010 85667494
00010 87738736
00010 88677828
00010 89176032
00010 91337258
00010 96599978
00010 97872844
00010 98741776
00010 98829224
00010 99206336
00010 99436404
00010 101152114
00010 102086982
00010 102826648
00010 103373642
00010 103771360
00010 110630110
00010 111221318
00010 111671008
00010 113413640
00010 113492470
00010 116927550
00010 120988368
00010 123639068
00010 124962976
00010 128773630
00010 128838730
00010 130211684
00010 134304996
00010 138395746
00010 146130202
00010 147021828
00010 150717240
00010 153130820
00010 158148336
00010 158428546
00010 160574718
00010 162668512
00010 163017630
00010 163702216
00010 165325902
00010 165479864
00010 165855864
00010 167475454
00010 169330766
00010 171792504
00010 176229080
00010 178801042
00010 179683548
00010 180137050
00010 182268576
00010 182410766
00010 183711622
00010 183944146
00010 188795772
00010 189202358
00010 192725520
00010 194811000
00010 196124596
00010 197379946
00010 201833078
00010 201962568
00010 202748962
00010 204263778
00010 206563782
00010 208222264
00010 209043248
00010 211282518
00010 218351848
00010 224579248
00010 224614728
00010 224814128
00010 230873366
00010 232874560
00010 232978928
00010 234162282
00010 235410356
00010 236436052
00010 240042498
00010 242672080
00010 243764218
00010 245743842
00010 246983354
00010 250463392
00010 250619364
00010 253581420
00010 254333086
00010 254371596
00010 257133256
00010 260076766
00010 260097944
00010 260721736
00010 262418666
00010 262500510
00010 265134684
00010 266564618
00010 267997720
00010 274138574
00010 274990364
00010 277180678
00010 281509560
00010 283049696
00010 283065348
00010 283544758
00010 284010892
00010 286668898
00010 287855680
00010 294552126
00010 296100752
00010 304703114
00010 306591512
00010 310680070
00010 313580010
00010 314077478
00010 315509016
00010 318473496
00010 319503910
00010 320854110
00010 321615400
00010 326647738
00010 326875576
00010 328126550
00010 328390464
00010 330842140
00010 330920752
00010 334159530
00010 335249070
00010 336602212
00010 337781728
00010 337811792
00010 339056996
00010 342320468
00010 342513274
00010 343305250
00010 345110928
00010 346231500
00010 347232972
00010 349422098
00010 350269528
00010 351671428
00010 352367298
00010 354997780
00010 360435202
00010 363703586
00010 370595520
00010 373261044
00010 373460550
00010 380896266
00010 382185352
00010 382260962
00010 383006350
00010 393158742
00010 394332628
00010 396348686
00010 397378600
00010 398750646
00010 399299918
00010 400248518
00010 401885066
00010 402902782
00010 408504576
00010 412260822
00010 412830708
00010 414002392
00010 415209296
00010 416859414
00010 417347852
00010 417370382
00010 422290882
00010 427074684
00010 428504674
00010 430025106
00010 430150686
00010 430218536
00010 432378722
00010 435771998
00010 439814108
00010 443685110
00010 444416968
00010 448775054
00010 448882242
00010 448971068
00010 449240758
00010 450856902
00010 457003472
00010 460225326
00010 461087842
00010 461548316
00010 462037280
00010 462163504
00010 462739138
00010 464008496
00010 465183712
00010 467869014
00010 473182736
00010 475390546
00010 482068382
00010 482643628
00010 485043940
00010 486619228
00010 493113558
00010 493972348
00010 494167166
00010 494946080
00010 495274526
00010 495346284
00010 500086836
00010 501043532
00010 501556080
00010 501730894
00010 502443034
00010 509604664
00010 509853228
00010 510758320
00010 516930118
00010 516966796
00010 520925612
00010 524160210
00010 526271942
00010 526319526
00010 528561746
00010 533109668
00010 534129274
00010 537022506
00010 541371450
00010 543792748
00010 547831938
00010 551347256
00010 553180850
00010 554339178
00010 556444642
00010 558198046
00010 561268730
00010 563354676
00010 563782342
00010 565556424
00010 566565940
00010 567292600
00010 572843804
00010 574511480
00010 574618218
00010 575755468
00010 578356482
00010 579628512
00010 579852276
00010 580359402
00010 582304552
00010 584376366
00010 584558428
00010 585777582
00010 586783430
00010 587754814
00010 589672764
00010 591597650
00010 591699560
00010 592018254
00010 592119746
00010 593332238
00010 594487798
00010 594669612
00010 600956830
00010 602217712
00010 602371074
00010 612926856
00010 613949580
00010 614789500
00010 614913240
00010 615976192
00010 618278364
00010 619119592
00010 621609282
00010 622076596
00010 629174344
00010 634575170
00010 637221576
00010 637431892
00010 640316374
00010 641218892
00010 641623564
00010 641625916
00010 645358836
00010 648955490
00010 649815342
00010 650543816
00010 651799532
00010 658629108
00010 659410632
00010 666459926
00010 667229436
00010 667802960
00010 669494234
00010 671475692
00010 673257852
00010 673621266
00010 675073872
00010 677647396
00010 693155838
00010 693632722
00010 697305164
00010 697571322
00010 697726534
00010 699375722
00010 701680508
00010 704569844
00010 710142774
00010 710212976
00010 711157708
00010 716281690
00010 718186072
00010 718956298
00010 719668190
00010 719804336
00010 720005732
00010 720236276
00010 724719308
00010 726151836
00010 726722516
00010 732004310
00010 733226998
00010 733456574
00010 736954840
00010 737525138
00010 739133750
00010 740147880
00010 741603362
00010 742102108
00010 744800404
00010 745298738
00010 749210872
00010 750363040
00010 751419496
00010 752159804
00010 753152310
00010 753278418
00010 757858780
00010 760226400
00010 764095610
00010 764576856
00010 770303026
00010 773106708
00010 773286246
00010 774139554
00010 775316854
00010 776582328
00010 776692290
00010 779970088
00010 781761778
00010 785276872
00010 788111494
00010 790448990
00010 791058108
00010 792002454
00010 793243118
00010 796518958
00010 797773594
00010 801455218
00010 804350224
00010 805381226
00010 805563544
00010 807940436
00010 810347896
00010 810578272
00010 810831162
00010 812318970
00010 814653144
00010 821068950
00010 823093042
00010 824041120
00010 824971058
00010 838380790
00010 839813454
00010 845748932
00010 847596796
00010 854615408
00010 859078658
00010 859447040
00010 862191720
00010 865783568
00010 866092906
00010 866261454
00010 866984182
00010 868334884
00010 874205848
00010 874431564
00010 876229778
00010 878202036
00010 880749384
00010 880843356
00010 880976606
00010 882550244
00010 886230644
00010 886311196
00010 886383460
00010 889797172
00010 891025178
00010 891811422
00010 892266132
00010 894399896
00010 896674382
00010 896799050
00010 897437032
00010 900795656
00010 903247096
00010 904244142
00010 904983106
00010 905772370
00010 907015112
00010 907736174
00010 909529358
00010 909709832
00010 911037040
00010 918114782
00010 919962538
00010 920171126
00010 922196440
00010 928935216
00010 929738720
00010 930882526
00010 934478334
00010 937684800
00010 938721772
00010 941480686
00010 941492728
00010 943600110
00010 943989678
00010 944843344
00010 945610812
00010 949901330
00010 951318742
00010 951326172
00010 951825894
00010 951873240
00010 959368202
00010 959696686
00010 960678244
00010 961522602
00010 963456894
00010 966438436
00010 966738970
00010 970409566
00010 971481022
00010 973661008
00010 973820756
00010 982014250
00010 983074044
00010 989576450
00010 990394318
00010 993192210
00010 993288870
00010 995730208
00010 999112780
00010 1000452572
00010 2867266
00010 4936216
00010 7781148
00010 9718928
00010 10339644
00010 10679910
00010 15635646
00010 22404176
00010 22823232
00010 24183984
00010 25275106
00010 28822120
00010 28853074
00010 29082404
00010 29245806
00010 31595270
00010 32198292
00010 33234030
00010 33952830
00010 34520934
00010 34686126
00010 35544082
00010 39450246
00010 39507144
00010 39722538
00010 39925538
00010 41118654
00010 41385158
00010 42120530
00010 49243982
00010 53188400
00010 54617806
00010 54640670
00010 55729664
00010 56550238
00010 57342776
00010 62072496
00010 63540320
00010 67849874
00010 69887980
00010 70076884
00010 72961092
00010 73157910
00010 74808218
00010 75254364
00010 79154768
00010 79427448
00010 81375334
00010 82719100
00010 82801224
00010 87546428
00010 89814746
00010 89870084
00010 90862980
00010 92182958
00010 94749926
00010 98568856
00010 100746002
00010 101941994
00010 102303794
00010 104705392
00010 105065658
00010 105940644
00010 110828420
00010 111153964
00010 111928506
00010 117304454
00010 117398788
00010 118744810
00010 118753838
00010 120238748
00010 120295280
00010 120741912
00010 121773466
00010 122217650
00010 123604430
00010 124848148
00010 126227956
00010 129419546
00010 130497844
00010 131323730
00010 137694562
00010 138356300
00010 139118720
00010 140800848
00010 141500738
00010 141642730
00010 141943758
00010 148792156
00010 150049326
00010 151098076
00010 151675064
00010 151830404
00010 151852852
00010 156003182
00010 157589462
00010 160011098
00010 161959092
00010 162612308
00010 163537160
00010 167361562
00010 172599448
00010 179549554
00010 182285154
00010 184409614
00010 184428730
00010 186114476
00010 188239102
00010 188979762
00010 189283152
00010 190953314
00010 191806924
00010 195853040
00010 197988828
00010 198087838
00010 200440902
00010 200970906
00010 204386352
00010 207044444
00010 207052172
00010 209178788
00010 209877732
00010 211331884
00010 212040950
00010 214942284
00010 216969094
00010 221038942
00010 221757030
00010 221984554
00010 223720662
00010 226724832
00010 227098426
00010 231410858
00010 232712488
00010 235168430
00010 235887032
00010 238451030
00010 239964182
00010 242309468
00010 247488036
00010 249267102
00010 252974658
00010 253731760
00010 255200710
00010 255852132
00010 262339800
00010 267619934
00010 269012204
00010 269215902
00010 271630412
00010 273980542
00010 275601858
00010 277107704
00010 278875352
00010 280647688
00010 282846936
00010 284739110
00010 285917218
00010 287080560
00010 288124066
00010 290936858
00010 295263360
00010 296175044
00010 297727782
00010 297749218
00010 297756522
00010 302931384
00010 304402730
00010 304435674
00010 305893742
00010 308068182
00010 312853954
00010 313787618
00010 317374330
00010 318559246
00010 318662662
00010 319522062
00010 327746366
00010 331698518
00010 331839684
00010 331841358
00010 335291108
00010 336638210
00010 339677596
00010 341610376
00010 341876306
00010 342429670
00010 342431452
00010 344022194
00010 346542030
00010 347181400
00010 347617074
00010 354285152
00010 355641574
00010 356473792
00010 357573206
00010 360039522
00010 363526054
00010 368134978
00010 371550654
00010 372203462
00010 372305306
00010 372649000
00010 372966726
00010 378967910
00010 381655500
00010 383038648
00010 384294748
00010 384560508
00010 384867806
00010 389746046
00010 391190094
00010 392190100
00010 395046008
00010 395444858
00010 396135654
00010 401803534
00010 402369460
00010 407233898
00010 421834392
00010 422211342
00010 424388612
00010 425232084
00010 427529412
00010 427652118
00010 430916394
00010 432134708
00010 433412532
00010 437752870
00010 440354554
00010 441376270
00010 444251560
00010 444937346
00010 447903990
00010 450161126
00010 452959342
00010 453250868
00010 453617004
00010 454825214
00010 457451116
00010 458554406
00010 458631276
00010 463932770
00010 465630324
00010 466135436
00010 471919018
00010 472815448
00010 474516782
00010 482418082
00010 487658940
00010 487884506
00010 491358366
00010 494701240
00010 495504932
00010 496034790
00010 497399604
00010 498131594
00010 501594904
00010 503556234
00010 503708390
00010 506137872
00010 506382522
00010 507184090
00010 507793720
00010 510940248
00010 512027706
00010 512031278
00010 514399530
00010 516908660
00010 517468270
00010 523243640
00010 523557746
00010 526198912
00010 530088934
00010 530445866
00010 531206750
00010 531777046
00010 532063328
00010 533366084
00010 534536532
00010 537553528
00010 537835716
00010 541860094
00010 544588368
00010 544631426
00010 552419976
00010 559648586
00010 564991140
00010 567043434
00010 570879950
00010 570956532
00010 572242162
00010 572476582
00010 573797732
00010 574857140
00010 575342996
00010 575945164
00010 577557508
00010 581679196
00010 586955702
00010 588555662
00010 588564198
00010 589110550
00010 591272440
00010 594725518
00010 595407350
00010 596034276
00010 597545278
00010 600196190
00010 600435228
00010 603641036
00010 604182758
00010 610936156
00010 611216514
00010 615120480
00010 616192356
00010 620798158
00010 621687434
00010 622515388
00010 625006156
00010 629078206
00010 629217502
00010 629737400
00010 630598664
00010 631557772
00010 632287204
00010 634835840
00010 636112164
00010 637731500
00010 637809036
00010 640164334
00010 640647302
00010 642391948
00010 645282558
00010 646173598
00010 646436264
00010 648935782
00010 652342386
00010 655422278
00010 657125874
00010 668689638
00010 673901828
00010 676094176
00010 677606286
00010 677844646
00010 684113062
00010 687940334
00010 687941506
00010 692158886
00010 698682684
00010 700154378
00010 700201944
00010 709040492
00010 716128176
00010 721157406
00010 724061294
00010 726239834
00010 728036686
00010 728767914
00010 729965310
00010 734590164
00010 737086244
00010 737213570
00010 737266592
00010 737434200
00010 738176870
00010 738721460
00010 749072562
00010 756358484
00010 756514168
00010 757768240
00010 757877156
00010 762501708
00010 766673484
00010 771751188
00010 771781112
00010 772184940
00010 780355604
00010 783361332
00010 786104700
00010 786540426
00010 786928806
00010 791875692
00010 792042672
00010 792080656
00010 795913262
00010 796943178
00010 800108592
00010 800332332
00010 800857086
00010 802640564
00010 802691490
00010 803358282
00010 807137520
00010 807440652
00010 809820556
00010 810599746
00010 811903990
00010 812807792
00010 816347914
00010 820718042
00010 821627650
00010 822062008
00010 822818614
00010 828748240
00010 828874480
00010 831253334
00010 833026516
00010 834705510
00010 835862432
00010 837130850
00010 837420082
00010 838326042
00010 840725488
00010 841379878
00010 844588532
00010 844592682
00010 851014832
00010 854621174
00010 854842648
00010 855177108
00010 857630772
00010 857647034
00010 858694752
00010 859448242
00010 859553152
00010 860899460
00010 867549718
00010 870446242
00010 876281858
00010 876453446
00010 891179446
00010 892749990
00010 894136624
00010 894839692
00010 894862478
00010 896532604
00010 898130580
00010 901560204
00010 902291372
00010 905339542
00010 906653706
00010 906875088
00010 907485906
00010 907989608
00010 913988582
00010 914937904
00010 916252746
00010 920674764
00010 922742110
00010 923241392
00010 924423240
00010 927022914
00010 927235282
00010 929817760
00010 930956468
00010 932476778
00010 937214198
00010 937415554
00010 940289134
00010 941235908
00010 941630620
00010 944928302
00010 947348274
00010 949985440
00010 950207602
00010 950361956
00010 951357338
00010 952511006
00010 953711960
00010 957401610
00010 957605712
00010 959186226
00010 960032192
00010 964455704
00010 965825606
00010 966955476
00010 967290876
00010 970112268
00010 973555468
00010 975039574
00010 976139344
00010 977619890
00010 977834456
00010 979982012
00010 981477582
00010 983101492
00010 986586686
00010 991830502
00010 991906426
00010 995397694
00010 996189722
00010 996443720
00010 998583312
00010 998864038
00010 687116
00010 5193476
00010 6721594
00010 7763608
00010 14259734
00010 16686018
00010 17321592
00010 20787462
00010 23124108
00010 24308516
00010 27948678
00010 28052518
00010 31357088
00010 33952560
00010 35394668
00010 37208726
00010 40667158
00010 42085640
00010 42337924
00010 45931318
00010 46571862
00010 47947480
00010 48105328
00010 49078600
00010 52149862
00010 53959882
00010 54033520
00010 54040240
00010 54098896
00010 54122286
00010 55022752
00010 55699346
00010 56348430
00010 58478692
00010 62229798
00010 65691804
00010 67722514
00010 67939346
00010 68405956
00010 68469998
00010 72796690
00010 73046794
00010 73691708
00010 74675222
00010 74750314
00010 76260738
00010 76325290
00010 78742090
00010 82003480
00010 84475760
00010 85057636
00010 87808460
00010 89785280
00010 91222696
00010 96061584
00010 97503552
00010 98460620
00010 102202470
00010 103725574
00010 108921816
00010 110579272
00010 113155248
00010 114509444
00010 116025864
00010 116665282
00010 117123120
00010 117125676
00010 117724142
00010 118124176
00010 125338660
00010 127963054
00010 128149334
00010 133150284
00010 133210506
00010 136417232
00010 138611136
00010 140006918
00010 141559746
00010 142546362
00010 143022704
00010 143842328
00010 146920812
00010 150867438
00010 152486142
00010 155074362
00010 156173680
00010 158899354
00010 159142000
00010 161939860
00010 165463864
00010 166974226
00010 167152370
00010 173256400
00010 175981174
00010 176173790
00010 182799304
00010 183736100
00010 183960664
00010 184504904
00010 188543316
00010 191218100
00010 192080890
00010 192249854
00010 193663858
00010 194183380
00010 199216404
00010 199389190
00010 203591288
00010 204051928
00010 205807770
00010 207185544
00010 207407612
00010 210047568
00010 211663918
00010 211666710
00010 212378048
00010 213811236
00010 215910342
00010 216833812
00010 220506758
00010 220582910
00010 222634618
00010 222682510
00010 227864858
00010 230333412
00010 232658912
00010 235191228
00010 242527674
00010 242725784
00010 243593560
00010 244043494
00010 245545792
00010 246218356
00010 251271554
00010 252100372
00010 254288596
00010 256600474
00010 258279348
00010 262493896
00010 267591066
00010 269772222
00010 270447516
00010 270478644
00010 273483898
00010 274472200
00010 276525814
00010 276600834
00010 276731024
00010 277228672
00010 278005706
00010 279007558
00010 280533474
00010 281675868
00010 282255566
00010 284454672
00010 284600512
00010 284826016
00010 286875350
00010 289319886
00010 289537132
00010 300060800
00010 300624928
00010 303208962
00010 306016900
00010 308989602
00010 309231268
00010 312200192
00010 313125170
00010 314727630
00010 315658664
00010 315764314
00010 315815664
00010 315955764
00010 318118038
00010 320294418
00010 324121610
00010 326488160
00010 327836584
00010 328293582
00010 329068664
00010 331735556
00010 335044934
00010 341184364
00010 345603360
00010 347932892
00010 350052144
00010 351364894
00010 352549634
00010 365433446
00010 366440212
00010 367496654
00010 369468252
00010 370600886
00010 371294066
00010 373109976
00010 373860826
00010 378594178
00010 380153824
00010 381695544
00010 382741482
00010 385714530
00010 386302676
00010 391298348
00010 394068654
00010 397092486
00010 397101820
00010 399261766
00010 403922530
00010 404702794
00010 409077074
00010 412171338
00010 415999528
00010 416107912
00010 417695478
00010 423735510
00010 424354404
00010 427462460
00010 430513030
00010 433833560
00010 435186864
00010 435514074
00010 441100048
00010 442614184
00010 446171178
00010 446449012
00010 447362582
00010 451913920
00010 460114800
00010 460769660
00010 462579248
00010 464281528
00010 464617124
00010 467647992
00010 467742598
00010 468641120
00010 468750234
00010 470625022
00010 471143200
00010 472861954
00010 475607642
00010 476662104
00010 478752694
00010 480523340
00010 480726394
00010 480765664
00010 481451766
00010 483057334
00010 486996570
00010 491450372
00010 497523830
00010 498274334
00010 498696012
00010 499966132
00010 501602260
00010 503393586
00010 507390912
00010 508754416
00010 509603092
00010 509604474
00010 512950830
00010 515430110
00010 522964786
00010 524038264
00010 526450500
00010 528241622
00010 533047882
00010 533627728
00010 534192342
00010 535672890
00010 535985528
00010 537656824
00010 542398282
00010 545311054
00010 556673032
00010 561638058
00010 562274968
00010 562866242
00010 570588642
00010 574225934
00010 576097538
00010 580415450
00010 582429904
00010 583360534
00010 585272066
00010 586524302
00010 590914744
00010 592945862
00010 594975216
00010 596619298
00010 599977806
00010 603985172
00010 605662198
00010 606725106
00010 611564548
00010 613240128
00010 616073654
00010 616686750
00010 618863132
00010 621554326
00010 622092090
00010 622923248
00010 628365502
00010 628426882
00010 628759802
00010 630172848
00010 631017310
00010 632481730
00010 632796500
00010 632955456
00010 633976200
00010 634416480
00010 634421434
00010 637985696
00010 638386492
00010 642102264
00010 643620016
00010 644113078
00010 647910168
00010 649274034
00010 651335592
00010 653694966
00010 655590406
00010 655661278
00010 655668226
00010 663491896
00010 664137022
00010 665064822
00010 668287824
00010 668538142
00010 669250074
00010 669965286
00010 672103248
00010 672166804
00010 672485844
00010 673731962
00010 674688952
00010 674900724
00010 675099158
00010 676601080
00010 677213476
00010 678934714
00010 681403332
00010 685317598
00010 686376602
00010 686654808
00010 687099396
00010 689671494
00010 690131324
00010 691377972
00010 695373004
00010 695517026
00010 696109082
00010 700729264
00010 705243366
00010 707822428
00010 710678402
00010 710933428
00010 713674370
00010 715855218
00010 715966820
00010 716749594
00010 718511670
00010 718590872
00010 722762198
00010 724840872
00010 725659682
00010 737936834
00010 739327560
00010 740708334
00010 743339136
00010 746841892
00010 747043394
00010 749609108
00010 750626724
00010 752561072
00010 753183818
00010 757921920
00010 760328752
00010 763277922
00010 764458606
00010 766591946
00010 768322968
00010 769031112
00010 771420330
00010 771901910
00010 772803130
00010 772863430
00010 774545750
00010 779749180
00010 783016396
00010 783815082
00010 784217720
00010 784327270
00010 788364894
00010 793632260
00010 798745916
00010 801294208
00010 802874124
00010 803160398
00010 803218020
00010 803235754
00010 804316452
00010 808961054
00010 809051260
00010 811783500
00010 814282130
00010 814327246
00010 814526742
00010 815633924
00010 817524490
00010 819525280
00010 820306386
00010 821163898
00010 824156214
00010 828642666
00010 830827680
00010 831696444
00010 834290180
00010 834408526
00010 836072652
00010 842571206
00010 848151770
00010 852799966
00010 853890004
00010 856610146
00010 859594258
00010 860375378
00010 865564240
00010 866058534
00010 868018816
00010 868502804
00010 870030958
00010 874183768
00010 876651514
00010 877727162
00010 877882776
00010 879486342
00010 880911050
00010 881940632
00010 886997690
00010 889411414
00010 890609428
00010 893632726
00010 896569594
00010 897393240
00010 897863046
00010 898906962
00010 899964434
00010 901321392
00010 904027416
00010 907306724
00010 908104254
00010 909868810
00010 915868244
00010 916286478
00010 916953908
00010 924274948
00010 925146220
00010 926343436
00010 928809250
00010 929307584
00010 929742766
00010 931146092
00010 933143720
00010 934726928
00010 935425254
00010 940334390
00010 941435320
00010 941564366
00010 943561528
00010 944454208
00010 945425876
00010 945432566
00010 947493920
00010 948063276
00010 949452188
00010 950049236
00010 951138740
00010 951194358
00010 951195922
00010 955052186
00010 956746816
00010 957657282
00010 958347356
00010 958764848
00010 960369616
00010 963537400
00010 963859620
00010 966900636
00010 969272776
00010 971455990
00010 973458818
00010 974047808
00010 974125078
00010 976659576
00010 976669104
00010 976929338
00010 977816802
00010 980549048
00010 981007634
00010 984878090
00010 986774158
00010 994635230
00010 997839130
00010 998421624
00010 2554048
00010 4753112
00010 8605298
00010 9774806
00010 16204908
00010 18050746
00010 20091978
00010 21583602
00010 22024868
00010 22959056
00010 23811786
00010 24028468
00010 25721294
00010 29288688
00010 29597126
00010 29791592
00010 29808946
00010 31879556
00010 32985818
00010 33578746
00010 34130164
00010 35431084
00010 35463804
00010 35881094
00010 37204310
00010 38365208
00010 38950762
00010 39951206
00010 41723856
00010 48115026
00010 49119660
00010 52980276
00010 57945220
00010 59987594
00010 65038394
00010 68027584
00010 70027560
00010 70551758
00010 72449994
00010 73794850
00010 74744144
00010 74787068
00010 76468198
00010 78761542
00010 79120932
00010 80136746
00010 80803820
00010 82326750
00010 83244824
00010 85963670
00010 86965330
00010 89399828
00010 90094150
00010 90325706
00010 97073660
00010 99771752
00010 102140832
00010 102642470
00010 102810696
00010 103938590
00010 103982966
00010 107058386
00010 107304988
00010 108709144
00010 108742110
00010 112263582
00010 113109218
00010 115092210
00010 117643544
00010 118395272
00010 118705492
00010 119890536
00010 120466986
00010 120726066
00010 122516982
00010 123302962
00010 127564542
00010 127665992
00010 128426236
00010 131637750
00010 132074676
00010 132425858
00010 132926282
00010 135226564
00010 137222188
00010 140583360
00010 141455476
00010 142480270
00010 142785566
00010 146463668
00010 147932038
00010 152557592
00010 153426002
00010 153952846
00010 162700860
00010 170878834
00010 171553202
00010 174288952
00010 174769404
00010 178957780
00010 180103686
00010 183447404
00010 188079948
00010 189745970
00010 194221184
00010 195128872
00010 195259520
00010 198184546
00010 198624938
00010 202303068
00010 202403364
00010 202492428
00010 202535336
00010 202646318
00010 203509506
00010 204049376
00010 205460094
00010 206111392
00010 208270534
00010 208452704
00010 211563648
00010 211788878
00010 216216616
00010 216294646
00010 221825260
00010 223623932
00010 224301432
00010 224330830
00010 228019596
00010 231552540
00010 234059120
00010 234522498
00010 235745284
00010 236367862
00010 237211760
00010 237671792
00010 240915150
00010 242503268
00010 245768716
00010 249299310
00010 249996018
00010 251091228
00010 252474742
00010 254373282
00010 257182780
00010 259640758
00010 260494784
00010 260507772
00010 265450144
00010 266833786
00010 267401346
00010 268765964
00010 275447538
00010 275885100
00010 276064288
00010 278870826
00010 279007190
00010 279303960
00010 282156770
00010 282462738
00010 283864606
00010 283954246
00010 286025956
00010 286055714
00010 287365492
00010 288192438
00010 291707754
00010 292359462
00010 292465344
00010 294531230
00010 296438814
00010 296927884
00010 301836690
00010 301912542
00010 302665404
00010 304580810
00010 305741398
00010 306281278
00010 306718522
00010 307271666
00010 309102134
00010 313266584
00010 314827852
00010 315629428
00010 315694088
00010 320584018
00010 320810746
00010 324037314
00010 327159710
00010 328900518
00010 329262290
00010 332668320
00010 335487898
00010 336643240
00010 337042994
00010 338267984
00010 343157932
00010 344208210
00010 346516788
00010 347699986
00010 348464308
00010 348740456
00010 348937244
00010 351435682
00010 352879328
00010 353177068
00010 353341624
00010 355355116
00010 358415114
00010 360629298
00010 363373440
00010 364438322
00010 365152218
00010 367258716
00010 367724632
00010 367747448
00010 368398678
00010 370771058
00010 373719454
00010 377633868
00010 377867242
00010 378005608
00010 378454990
00010 379643862
00010 380547206
00010 384013588
00010 385426868
00010 385772422
00010 385843230
00010 386513738
00010 389334578
00010 390086836
00010 394505470
00010 395457620
00010 395582930
00010 396697560
00010 396741090
00010 397399034
00010 400709538
00010 402966004
00010 403395162
00010 405522414
00010 407586174
00010 408251468
00010 413120226
00010 413422250
00010 414479580
00010 419287752
00010 419568940
00010 420856310
00010 423789136
00010 424306368
00010 426978224
00010 428531984
00010 432450626
00010 436640574
00010 437998046
00010 440111664
00010 440454106
00010 441139184
00010 441680366
00010 442745778
00010 443572324
00010 445584104
00010 446346218
00010 450207750
00010 452917350
00010 453070442
00010 453246126
00010 457276148
00010 459127784
00010 462884384
00010 464105334
00010 467982480
00010 470693940
00010 470905574
00010 471845140
00010 475492528
00010 482089680
00010 484689330
00010 486075686
00010 486207454
00010 486237346
00010 486242446
00010 486759090
00010 487583636
00010 487689048
00010 491492584
00010 494228516
00010 494599592
00010 494774504
00010 498051274
00010 501662958
00010 503005070
00010 504124184
00010 506973722
00010 512709922
00010 514585772
00010 515326328
00010 517998744
00010 519780366
00010 520699410
00010 520826690
00010 523141574
00010 523492670
00010 526343292
00010 527758780
00010 531185832
00010 531482604
00010 533225930
00010 534582210
00010 537457194
00010 537554752
00010 539546132
00010 542644786
00010 547700216
00010 549372758
00010 549445816
00010 549814292
00010 550971150
00010 559221054
00010 559299574
00010 565020390
00010 565352462
00010 566161606
00010 566596228
00010 566994794
00010 580037474
00010 580099960
00010 580649892
00010 580848060
00010 581074918
00010 581583380
00010 582377272
00010 583112218
00010 583521456
00010 584195022
00010 587166068
00010 587751990
00010 588685100
00010 593760108
00010 595146146
00010 596817304
00010 598021358
00010 599820348
00010 600933772
00010 603204584
00010 607147376
00010 607657546
00010 607867412
00010 608034114
00010 608819342
00010 610457254
00010 613769542
00010 615871604
00010 618512710
00010 618668668
00010 621175704
00010 625000464
00010 627997994
00010 630152300
00010 635478918
00010 636202076
00010 637562814
00010 638007922
00010 638739340
00010 641343352
00010 641397134
00010 641544532
00010 642386974
00010 643130832
00010 650376530
00010 652527904
00010 655918866
00010 657842746
00010 657846520
00010 660737648
00010 660860368
00010 661677946
00010 662385884
00010 663495484
00010 665708852
00010 667134284
00010 669493432
00010 671085684
00010 671628896
00010 672553090
00010 673571756
00010 673584958
00010 674425858
00010 676337320
00010 677340238
00010 682558550
00010 687295878
00010 689268494
00010 689738950
00010 690716058
00010 691874644
00010 691961410
00010 697433360
00010 700139340
00010 702785412
00010 703395430
00010 705963926
00010 706011512
00010 707770532
00010 708234452
00010 708978880
00010 709778286
00010 711743044
00010 716401276
00010 717077812
00010 718637584
00010 719695374
00010 723006396
00010 723227984
00010 723878814
00010 724390294
00010 725166230
00010 729498758
00010 729927470
00010 732256048
00010 732374034
00010 732578194
00010 733744666
00010 734976900
00010 736038370
00010 739431700
00010 742406176
00010 745529088
00010 746074328
00010 750489232
00010 752709726
00010 755453738
00010 757139352
00010 757179642
00010 761754452
00010 762391948
00010 762849496
00010 770371816
00010 771354664
00010 772922770
00010 777651704
00010 781284140
00010 781749126
00010 782641894
00010 790187618
00010 791115924
00010 796914750
00010 797606156
00010 801220258
00010 801607842
00010 802915350
00010 804451350
00010 807849124
00010 809892948
00010 816268674
00010 817685624
00010 819192598
00010 822801862
00010 822815062
00010 823309160
00010 824991350
00010 827085772
00010 829076514
00010 836174940
00010 838102602
00010 841414416
00010 843581596
00010 844684602
00010 845617502
00010 846017108
00010 848382670
00010 853227944
00010 853487884
00010 853509002
00010 855113466
00010 856090812
00010 859040236
00010 859704424
00010 860006706
00010 861762228
00010 862276754
00010 867027848
00010 868732600
00010 870332538
00010 880856942
00010 881691388
00010 884935108
00010 886356004
00010 888910704
00010 891741264
00010 892185800
00010 900443394
00010 904088116
00010 904302882
00010 904321982
00010 908469606
00010 909600050
00010 913696148
00010 914898018
00010 915706624
00010 916562834
00010 918819484
00010 919430670
00010 922674642
00010 923155126
00010 923216918
00010 926139546
00010 928339560
00010 929895478
00010 938198884
00010 938746490
00010 941691006
00010 943516756
00010 945890568
00010 946448366
00010 947281868
00010 949227254
00010 951290316
00010 955435270
00010 957016900
00010 958360592
00010 959216306
00010 961272816
00010 962411770
00010 963386194
00010 970738494
00010 971256232
00010 979719922
00010 980956286
00010 986110224
00010 988019096
00010 988889024
00010 989652362
00010 990897080
00010 990962472
00010 992819502
00010 993046578
00010 1517758
00010 2899922
00010 3088128
00010 5306908
00010 6170508
00010 8104478
00010 8797528
00010 16687022
00010 18857948
00010 20366570
00010 22332360
00010 23726536
00010 24721756
00010 24848272
00010 25587194
00010 26782076
00010 27071664
00010 31096746
00010 31820010
00010 37478116
00010 37599090
00010 37986646
00010 40275780
00010 43132222
00010 43744390
00010 46802328
00010 50313276
00010 51667420
00010 52992720
00010 54398738
00010 55119424
00010 56857400
00010 59138056
00010 60415276
00010 60422722
00010 64874224
00010 69100682
00010 69542468
00010 69912726
00010 73244908
00010 77604010
00010 80530754
00010 80764088
00010 84530254
00010 87785614
00010 87984548
00010 90127322
00010 91022522
00010 92888820
00010 94981834
00010 98437386
00010 100952268
00010 101419566
00010 102689478
00010 102690638
00010 103214990
00010 104525048
00010 106765628
00010 108323366
00010 108820978
00010 112443938
00010 114448166
00010 114929170
00010 119841094
00010 121190430
00010 122012700
00010 127683686
00010 131600788
00010 132393334
00010 140091858
00010 145467492
00010 146358060
00010 148098120
00010 154758446
00010 157563300
00010 159056196
00010 159840346
00010 159841558
00010 160049644
00010 160570766
00010 161175836
00010 161423582
00010 162144448
00010 167366220
00010 167661830
00010 170250928
00010 172702794
00010 173627388
00010 184763808
00010 185768500
00010 188015530
00010 190001812
00010 194986282
00010 197148914
00010 197623486
00010 200261272
00010 204603062
00010 204736504
00010 208613312
00010 209563672
00010 210893774
00010 212778028
00010 213226604
00010 216802640
00010 217092110
00010 217794350
00010 218496358
00010 223037660
00010 224193854
00010 226810480
00010 227488072
00010 232260182
00010 234591792
00010 235374686
00010 235454540
00010 236045464
00010 238913994
00010 239756454
00010 248772424
00010 255642016
00010 255858102
00010 263206316
00010 265363486
00010 268230830
00010 268478892
00010 268791670
00010 271732352
00010 274893460
00010 274952174
00010 275326618
00010 276726278
00010 278610650
00010 279274880
00010 283621568
00010 283768476
00010 284432748
00010 284910668
00010 289393306
00010 291534468
00010 292378382
00010 292929324
00010 297303886
00010 302535380
00010 304032268
00010 306862960
00010 317118212
00010 320906594
00010 322023128
00010 323686924
00010 328183088
00010 329625034
00010 331027366
00010 335974236
00010 338629140
00010 338719228
00010 348730456
00010 348786740
00010 350555102
00010 354995512
00010 355821744
00010 356158104
00010 357102670
00010 357559902
00010 358413620
00010 359063274
00010 361436774
00010 361504266
00010 363359756
00010 364935020
00010 365947036
00010 367082254
00010 367138836
00010 369557534
00010 372240018
00010 373358322
00010 374093842
00010 376096432
00010 376463426
00010 376991196
00010 377953368
00010 378359374
00010 384370822
00010 384639976
00010 388087168
00010 390452402
00010 395333036
00010 397224120
00010 397495550
00010 401875290
00010 402738038
00010 410089248
00010 411485842
00010 415847090
00010 416474862
00010 417822974
00010 421372730
00010 422106870
00010 424813978
00010 427410708
00010 427874292
00010 429669462
00010 430363588
00010 433853730
00010 435070694
00010 435360426
00010 440512398
00010 441704246
00010 444307312
00010 445014698
00010 445891338
00010 448014676
00010 449783196
00010 458589246
00010 458898522
00010 460638684
00010 461256726
00010 465674574
00010 467870250
00010 469339316
00010 471985670
00010 473115392
00010 476177566
00010 479765946
00010 480600430
00010 481216084
00010 482130304
00010 482855772
00010 484052122
00010 487756506
00010 488142830
00010 491608116
00010 493295976
00010 493638092
00010 494252376
00010 495085396
00010 495479652
00010 497642146
00010 498009422
00010 502560084
00010 503601104
00010 507030754
00010 507437628
00010 508377484
00010 509065236
00010 512448980
00010 512841636
00010 513964834
00010 517620972
00010 520374124
00010 520384692
00010 522937796
00010 525305034
00010 525579838
00010 526802636
00010 526833430
00010 526887160
00010 527020710
00010 528141822
00010 530089758
00010 532853012
00010 533468086
00010 535284226
00010 535290438
00010 535640532
00010 537725024
00010 540241812
00010 540483350
00010 541039538
00010 547382822
00010 552743292
00010 553140704
00010 554612212
00010 555526476
00010 556156760
00010 560518434
00010 564259900
00010 565254114
00010 566182376
00010 566587194
00010 570980506
00010 571982842
00010 572036188
00010 572698280
00010 575327266
00010 584089496
00010 585978252
00010 587700430
00010 589658676
00010 592082208
00010 596168332
00010 596780836
00010 596885266
00010 597332326
00010 597532674
00010 598780788
00010 603138042
00010 604824960
00010 605141480
00010 607341048
00010 610171290
00010 613832208
00010 615557486
00010 617740952
00010 618327968
00010 618467620
00010 623385752
00010 623425164
00010 623605158
00010 625991436
00010 627054980
00010 632297268
00010 634047542
00010 652941544
00010 655607736
00010 656445470
00010 666119966
00010 669933724
00010 675112868
00010 678727566
00010 681809052
00010 684003896
00010 684406358
00010 684904330
00010 686184020
00010 686848384
00010 692736438
00010 693168472
00010 698493624
00010 699924218
00010 703129520
00010 705737992
00010 706750882
00010 707505716
00010 707560304
00010 708104322
00010 708840100
00010 709670550
00010 713160060
00010 717458976
00010 718431482
00010 720006594
00010 720271726
00010 721699020
00010 725312746
00010 725327326
00010 726304840
00010 729726316
00010 731006018
00010 731319404
00010 731641890
00010 732221418
00010 733740400
00010 738145630
00010 740866164
00010 740976860
00010 742737984
00010 742886216
00010 743077612
00010 743921986
00010 746454084
00010 746645018
00010 747474910
00010 748293198
00010 750467010
00010 752377486
00010 752581342
00010 756512004
00010 756744664
00010 757488490
00010 759447010
00010 760389468
00010 761744862
00010 766880974
00010 772964184
00010 774810846
00010 776524350
00010 776692006
00010 779480774
00010 781891748
00010 785114822
00010 789575298
00010 792418446
00010 793847224
00010 794529224
00010 798901068
00010 801938060
00010 807237730
00010 807928560
00010 808165042
00010 809001668
00010 809714172
00010 811412976
00010 812101676
00010 812469378
00010 817788560
00010 819555818
00010 821661200
00010 825019272
00010 826098252
00010 826347652
00010 830697406
00010 831101188
00010 831301892
00010 836075588
00010 842943962
00010 844677978
00010 844879860
00010 846441218
00010 846815300
00010 847171654
00010 850624404
00010 853073838
00010 861940014
00010 866185856
00010 866643960
00010 866905132
00010 879277784
00010 880503080
00010 883954496
00010 884405084
00010 885310042
00010 886449228
00010 892676008
00010 892717768
00010 894182856
00010 895313048
00010 895727670
00010 896054526
00010 896117328
00010 899097762
00010 899655468
00010 900143290
00010 900747786
00010 902436360
00010 906932708
00010 913626090
00010 920377492
00010 923887024
00010 928995584
00010 931496188
00010 931593300
00010 934326522
00010 934501014
00010 935711230
00010 936112756
00010 938708734
00010 941307078
00010 942045098
00010 943049076
00010 946068016
00010 952540112
00010 952559000
00010 952980956
00010 953001512
00010 957387942
00010 962082228
00010 962369972
00010 963262458
00010 966349690
00010 968875018
00010 970351412
00010 974117112
00010 976221388
00010 977986764
00010 978779740
00010 979368698
00010 980106136
00010 980348256
00010 982061978
00010 983227542
00010 983869574
00010 984576506
00010 985901884
00010 987081762
00010 988337386
00010 992725580
00010 993907100
00010 994235900
00010 996517048
00010 999827854
00010 2795644
00010 3824048
00010 7216902
00010 9873226
00010 12980328
00010 23961648
00010 24648494
00010 25805622
00010 28792824
00010 33941490
00010 35271400
00010 38538516
00010 40340910
00010 42539352
00010 44261498
00010 45558424
00010 51823796
00010 54029018
00010 55241506
00010 55710268
00010 58002792
00010 61111458
00010 61814770
00010 67712118
00010 69550558
00010 72121738
00010 72236054
00010 73469180
00010 73996458
00010 75724960
00010 77524146
00010 79495938
00010 80258012
00010 81025318
00010 81803112
00010 84998100
00010 87844758
00010 88733152
00010 89187046
00010 91991194
00010 98643752
00010 100349838
00010 103792660
00010 111915644
00010 112299022
00010 112404508
00010 113743936
00010 115167218
00010 116559898
00010 121820520
00010 122829048
00010 123656776
00010 124798922
00010 129256844
00010 132798970
00010 137701252
00010 138374776
00010 147251178
00010 148744000
00010 149400946
00010 150314502
00010 150373344
00010 153012296
00010 153040738
00010 153243582
00010 153586514
00010 154513722
00010 155882600
00010 156937966
00010 157141312
00010 161293326
00010 161804446
00010 163442850
00010 165404330
00010 165427366
00010 165674780
00010 168427620
00010 169161448
00010 169990780
00010 174323896
00010 176826906
00010 180728792
00010 181897032
00010 182335892
00010 184803484
00010 185557450
00010 188354062
00010 189872088
00010 190328500
00010 194008052
00010 197604960
00010 198190792
00010 198311244
00010 199203948
00010 201484454
00010 205506392
00010 206530170
00010 208889696
00010 209733390
00010 210522000
00010 212106064
00010 212830274
00010 213699004
00010 216480638
00010 218027018
00010 218742276
00010 220422706
00010 225360024
00010 226717224
00010 226944570
00010 228216690
00010 231103528
00010 231488268
00010 231851968
00010 234526934
00010 234668762
00010 234858022
00010 235089116
00010 237784378
00010 237921128
00010 239622770
00010 241159824
00010 241896404
00010 244426766
00010 245262216
00010 245423330
00010 248924594
00010 251174296
00010 256054406
00010 262992476
00010 263592518
00010 263958996
00010 264820298
00010 264862056
00010 265046422
00010 266088716
00010 267005350
00010 267928944
00010 267988102
00010 268222492
00010 268606898
00010 269327094
00010 272930002
00010 276737248
00010 277439474
00010 277900864
00010 278880534
00010 283498436
00010 287201724
00010 287620784
00010 289097604
00010 289388556
00010 289409242
00010 294338588
00010 294720836
00010 298314012
00010 304667298
00010 317071084
00010 322948396
00010 326571024
00010 328830512
00010 329770162
00010 330040346
00010 334383768
00010 336474948
00010 343682080
00010 343912620
00010 346139488
00010 347439956
00010 348500352
00010 349925664
00010 352050000
00010 356156564
00010 363364684
00010 363818084
00010 365158662
00010 367561688
00010 368822884
00010 369595308
00010 376562474
00010 378248494
00010 380123952
00010 384443234
00010 387649370
00010 396764030
00010 397276586
00010 399034288
00010 401431318
00010 402006738
00010 407949544
00010 412560516
00010 413468856
00010 415570442
00010 416512974
00010 417781524
00010 418215330
00010 422047386
00010 423985692
00010 427022802
00010 430880190
00010 436957728
00010 442009236
00010 443151128
00010 445305102
00010 447776540
00010 449659946
00010 452063848
00010 456186826
00010 468454920
00010 468683546
00010 469639972
00010 474187368
00010 474632298
00010 478330562
00010 479992676
00010 481805458
00010 484928244
00010 488149440
00010 490892116
00010 494667884
00010 498421958
00010 499392868
00010 500269684
00010 500390896
00010 501158354
00010 506055682
00010 507412536
00010 509138056
00010 510200294
00010 515194386
00010 516263320
00010 517994008
00010 521863090
00010 522117314
00010 524321862
00010 526053384
00010 527637894
00010 527669104
00010 530226408
00010 532621730
00010 534275152
00010 536843874
00010 536986338
00010 537894764
00010 539051060
00010 541598656
00010 541808144
00010 542418352
00010 542738386
00010 543335616
00010 545547794
00010 547392072
00010 551554102
00010 554073536
00010 555403682
00010 557802742
00010 564382806
00010 567408334
00010 569458174
00010 569775838
00010 569960886
00010 573859864
00010 574738050
00010 574954612
00010 576744748
00010 580012938
00010 580320448
00010 580630870
00010 580840950
00010 583539832
00010 585163668
00010 590233368
00010 591715614
00010 593789494
00010 594297794
00010 596071454
00010 598769674
00010 600089872
00010 600644252
00010 603703562
00010 603940032
00010 605214660
00010 605445944
00010 606017558
00010 606394356
00010 610177958
00010 610674884
00010 611772724
00010 616420862
00010 618042980
00010 620174098
00010 620240854
00010 621875532
00010 624282186
00010 624483832
00010 625058068
00010 625246182
00010 626213790
00010 626256034
00010 626661224
00010 628829444
00010 628891152
00010 628969934
00010 633830578
00010 635577914
00010 635582738
00010 635833110
00010 638976558
00010 639798536
00010 641127250
00010 641186714
00010 647032616
00010 647120080
00010 651123336
00010 653028584
00010 658356214
00010 658540018
00010 659619354
00010 661527514
00010 661567672
00010 661696072
00010 663269728
00010 668102434
00010 671108668
00010 672010604
00010 673081420
00010 673319468
00010 674169428
00010 674955766
00010 675039152
00010 675191804
00010 677358438
00010 677559540
00010 679121932
00010 679958254
00010 681606430
00010 682342110
00010 683684170
00010 684318022
00010 685884196
00010 688289514
00010 692818496
00010 698591872
00010 698669256
00010 699872460
00010 700278384
00010 700573842
00010 700623168
00010 701296712
00010 701870680
00010 702272116
00010 703266270
00010 703881858
00010 706880744
00010 707971592
00010 710059972
00010 710753974
00010 713190628
00010 716370166
00010 717580714
00010 721147014
00010 721432842
00010 725519506
00010 726998950
00010 727690626
00010 727785166
00010 728756192
00010 730733360
00010 731826128
00010 732204748
00010 733997342
00010 735607594
00010 739109576
00010 740606784
00010 741789374
00010 744298022
00010 744473690
00010 748919042
00010 749283026
00010 750756130
00010 753072500
00010 757505324
00010 757769368
00010 758103760
00010 758556794
00010 761040076
00010 761769256
00010 767044996
00010 773331754
00010 774122134
00010 776647408
00010 777375714
00010 777781512
00010 779320112
00010 781975510
00010 788380394
00010 789195194
00010 797354208
00010 799151604
00010 799726536
00010 800875756
00010 801518364
00010 802170990
00010 802513624
00010 806000928
00010 808170748
00010 808397048
00010 809271986
00010 809450488
00010 812293416
00010 812935018
00010 816056946
00010 820289320
00010 822555078
00010 825846504
00010 828377328
00010 829296782
00010 832069818
00010 832072138
00010 834598772
00010 835697222
00010 835797498
00010 836507412
00010 838479342
00010 840029038
00010 841589456
00010 841606416
00010 843424486
00010 843733620
00010 843739770
00010 845268468
00010 845788362
00010 847614174
00010 848001618
00010 850910732
00010 853382410
00010 855195460
00010 858081402
00010 861518926
00010 863931930
00010 865486460
00010 867743214
00010 867745774
00010 867944638
00010 869264382
00010 870518584
00010 875756960
00010 876144812
00010 877831210
00010 880178258
00010 880262452
00010 881224100
00010 884880332
00010 885497792
00010 894277228
00010 899609880
00010 901305246
00010 901330408
00010 904100990
00010 905310014
00010 908287040
00010 908395284
00010 909407460
00010 919348562
00010 920453454
00010 924010110
00010 924220970
00010 928296512
00010 930629412
00010 932958426
00010 935498204
00010 936520678
00010 936805868
00010 940216444
00010 942882942
00010 951993986
00010 954040438
00010 954679586
00010 956312488
00010 957916722
00010 959173986
00010 962152204
00010 962497374
00010 966075414
00010 966749384
00010 967143058
00010 968127366
00010 970295806
00010 970613414
00010 970833580
00010 971150896
00010 973540284
00010 973601690
00010 976752142
00010 978376676
00010 981336262
00010 982057738
00010 986641290
00010 988130186
00010 992229758
00010 994700220
00010 4689116
00010 7883270
00010 9307394
00010 9771728
00010 12896608
00010 14448700
00010 18057390
00010 19756226
00010 21174522
00010 24028366
00010 32767992
00010 32823404
00010 37123276
00010 38801912
00010 42510726
00010 43021916
00010 45095688
00010 58211274
00010 58660830
00010 60745330
00010 73104932
00010 74989044
00010 75242818
00010 77239172
00010 77475248
00010 78981730
00010 83880944
00010 84026902
00010 85304626
00010 85872748
00010 86770606
00010 89881586
00010 90380166
00010 92796602
00010 93095196
00010 94437446
00010 94976826
00010 95904564
00010 96521148
00010 98231854
00010 100021514
00010 101467290
00010 102542988
00010 105297394
00010 105316246
00010 108326650
00010 110314224
00010 111583336
00010 111844024
00010 112362816
00010 112797914
00010 113448120
00010 114185914
00010 115362944
00010 116173108
00010 117733408
00010 119466576
00010 121050126
00010 122619796
00010 122740916
00010 123797760
00010 124274566
00010 124746166
00010 126405548
00010 128183942
00010 128262226
00010 129779340
00010 133677516
00010 134209008
00010 135251394
00010 142083084
00010 143243508
00010 143841632
00010 145952796
00010 146388782
00010 148716156
00010 149098634
00010 151763386
00010 152571770
00010 154762482
00010 155235264
00010 156592328
00010 160492244
00010 161417646
00010 164090238
00010 166486436
00010 172828810
00010 174063298
00010 178243296
00010 182595388
00010 182632690
00010 186526314
00010 187803876
00010 189021836
00010 191267110
00010 192491202
00010 192680470
00010 199732124
00010 200630138
00010 201528760
00010 201680332
00010 201862544
00010 209301288
00010 211822860
00010 212772968
00010 213506184
00010 214377058
00010 214873916
00010 214981178
00010 216247734
00010 217308584
00010 217510704
00010 218982724
00010 224290966
00010 227551672
00010 229770430
00010 234636616
00010 237607474
00010 240475896
00010 241387490
00010 242129102
00010 245797198
00010 247157600
00010 247599392
00010 247751152
00010 249934922
00010 251892084
00010 254470864
00010 254598794
00010 260832712
00010 261293966
00010 262742982
00010 263815296
00010 265480980
00010 269084278
00010 272114158
00010 273065606
00010 279081374
00010 280176224
00010 282682200
00010 284946652
00010 292514134
00010 292905620
00010 293343870
00010 293758462
00010 294176544
00010 297785250
00010 302911044
00010 303042842
00010 304421902
00010 306094494
00010 307860456
00010 309043680
00010 310097452
00010 310944602
00010 311754506
00010 314198004
00010 315886716
00010 320675552
00010 323464120
00010 324655030
00010 329543220
00010 330104604
00010 331695956
00010 332353282
00010 332376396
00010 334285016
00010 334288460
00010 335657178
00010 346814402
00010 346871284
00010 349077400
00010 352032750
00010 356461974
00010 360936334
00010 361394544
00010 361588220
00010 365023160
00010 367490642
00010 369763038
00010 377165468
00010 377934834
00010 378517676
00010 380129378
00010 380545548
00010 381586484
00010 382306054
00010 385165458
00010 386220926
00010 386514734
00010 388669894
00010 394361344
00010 395340026
00010 397942074
00010 398167628
00010 398476384
00010 405404384
00010 412440742
00010 413098830
00010 415801470
00010 418406622
00010 421108866
00010 421974132
00010 425950006
00010 426586196
00010 427981674
00010 429525910
00010 432672844
00010 433564124
00010 435038494
00010 436088366
00010 438051406
00010 440151676
00010 441590526
00010 446598518
00010 449336756
00010 457756632
00010 459310304
00010 460384140
00010 462748782
00010 467246344
00010 468742890
00010 472560776
00010 473826728
00010 473855882
00010 474841172
00010 474843844
00010 481229708
00010 486730296
00010 489297634
00010 490527276
00010 495906136
00010 496408716
00010 497001484
00010 499477514
00010 500930376
00010 503371730
00010 504942986
00010 505518644
00010 510541776
00010 512928754
00010 513133024
00010 521443060
00010 522096616
00010 523495866
00010 525839312
00010 527162026
00010 527420704
00010 535351578
00010 537178720
00010 538220580
00010 543414570
00010 543649354
00010 547551742
00010 547835378
00010 558049130
00010 559826146
00010 561289618
00010 561658570
00010 561662738
00010 567575572
00010 568166556
00010 569605592
00010 571392562
00010 572768218
00010 575638264
00010 575947114
00010 576237458
00010 579071614
00010 580995452
00010 582828596
00010 583726164
00010 586454714
00010 586621628
00010 587454900
00010 589094076
00010 589858406
00010 590929914
00010 594218830
00010 596338146
00010 597792956
00010 598585926
00010 599346538
00010 599452446
00010 605467812
00010 605680564
00010 607136124
00010 607335278
00010 611221874
00010 611375344
00010 612023258
00010 613631968
00010 615336284
00010 620028332
00010 621073978
00010 625141718
00010 627419526
00010 629428940
00010 636252706
00010 636904194
00010 642212726
00010 647099984
00010 648524770
00010 650418060
00010 653231992
00010 654912716
00010 656028710
00010 657868896
00010 660241798
00010 663227316
00010 665544766
00010 666670256
00010 667835880
00010 670284686
00010 670543558
00010 673776670
00010 677036528
00010 677770194
00010 678419420
00010 680834454
00010 685436900
00010 686475040
00010 695091044
00010 696405046
00010 697457530
00010 703188048
00010 705594656
00010 706284158
00010 706673732
00010 709713260
00010 709781034
00010 710880552
00010 712362928
00010 715871408
00010 719008868
00010 721142644
00010 727085438
00010 729085744
00010 732207956
00010 733900786
00010 741037806
00010 744770926
00010 745382446
00010 748259856
00010 748710952
00010 750171558
00010 753478950
00010 755413566
00010 756936004
00010 760263814
00010 765210554
00010 766426266
00010 767016380
00010 769270164
00010 770712820
00010 771182010
00010 777163608
00010 777971156
00010 786909982
00010 791978600
00010 796032446
00010 805172434
00010 805385426
00010 806050510
00010 806649384
00010 812984754
00010 814594138
00010 819494902
00010 819629664
00010 821309904
00010 825440700
00010 827317992
00010 827816740
00010 830604190
00010 833706498
00010 843664210
00010 844061114
00010 844742332
00010 846514226
00010 848828608
00010 853173694
00010 853405728
00010 855773540
00010 857314312
00010 858473756
00010 858493988
00010 862295906
00010 863608204
00010 864310020
00010 864684806
00010 868440728
00010 871942466
00010 872901294
00010 878260500
00010 879784544
00010 881658704
00010 883629258
00010 885314844
00010 886745694
00010 887021994
00010 888412704
00010 888852820
00010 888946282
00010 892558226
00010 894059094
00010 899721146
00010 899757370
00010 901504676
00010 904631518
00010 906311286
00010 907558584
00010 907960866
00010 908856638
00010 908923404
00010 909212612
00010 911179990
00010 911351122
00010 911899006
00010 915378322
00010 916664906
00010 920829308
00010 921173666
00010 921631796
00010 921787484
00010 922116798
00010 922408554
00010 922466472
00010 922467436
00010 927129894
00010 928453042
00010 929018850
00010 931626696
00010 934096850
00010 942014258
00010 942155648
00010 942980908
00010 943590950
00010 943700016
00010 944914364
00010 945421344
00010 946327386
00010 949676404
00010 949792362
00010 952926564
00010 953695242
00010 953718372
00010 956815220
00010 960402254
00010 963016578
00010 963299548
00010 965149908
00010 965267440
00010 967627744
00010 968353324
00010 968730238
00010 972227152
00010 972260418
00010 972663136
00010 972819202
00010 973270750
00010 974070114
00010 974777292
00010 983018200
00010 986576408
00010 988031128
00010 988223406
00010 990078560
00010 990718852
00010 994817572
00010 999299078
