00010 867814
00010 7695052
00010 12600918
00010 16399578
00010 16977850
00010 19735484
00010 24207562
00010 26091490
00010 27986026
00010 28039314
00010 28552816
00010 33891812
00010 36265706
00010 36730846
00010 36758220
00010 46815970
00010 51161414
00010 53292648
00010 54717816
00010 55894702
00010 60742802
00010 65282206
00010 66895342
00010 67534298
00010 67920370
00010 71598948
00010 72092238
00010 73746258
00010 74924798
00010 76336076
00010 80019662
00010 80304114
00010 81603140
00010 82142932
00010 82620706
00010 87297808
00010 87438424
00010 88103740
00010 88262834
00010 88362612
00010 90456078
00010 91106302
00010 93024088
00010 93062262
00010 94145908
00010 97905598
00010 98466146
00010 101307930
00010 103106680
00010 103812162
00010 104376212
00010 105808974
00010 107079322
00010 107411654
00010 108240052
00010 109149264
00010 110323640
00010 110536728
00010 111259922
00010 111505642
00010 112498674
00010 114053508
00010 114168420
00010 117359904
00010 118268432
00010 118785048
00010 118797712
00010 120686460
00010 120785162
00010 123598130
00010 125585348
00010 128002040
00010 129398728
00010 130395400
00010 130922582
00010 132179920
00010 132181728
00010 133053188
00010 135881804
00010 138259944
00010 139799134
00010 140374766
00010 141780948
00010 145841096
00010 146837134
00010 148842106
00010 149011766
00010 151684340
00010 153342048
00010 153545718
00010 155637666
00010 157634436
00010 159291676
00010 160232594
00010 161005070
00010 162919384
00010 165290324
00010 175078684
00010 176275380
00010 176328988
00010 177135896
00010 177719484
00010 178877588
00010 178998790
00010 179078412
00010 180862580
00010 187009264
00010 187023180
00010 188174968
00010 191338790
00010 191377356
00010 194165766
00010 195433440
00010 196332268
00010 198021410
00010 198523870
00010 202232218
00010 202329566
00010 213446722
00010 214330292
00010 215125198
00010 216083842
00010 221193624
00010 221421574
00010 224272730
00010 226708004
00010 228162002
00010 228680278
00010 229168650
00010 233202208
00010 235419018
00010 235463870
00010 235742610
00010 237272368
00010 238305542
00010 239218506
00010 242735902
00010 243186552
00010 248567862
00010 252895244
00010 253742832
00010 257179032
00010 259566300
00010 263531950
00010 263726020
00010 267310462
00010 269461758
00010 270253934
00010 271860590
00010 283401262
00010 286258868
00010 287037496
00010 292507820
00010 292835724
00010 298133492
00010 303732356
00010 305583020
00010 305662584
00010 306459830
00010 307473148
00010 310232460
00010 310303880
00010 311772970
00010 315323950
00010 316195324
00010 316373960
00010 316393418
00010 319035792
00010 321627980
00010 322684140
00010 322861662
00010 324287866
00010 324917900
00010 325785576
00010 328504162
00010 332252494
00010 338054908
00010 342707816
00010 343459974
00010 343907212
00010 346300464
00010 348797508
00010 352091278
00010 352688262
00010 354386426
00010 358714176
00010 359065092
00010 363232826
00010 364861554
00010 365008104
00010 365743922
00010 366558456
00010 367600998
00010 367602668
00010 368547270
00010 368993730
00010 369572296
00010 377383730
00010 377469320
00010 380208628
00010 380578670
00010 381825562
00010 382170728
00010 383224364
00010 383454740
00010 383585804
00010 384621090
00010 386133736
00010 387924016
00010 388261524
00010 389988364
00010 390474718
00010 391029222
00010 391568348
00010 392566564
00010 394722216
00010 395335636
00010 395367190
00010 402795596
00010 405013604
00010 405516880
00010 408372686
00010 409867314
00010 412026898
00010 417583810
00010 422130646
00010 422731556
00010 429026600
00010 431357054
00010 441761100
00010 448070128
00010 451596680
00010 455489462
00010 456670892
00010 459465158
00010 468213070
00010 469325232
00010 471421348
00010 476931090
00010 480131354
00010 481924300
00010 487241312
00010 487291864
00010 488328320
00010 488635594
00010 488922546
00010 491013828
00010 491529780
00010 492657238
00010 494868610
00010 495242570
00010 497727586
00010 498938364
00010 500827972
00010 503033732
00010 507077912
00010 507103244
00010 507214806
00010 508505564
00010 509716498
00010 510981668
00010 511333936
00010 512010220
00010 513068126
00010 514248864
00010 520934252
00010 521196506
00010 528049872
00010 528957106
00010 529001698
00010 529015774
00010 530420826
00010 532079026
00010 532463512
00010 532871486
00010 533569126
00010 534275794
00010 539735596
00010 544423442
00010 545152170
00010 547963424
00010 551477732
00010 551948372
00010 552733576
00010 558240734
00010 562680330
00010 562955434
00010 566351436
00010 567371302
00010 567450872
00010 571301360
00010 571589572
00010 571993242
00010 574508378
00010 575490746
00010 576945526
00010 582113052
00010 582755942
00010 584250986
00010 586017830
00010 586529772
00010 587361336
00010 591008916
00010 593905804
00010 598528738
00010 602655598
00010 603037920
00010 603776554
00010 609792716
00010 610113352
00010 610892906
00010 611188184
00010 611499548
00010 611890014
00010 615879056
00010 622968014
00010 629197486
00010 632634526
00010 633301288
00010 634482292
00010 634859836
00010 637285556
00010 639808798
00010 642446722
00010 643710372
00010 645395038
00010 649025890
00010 649064934
00010 651639914
00010 653478380
00010 654814106
00010 663129748
00010 663177438
00010 664006490
00010 664164294
00010 664269830
00010 664733634
00010 666207294
00010 666642734
00010 669109248
00010 669532272
00010 671776520
00010 672690092
00010 675369238
00010 676367362
00010 678581082
00010 679504080
00010 679553604
00010 679925744
00010 685792928
00010 686813654
00010 688275254
00010 688295740
00010 688624988
00010 688746858
00010 689484916
00010 690289168
00010 691220622
00010 694641876
00010 694787032
00010 699374506
00010 699631248
00010 699706934
00010 701767042
00010 701806030
00010 702270194
00010 703843444
00010 706157812
00010 706411380
00010 706632776
00010 706985134
00010 707293932
00010 707800514
00010 709898142
00010 710645520
00010 713960592
00010 717839704
00010 719371878
00010 721806376
00010 722894494
00010 724527260
00010 724684752
00010 729106040
00010 729597428
00010 729960972
00010 729964570
00010 730421384
00010 732887802
00010 738981128
00010 739234660
00010 740806016
00010 743233702
00010 745734382
00010 746645440
00010 747286390
00010 747817412
00010 750612856
00010 752030932
00010 753561928
00010 753604132
00010 754452622
00010 756156964
00010 758226792
00010 761470124
00010 762626690
00010 764748762
00010 766803480
00010 769074886
00010 772707262
00010 773638856
00010 775302552
00010 778242100
00010 778926546
00010 786489220
00010 789259176
00010 789290152
00010 789414134
00010 789498072
00010 793727988
00010 795042390
00010 795148418
00010 795469500
00010 799308562
00010 800205148
00010 800986360
00010 801757900
00010 801787866
00010 802560870
00010 803473714
00010 806490656
00010 808114704
00010 815567858
00010 816347806
00010 819141220
00010 819542132
00010 820529048
00010 823836222
00010 823921170
00010 824190990
00010 824490324
00010 826282420
00010 830155838
00010 831974724
00010 832866306
00010 833770170
00010 840092044
00010 841916998
00010 842829690
00010 844962468
00010 846448652
00010 849888572
00010 853720848
00010 854822404
00010 856971910
00010 857652696
00010 859441082
00010 859956330
00010 860409204
00010 864401226
00010 864598600
00010 867274938
00010 870357828
00010 877010388
00010 877917998
00010 880720238
00010 883783616
00010 883887038
00010 885227464
00010 887628326
00010 888514916
00010 892109786
00010 893858010
00010 897668356
00010 899671362
00010 899769484
00010 905327964
00010 906823948
00010 910729004
00010 911124472
00010 915256328
00010 915553916
00010 916048472
00010 917214906
00010 917264430
00010 917349440
00010 918181336
00010 922892956
00010 923359016
00010 925351462
00010 925621880
00010 926010336
00010 926060004
00010 932370988
00010 933425660
00010 936167634
00010 945072114
00010 946597342
00010 950553942
00010 950885342
00010 953384862
00010 955690982
00010 956229366
00010 960008370
00010 962232714
00010 968261294
00010 969126612
00010 972504404
00010 974483630
00010 976441136
00010 979852346
00010 980916344
00010 983712966
00010 983803300
00010 984979644
00010 989981552
00010 993810920
00010 995473094
00010 8709642
00010 8863188
00010 10634862
00010 12016702
00010 12494500
00010 12620966
00010 13058544
00010 15035022
00010 18783994
00010 25814950
00010 27778012
00010 36201782
00010 41052668
00010 41788750
00010 45664316
00010 46844350
00010 47297162
00010 48055128
00010 50981504
00010 55581566
00010 58326594
00010 61137024
00010 61412646
00010 63051600
00010 64192436
00010 64790902
00010 66095872
00010 68202666
00010 73010064
00010 78335692
00010 82779986
00010 84044144
00010 84501792
00010 86601462
00010 91827166
00010 94059604
00010 96188522
00010 97502056
00010 101114958
00010 101414456
00010 107781456
00010 116429672
00010 122043352
00010 122244006
00010 124019510
00010 128633308
00010 128662842
00010 131462862
00010 135410964
00010 138764258
00010 141154222
00010 145817898
00010 147408706
00010 149344958
00010 152213086
00010 153002606
00010 153005382
00010 156081718
00010 157732660
00010 157946634
00010 158178932
00010 158237414
00010 160158022
00010 163856370
00010 166577724
00010 168047294
00010 168248166
00010 172950976
00010 175341862
00010 175982204
00010 178925584
00010 180072556
00010 180450152
00010 182750482
00010 188210292
00010 188607208
00010 188675210
00010 188836046
00010 189228438
00010 189361926
00010 192419552
00010 192817006
00010 193303026
00010 193351974
00010 195408346
00010 199191036
00010 200354274
00010 201883762
00010 205086080
00010 210726324
00010 214396982
00010 215186540
00010 215393314
00010 215629184
00010 224984324
00010 231899040
00010 235493682
00010 239027056
00010 239035710
00010 241483152
00010 241947064
00010 242116898
00010 247963500
00010 248536466
00010 249936564
00010 258141194
00010 260469202
00010 260556876
00010 260819932
00010 264729464
00010 265160280
00010 266430116
00010 266836518
00010 268565448
00010 270624188
00010 273610796
00010 273749302
00010 275482452
00010 286700496
00010 286976218
00010 288411180
00010 288692768
00010 290126004
00010 293464434
00010 295079946
00010 295385956
00010 297066910
00010 297597434
00010 298660824
00010 302520808
00010 303897602
00010 304651354
00010 305263786
00010 305829548
00010 307394230
00010 313653752
00010 313899938
00010 315994302
00010 321324374
00010 321478084
00010 322084446
00010 328915376
00010 331426804
00010 333408430
00010 334325282
00010 334553724
00010 334644110
00010 338651634
00010 339179558
00010 339719032
00010 341083858
00010 343022814
00010 343601762
00010 347013554
00010 347572074
00010 352221522
00010 352617770
00010 353471318
00010 354907842
00010 355881828
00010 356210026
00010 357006444
00010 358405130
00010 360197808
00010 361491914
00010 365648774
00010 368475404
00010 368982924
00010 376990712
00010 380418520
00010 383667478
00010 385690154
00010 386069396
00010 387643868
00010 389274214
00010 394199078
00010 394572548
00010 396079646
00010 396879456
00010 398993574
00010 399647498
00010 400288506
00010 400819030
00010 401214704
00010 401311876
00010 402526232
00010 406693848
00010 406695128
00010 406736696
00010 408137120
00010 414289050
00010 414916960
00010 416561814
00010 417270492
00010 418389344
00010 421568700
00010 421805540
00010 425219754
00010 428121926
00010 431461646
00010 431906780
00010 433582022
00010 437015894
00010 438210640
00010 438953512
00010 448053928
00010 449330132
00010 451115036
00010 453366892
00010 453504304
00010 468298290
00010 470659810
00010 473601874
00010 474645634
00010 477327324
00010 477709962
00010 481422704
00010 482642398
00010 484823698
00010 486055194
00010 486924408
00010 487722114
00010 489246926
00010 490123902
00010 497329118
00010 499789000
00010 502794388
00010 503406362
00010 505343120
00010 505432004
00010 506799212
00010 506845906
00010 506983294
00010 507616512
00010 509222150
00010 510238102
00010 511061918
00010 513604178
00010 514968900
00010 518305234
00010 518650800
00010 519525330
00010 519959974
00010 522919320
00010 525019220
00010 525752884
00010 527758894
00010 528351500
00010 528852510
00010 528946684
00010 530220074
00010 532973916
00010 534449688
00010 536288976
00010 536459144
00010 536605830
00010 536786526
00010 537178610
00010 537520846
00010 538264332
00010 539722598
00010 540036994
00010 540571730
00010 543045440
00010 543195084
00010 545784428
00010 549050562
00010 549789778
00010 551488546
00010 552040002
00010 552094662
00010 552677080
00010 554811804
00010 558340110
00010 565618040
00010 566549390
00010 566703718
00010 573176254
00010 573198492
00010 574504852
00010 574983032
00010 575411932
00010 575836512
00010 577118140
00010 578425030
00010 579672450
00010 584357952
00010 585645494
00010 589847054
00010 590211748
00010 593551450
00010 595449508
00010 598255982
00010 599990188
00010 605553134
00010 606214622
00010 607143576
00010 614078074
00010 614632176
00010 615506618
00010 617313972
00010 619938386
00010 623634578
00010 624588380
00010 625256540
00010 626765902
00010 627979144
00010 628051956
00010 628086912
00010 633443838
00010 633642090
00010 636661224
00010 637200004
00010 637715988
00010 640136430
00010 640526556
00010 641981752
00010 643866594
00010 647315718
00010 647760038
00010 652673474
00010 653933258
00010 661235102
00010 663005240
00010 665201006
00010 669485054
00010 670063644
00010 671212166
00010 673807360
00010 673827684
00010 674510530
00010 677508626
00010 678784754
00010 681455126
00010 684566182
00010 686179374
00010 692346462
00010 693808410
00010 695759362
00010 697114872
00010 700683504
00010 702298850
00010 703253268
00010 704003756
00010 711490494
00010 711683130
00010 712899972
00010 716443782
00010 719628414
00010 720138734
00010 721440744
00010 724587722
00010 727533502
00010 732360434
00010 732885348
00010 734844346
00010 737186780
00010 738838416
00010 743300114
00010 745435266
00010 746769204
00010 746878588
00010 753860630
00010 753901654
00010 754841394
00010 755963336
00010 758703102
00010 760945002
00010 765446024
00010 769154460
00010 772398196
00010 780671568
00010 781936762
00010 785136664
00010 785850502
00010 787187568
00010 793359620
00010 799264114
00010 799769588
00010 801086174
00010 803627828
00010 804491030
00010 806195506
00010 807234150
00010 813214814
00010 813736430
00010 816454556
00010 819805038
00010 823545162
00010 826188352
00010 826189518
00010 826844010
00010 827177560
00010 829763612
00010 829776178
00010 833022812
00010 833802770
00010 834427790
00010 841076214
00010 841233530
00010 842082712
00010 847239630
00010 847354360
00010 849169052
00010 851684714
00010 852671858
00010 854315666
00010 854463962
00010 855563550
00010 856270492
00010 857880870
00010 859317638
00010 862085944
00010 866995492
00010 867851536
00010 876892890
00010 877041762
00010 879360214
00010 882728572
00010 882759908
00010 883398172
00010 883685474
00010 885186960
00010 885209006
00010 885566806
00010 886184516
00010 886589990
00010 889196994
00010 889288990
00010 889388030
00010 889649596
00010 889923492
00010 889965888
00010 893401436
00010 895703990
00010 895892810
00010 897276884
00010 900243790
00010 900899052
00010 901923494
00010 907486996
00010 907606348
00010 910769258
00010 911505970
00010 913002274
00010 915014798
00010 915873062
00010 917697036
00010 918355926
00010 922040508
00010 924366126
00010 924370058
00010 925697650
00010 933601798
00010 934394866
00010 934550212
00010 934695156
00010 935373148
00010 944026690
00010 944554078
00010 945853254
00010 953135074
00010 957241446
00010 958434776
00010 959743458
00010 963227012
00010 963562612
00010 965260866
00010 968005510
00010 969268678
00010 969599004
00010 972279300
00010 976426954
00010 977167896
00010 978521090
00010 978996940
00010 980209318
00010 983523848
00010 984631400
00010 984842664
00010 991567986
00010 992623622
00010 995871218
00010 996123614
00010 5457480
00010 6356354
00010 6450320
00010 7948296
00010 10970004
00010 12365460
00010 12816982
00010 14265594
00010 15329706
00010 16594730
00010 18757084
00010 19373886
00010 19856168
00010 19966956
00010 21249890
00010 22214348
00010 23431460
00010 31902170
00010 35724680
00010 39155994
00010 43090564
00010 47991846
00010 49075588
00010 49743672
00010 53201904
00010 53581324
00010 58532992
00010 58775648
00010 60429538
00010 62078776
00010 67319522
00010 67322252
00010 68516878
00010 69528132
00010 70292164
00010 73963098
00010 74564876
00010 77496146
00010 80933700
00010 85615506
00010 90115816
00010 90974260
00010 91021990
00010 91112484
00010 91435212
00010 91474414
00010 91952852
00010 94902320
00010 95453274
00010 97087422
00010 99867504
00010 107909140
00010 111811534
00010 112008376
00010 113918238
00010 116659512
00010 119314802
00010 122015060
00010 122782404
00010 124887900
00010 125581462
00010 127043698
00010 128757490
00010 129581648
00010 130500864
00010 131390448
00010 131965480
00010 133891406
00010 138908426
00010 139072910
00010 140068612
00010 141582252
00010 142526302
00010 143034532
00010 148436700
00010 149867854
00010 151654892
00010 154278030
00010 155690342
00010 156086290
00010 160586356
00010 160865384
00010 161020996
00010 161313162
00010 163592874
00010 163869448
00010 164694128
00010 167362200
00010 168048152
00010 168705206
00010 170068990
00010 170216730
00010 170316608
00010 171787766
00010 173646524
00010 174268578
00010 174345442
00010 175493480
00010 180839358
00010 180957844
00010 182124458
00010 182315964
00010 183319038
00010 183830672
00010 187896920
00010 190486544
00010 191822144
00010 197280484
00010 197876784
00010 197908316
00010 198089176
00010 198326034
00010 198625314
00010 199205418
00010 199629972
00010 201095140
00010 201918984
00010 203306768
00010 205544650
00010 212274654
00010 212581074
00010 213494608
00010 217630564
00010 220913878
00010 223288650
00010 225470026
00010 232546576
00010 234289310
00010 236470680
00010 239220758
00010 239592082
00010 240154306
00010 241673784
00010 246389186
00010 249131410
00010 249136614
00010 249480870
00010 250362552
00010 251694894
00010 252121194
00010 253541402
00010 257383574
00010 258615218
00010 260813336
00010 261386370
00010 262450174
00010 264399466
00010 267179472
00010 268092670
00010 271476568
00010 275322812
00010 277880830
00010 281859182
00010 281905352
00010 284236724
00010 286165072
00010 289873000
00010 292299576
00010 293769918
00010 295499120
00010 296212154
00010 297360250
00010 300103680
00010 303652840
00010 303870838
00010 306083490
00010 306169246
00010 315435012
00010 315939052
00010 318657768
00010 318785120
00010 321599910
00010 323667652
00010 324215714
00010 325767346
00010 329544066
00010 331466472
00010 336413354
00010 339346130
00010 344232958
00010 347827414
00010 348423262
00010 350086692
00010 351151848
00010 355875490
00010 357130368
00010 360774642
00010 361502572
00010 365081698
00010 366277156
00010 366607412
00010 367447584
00010 373291626
00010 374417752
00010 374911448
00010 377629482
00010 378098124
00010 378886770
00010 379765934
00010 385334176
00010 385596716
00010 388876024
00010 389703704
00010 393816002
00010 394375138
00010 394376160
00010 396874562
00010 408182264
00010 414216084
00010 417353240
00010 417377864
00010 419638426
00010 420258282
00010 421718798
00010 424124920
00010 430889412
00010 432134288
00010 433635170
00010 434471618
00010 437804758
00010 439460658
00010 441002314
00010 442063294
00010 443483752
00010 444299662
00010 447806066
00010 448618950
00010 450576970
00010 450578918
00010 459003154
00010 460461106
00010 460659558
00010 462319940
00010 462463432
00010 465386208
00010 469417808
00010 472151560
00010 475562084
00010 475892928
00010 477875420
00010 478214626
00010 482361996
00010 483235512
00010 488818556
00010 491453210
00010 495289772
00010 496941550
00010 497203930
00010 501683508
00010 503770594
00010 505413454
00010 510864454
00010 512788008
00010 512819842
00010 514002246
00010 517192848
00010 520796736
00010 523498910
00010 525830524
00010 534185620
00010 535404576
00010 535892556
00010 537106114
00010 539010684
00010 541901860
00010 545413510
00010 549833088
00010 550484446
00010 554423502
00010 554988112
00010 556703800
00010 558611238
00010 564599486
00010 570808652
00010 577212960
00010 578269212
00010 584302452
00010 593257016
00010 596897624
00010 597605510
00010 599317522
00010 602187002
00010 605028848
00010 606026336
00010 606129116
00010 607273558
00010 611682316
00010 613542994
00010 617301276
00010 617429218
00010 619357630
00010 621605158
00010 622113204
00010 631824394
00010 632016878
00010 635144312
00010 638884648
00010 639078188
00010 640243594
00010 640570252
00010 645075802
00010 645375914
00010 646021608
00010 648220304
00010 648337320
00010 649171704
00010 651165426
00010 652533842
00010 653473634
00010 654105558
00010 657907716
00010 659085980
00010 659317152
00010 660405842
00010 660752372
00010 661243226
00010 661958950
00010 664166364
00010 665662980
00010 667696822
00010 668805660
00010 672707120
00010 673350728
00010 674143946
00010 674773688
00010 678405450
00010 678538734
00010 679874034
00010 680653490
00010 681240956
00010 683565044
00010 684698286
00010 686399944
00010 690907298
00010 692480070
00010 693492042
00010 694115852
00010 695501858
00010 699402128
00010 705372304
00010 709169220
00010 710513212
00010 711195266
00010 711824394
00010 716261424
00010 719046860
00010 729470772
00010 729488596
00010 732454056
00010 734435086
00010 737331322
00010 740431690
00010 743922318
00010 744010936
00010 747919946
00010 753024892
00010 757054926
00010 757576884
00010 757719106
00010 762350448
00010 763439238
00010 763806604
00010 764075564
00010 765817088
00010 765825748
00010 766981584
00010 774185308
00010 774250614
00010 775920806
00010 778138010
00010 779499430
00010 781976602
00010 782893788
00010 791118570
00010 797387272
00010 798417832
00010 801915692
00010 803578220
00010 803830510
00010 804503852
00010 805106564
00010 810264414
00010 810371146
00010 813762742
00010 814570682
00010 816393474
00010 817760858
00010 820968536
00010 824359510
00010 824890094
00010 825807342
00010 829042476
00010 830272840
00010 830615482
00010 832334724
00010 836019528
00010 836246642
00010 838238092
00010 838453592
00010 838702386
00010 840553008
00010 841470936
00010 841930192
00010 843538962
00010 843633892
00010 844605742
00010 845421014
00010 848152390
00010 849087490
00010 853843046
00010 855556626
00010 856926392
00010 859255868
00010 864116356
00010 865115658
00010 865863564
00010 871258078
00010 872417080
00010 873300706
00010 873742258
00010 875609092
00010 876475510
00010 877809990
00010 882203700
00010 885637342
00010 885876928
00010 886976072
00010 889769200
00010 891061866
00010 891408536
00010 891556806
00010 892219530
00010 892973878
00010 893717964
00010 894700642
00010 900684894
00010 904140486
00010 904317826
00010 908635074
00010 909022676
00010 910585310
00010 910884810
00010 913625296
00010 914519246
00010 915668670
00010 915920796
00010 917113752
00010 917370890
00010 917805978
00010 917814636
00010 918829368
00010 918995760
00010 919715898
00010 920116024
00010 920784020
00010 923121886
00010 924236108
00010 924626026
00010 925565878
00010 927481970
00010 929534608
00010 930299084
00010 933855102
00010 933976626
00010 936462690
00010 942068410
00010 945818858
00010 945896672
00010 947047692
00010 947615782
00010 951463524
00010 951764188
00010 954334496
00010 960353670
00010 961295358
00010 962839056
00010 963342008
00010 966197324
00010 967147428
00010 968393962
00010 971274262
00010 971616224
00010 976640934
00010 979866896
00010 980232048
00010 980380378
00010 984832402
00010 989374656
00010 990460902
00010 995561714
00010 997898602
00010 999122020
00010 6044564
00010 13136912
00010 16211572
00010 19905278
00010 22822924
00010 25519440
00010 27049344
00010 27092520
00010 27622646
00010 31369410
00010 34245728
00010 36226136
00010 36471216
00010 37058546
00010 37115670
00010 38734958
00010 38771972
00010 38913018
00010 41864642
00010 42499382
00010 43441308
00010 44729828
00010 45148322
00010 47064398
00010 47908194
00010 51020458
00010 51166888
00010 56076698
00010 57508592
00010 62116942
00010 65492662
00010 66679986
00010 69245664
00010 69637650
00010 70110446
00010 72493060
00010 78378626
00010 81230538
00010 89174024
00010 90975630
00010 97443666
00010 98021714
00010 98033190
00010 98046320
00010 103928628
00010 105600704
00010 105761542
00010 109374032
00010 111760558
00010 113199066
00010 124857920
00010 126357832
00010 127552548
00010 127782516
00010 130396878
00010 131135844
00010 131628822
00010 135115258
00010 135280700
00010 135753140
00010 136965164
00010 137450034
00010 140269404
00010 146569880
00010 147154206
00010 147970652
00010 149456132
00010 150034574
00010 151397390
00010 155633138
00010 159697702
00010 160320798
00010 161380892
00010 162612148
00010 167357124
00010 168635858
00010 174188528
00010 175601330
00010 176271964
00010 178751012
00010 182249934
00010 186359580
00010 186699202
00010 187519304
00010 189282138
00010 189638888
00010 190536816
00010 192575510
00010 192656930
00010 192877504
00010 193220312
00010 193907532
00010 195884204
00010 196404626
00010 197801328
00010 197948868
00010 198960020
00010 201717032
00010 202784574
00010 205095958
00010 205808734
00010 206279906
00010 208622558
00010 209971322
00010 216319410
00010 216324966
00010 222954866
00010 223760830
00010 224456226
00010 225851006
00010 226484104
00010 227575436
00010 229758756
00010 229935012
00010 230306950
00010 232262442
00010 232614314
00010 234512908
00010 235259792
00010 235538020
00010 238682712
00010 240739082
00010 241173198
00010 241726632
00010 241826658
00010 242356102
00010 242896612
00010 245040894
00010 246748426
00010 247458080
00010 251478932
00010 253271124
00010 254158736
00010 258379360
00010 262854284
00010 263164026
00010 263346906
00010 267176568
00010 268284426
00010 268286910
00010 268316610
00010 268583722
00010 269526464
00010 270195070
00010 274284030
00010 276419168
00010 276552518
00010 278383844
00010 280026718
00010 280731812
00010 283794388
00010 284380586
00010 285014638
00010 286688048
00010 287891090
00010 289615068
00010 291580766
00010 293509544
00010 294914306
00010 295238376
00010 295591784
00010 296078644
00010 302030890
00010 302068472
00010 303199660
00010 303856882
00010 304171824
00010 304372850
00010 310648312
00010 312625762
00010 313107930
00010 315675384
00010 316239746
00010 317237642
00010 317465972
00010 318426086
00010 320043974
00010 325845722
00010 333516146
00010 336059108
00010 336991744
00010 341045424
00010 341407824
00010 342503840
00010 344269096
00010 344588874
00010 344625060
00010 344855766
00010 347450582
00010 347982304
00010 348002236
00010 351203828
00010 351257858
00010 360928014
00010 362187458
00010 362299282
00010 363101354
00010 363107950
00010 364954860
00010 366903620
00010 368795952
00010 370753588
00010 370956698
00010 372004608
00010 381445214
00010 385168592
00010 385373778
00010 386627870
00010 387104658
00010 392208416
00010 394528854
00010 396131720
00010 396197836
00010 398996690
00010 406838894
00010 407072234
00010 411259866
00010 411739944
00010 414240010
00010 419008992
00010 423204690
00010 424674632
00010 428211828
00010 429464830
00010 430428622
00010 432532906
00010 434425898
00010 434722654
00010 437171988
00010 442202662
00010 442488186
00010 442526328
00010 443448378
00010 449792510
00010 455432894
00010 455499146
00010 456256516
00010 458443200
00010 459094316
00010 460715266
00010 460815660
00010 461233908
00010 462083120
00010 462403762
00010 462546456
00010 463107648
00010 465649502
00010 468433362
00010 469043816
00010 471603566
00010 472656596
00010 472925628
00010 475599854
00010 476265890
00010 476887176
00010 478581322
00010 478701546
00010 481382396
00010 481457734
00010 482448092
00010 483415268
00010 483816232
00010 485118390
00010 485954140
00010 487144674
00010 489945070
00010 490020126
00010 491516582
00010 494099680
00010 496313532
00010 496810478
00010 498044674
00010 498233734
00010 499862904
00010 500663028
00010 500920974
00010 504717270
00010 508211054
00010 510116712
00010 510338486
00010 510490078
00010 510741426
00010 516234100
00010 518236910
00010 518693118
00010 520006712
00010 520128092
00010 520334218
00010 521571974
00010 522210144
00010 523512064
00010 523740746
00010 529195284
00010 536236982
00010 536893220
00010 542307394
00010 546280920
00010 548117808
00010 550415662
00010 550434324
00010 552545122
00010 554265286
00010 558473558
00010 559130032
00010 562286024
00010 565448680
00010 566477510
00010 568325968
00010 568716358
00010 568905220
00010 572220628
00010 572533030
00010 578190528
00010 579277274
00010 583897190
00010 584278938
00010 586111678
00010 586406988
00010 590554060
00010 591793650
00010 592685100
00010 592968802
00010 593876776
00010 593934488
00010 594334024
00010 595141314
00010 596134358
00010 596742856
00010 599550236
00010 599567340
00010 601065624
00010 602954708
00010 603902150
00010 605774928
00010 608087692
00010 610008660
00010 612625762
00010 613016412
00010 615609086
00010 618425892
00010 624015738
00010 624489150
00010 627189596
00010 627460814
00010 629425666
00010 630540276
00010 630799162
00010 632026122
00010 633697186
00010 634199896
00010 634839420
00010 635123796
00010 635290586
00010 635396870
00010 635451284
00010 638720640
00010 642044946
00010 642217928
00010 642410444
00010 643375858
00010 646590264
00010 646942510
00010 648675166
00010 648901564
00010 650727576
00010 652014358
00010 655392614
00010 655781276
00010 655857950
00010 656160272
00010 657509862
00010 658936606
00010 660990322
00010 661254514
00010 662352912
00010 662885792
00010 666473006
00010 667214448
00010 668782838
00010 669704592
00010 670158894
00010 670559732
00010 673181044
00010 674388104
00010 683680846
00010 683781072
00010 685828550
00010 688956924
00010 688981692
00010 689970248
00010 693071796
00010 697861156
00010 698765094
00010 700596528
00010 705097872
00010 709713824
00010 709772424
00010 710639378
00010 711128282
00010 711688482
00010 713099350
00010 713432776
00010 714350804
00010 717244664
00010 719053608
00010 721419294
00010 723614316
00010 723966338
00010 724021126
00010 724333752
00010 724645614
00010 724988032
00010 726177550
00010 726505486
00010 727306436
00010 727840690
00010 728558720
00010 730754266
00010 734848028
00010 734849438
00010 738412838
00010 739022806
00010 741530214
00010 742385056
00010 744559192
00010 746461772
00010 747678322
00010 750320186
00010 751807082
00010 753806808
00010 757815978
00010 761339324
00010 765573002
00010 769806944
00010 770053716
00010 770727760
00010 772724538
00010 774451828
00010 774818244
00010 775287922
00010 776252992
00010 778024914
00010 778119146
00010 781688820
00010 781855798
00010 783764674
00010 785058808
00010 788817270
00010 789326660
00010 789889394
00010 791901284
00010 792385986
00010 792620380
00010 793496538
00010 794472072
00010 794722130
00010 795314868
00010 797695248
00010 798675522
00010 799132878
00010 801486638
00010 804334218
00010 804731124
00010 805580194
00010 806180010
00010 809064394
00010 809108184
00010 809658762
00010 814397586
00010 816815026
00010 818235216
00010 818349496
00010 819191690
00010 823669622
00010 824640926
00010 825576780
00010 830841970
00010 832860326
00010 833133872
00010 836702714
00010 837064042
00010 837242516
00010 837351132
00010 839263784
00010 842469436
00010 842769422
00010 844192694
00010 844312376
00010 846144690
00010 847414966
00010 848017786
00010 849542630
00010 852753532
00010 853132624
00010 855107638
00010 855725582
00010 857313048
00010 860376898
00010 862053238
00010 863015844
00010 866579870
00010 868265622
00010 868676136
00010 870241468
00010 870368704
00010 871149304
00010 871703394
00010 871714822
00010 874436304
00010 875206634
00010 876257498
00010 877254200
00010 880304780
00010 884337882
00010 890224286
00010 890979672
00010 890985350
00010 899123876
00010 901743976
00010 902174070
00010 902651060
00010 909377358
00010 909648972
00010 914743456
00010 915265578
00010 919794116
00010 920417128
00010 922387238
00010 923811582
00010 926758550
00010 927380050
00010 930182208
00010 931292198
00010 933252684
00010 934741948
00010 934885088
00010 937299328
00010 937644760
00010 938323596
00010 941470410
00010 941623904
00010 942512184
00010 942726414
00010 947275984
00010 947299506
00010 951606732
00010 959883528
00010 959992632
00010 963184172
00010 963944310
00010 964001376
00010 967884346
00010 971203480
00010 974049752
00010 978673244
00010 978982742
00010 979767890
00010 980897416
00010 983282922
00010 983764370
00010 985542104
00010 986595338
00010 990242186
00010 991958050
00010 995728310
00010 996064590
00010 996572208
00010 996601332
00010 999008804
00010 999712952
00010 1116804
00010 5050116
00010 5274106
00010 6453532
00010 12453254
00010 14664240
00010 18192132
00010 18809692
00010 24358680
00010 25057284
00010 25467068
00010 26767726
00010 35564444
00010 36296282
00010 36926754
00010 37014856
00010 38367388
00010 42043296
00010 49297014
00010 49542662
00010 50465130
00010 50663728
00010 53830180
00010 53962244
00010 58518348
00010 59800176
00010 64275164
00010 73284270
00010 74145692
00010 75509088
00010 76923688
00010 77931552
00010 81057534
00010 84885390
00010 85584684
00010 87976362
00010 88331748
00010 95871338
00010 98238056
00010 100004018
00010 101515362
00010 104290100
00010 108018984
00010 108133844
00010 108710880
00010 108971008
00010 112591456
00010 113615484
00010 116523054
00010 120392850
00010 125690710
00010 126315786
00010 130252822
00010 131288672
00010 133516870
00010 134382784
00010 135494052
00010 136821710
00010 141918272
00010 146298896
00010 150262986
00010 150502880
00010 151858656
00010 151933642
00010 153056838
00010 155520780
00010 156855822
00010 158953904
00010 159091388
00010 160583998
00010 163215272
00010 163246546
00010 165107390
00010 166302406
00010 169859892
00010 172820556
00010 174085334
00010 174782628
00010 176033534
00010 179384194
00010 183995768
00010 184569448
00010 186525930
00010 186651830
00010 186676346
00010 186803126
00010 187427726
00010 192649768
00010 193515460
00010 194308922
00010 194724582
00010 196000576
00010 198736164
00010 201127606
00010 204156290
00010 205793794
00010 207460288
00010 208121038
00010 208434456
00010 210591732
00010 210988978
00010 212271210
00010 212682778
00010 214043776
00010 214617790
00010 216227568
00010 216623816
00010 216646880
00010 217453920
00010 218905604
00010 221583680
00010 223343396
00010 226394158
00010 229249994
00010 231232524
00010 235194542
00010 236766976
00010 236962514
00010 236977646
00010 237195700
00010 237201364
00010 238118196
00010 246951876
00010 252174732
00010 253063692
00010 254466352
00010 255318038
00010 256429036
00010 261236874
00010 262370132
00010 269031716
00010 269520292
00010 270130946
00010 272852794
00010 273571102
00010 274161160
00010 274508498
00010 276903202
00010 279694334
00010 285122144
00010 289878414
00010 291162480
00010 291284742
00010 291993948
00010 295182286
00010 297619826
00010 298367226
00010 298705348
00010 299653492
00010 299891746
00010 299923972
00010 300920840
00010 300937566
00010 301101734
00010 303208600
00010 304601036
00010 306021000
00010 307225216
00010 308227048
00010 311212146
00010 317607960
00010 320335070
00010 322237330
00010 323445674
00010 326011490
00010 326692264
00010 326832856
00010 327373076
00010 328997276
00010 329044832
00010 331349988
00010 335248374
00010 336449580
00010 342676224
00010 344835720
00010 351394138
00010 355373518
00010 359392982
00010 363573340
00010 366137016
00010 368446200
00010 369139666
00010 370017618
00010 374886238
00010 375103270
00010 376301034
00010 381378832
00010 381821458
00010 382747648
00010 382859078
00010 383288976
00010 384639742
00010 385016856
00010 386503488
00010 388240938
00010 388846654
00010 390354510
00010 393510628
00010 398645354
00010 399706684
00010 400481636
00010 400913498
00010 404063340
00010 404202816
00010 406123272
00010 408023692
00010 409060356
00010 409146802
00010 410381070
00010 411923814
00010 414707426
00010 415358694
00010 416031494
00010 416627100
00010 421163108
00010 421510970
00010 422955896
00010 427134732
00010 427668634
00010 427718120
00010 428556042
00010 428683840
00010 432454306
00010 433288244
00010 440819778
00010 449855384
00010 451578760
00010 453890734
00010 454090654
00010 454908412
00010 455491398
00010 457018406
00010 460186298
00010 460382834
00010 462217270
00010 465816242
00010 466919292
00010 468173878
00010 468484150
00010 471830512
00010 471901014
00010 472057840
00010 475485406
00010 479481640
00010 480529250
00010 480661878
00010 482845718
00010 484369038
00010 485903386
00010 486505496
00010 490102404
00010 490522006
00010 491887972
00010 491988494
00010 494284362
00010 496195230
00010 500704940
00010 502926134
00010 504896638
00010 505070242
00010 509104542
00010 511146858
00010 512143536
00010 513598130
00010 517429346
00010 520399228
00010 520601722
00010 522386860
00010 531218774
00010 531253260
00010 532162820
00010 532220102
00010 532333138
00010 532690488
00010 533401832
00010 536457178
00010 542023440
00010 545097044
00010 546216240
00010 549618702
00010 551187952
00010 552039324
00010 555418982
00010 556765260
00010 558136864
00010 558641958
00010 559153422
00010 562425386
00010 564775252
00010 565498454
00010 566857244
00010 568011854
00010 568867404
00010 569646288
00010 571181162
00010 572616382
00010 573139192
00010 573167850
00010 576170598
00010 577228316
00010 577502960
00010 577839578
00010 579845766
00010 583599052
00010 586140752
00010 588245062
00010 591033484
00010 597965188
00010 599429560
00010 600807766
00010 600860060
00010 602696998
00010 606498348
00010 608093050
00010 611746596
00010 613996328
00010 615920526
00010 617545848
00010 618963664
00010 618980102
00010 620298716
00010 623280958
00010 626573386
00010 631748338
00010 634918812
00010 635591078
00010 636211874
00010 636771564
00010 641659020
00010 642089924
00010 643083056
00010 643172210
00010 648204816
00010 651310872
00010 651664500
00010 652093226
00010 655244642
00010 655294894
00010 655300940
00010 659843228
00010 660888404
00010 661648910
00010 661927586
00010 662713476
00010 667485740
00010 670076690
00010 673686208
00010 675727994
00010 677351698
00010 677578172
00010 678775468
00010 681398904
00010 684857174
00010 686299402
00010 686515140
00010 691540420
00010 691929740
00010 693552174
00010 698188714
00010 698476594
00010 699327818
00010 702368096
00010 707857264
00010 711806492
00010 718741784
00010 721756514
00010 724622668
00010 727509870
00010 728490688
00010 731763558
00010 731846498
00010 736383116
00010 736917074
00010 737131042
00010 738347274
00010 738654852
00010 739967094
00010 740016026
00010 745400576
00010 745669446
00010 747051080
00010 747286444
00010 747780784
00010 750164252
00010 750546416
00010 751030318
00010 751355426
00010 751652988
00010 754344162
00010 754866308
00010 764143922
00010 767208266
00010 768327936
00010 771032354
00010 772805982
00010 773272510
00010 773568120
00010 775445950
00010 777224968
00010 777404904
00010 780278330
00010 790351818
00010 792610852
00010 793545404
00010 796652322
00010 800537448
00010 802838814
00010 803547876
00010 808690866
00010 815022232
00010 816907214
00010 819057260
00010 821016954
00010 822043738
00010 822669552
00010 823016494
00010 827082056
00010 836331432
00010 840836990
00010 845649118
00010 846264928
00010 848066574
00010 848561418
00010 849335506
00010 852778624
00010 852944654
00010 853649864
00010 855414660
00010 855613894
00010 855777826
00010 857474370
00010 859460808
00010 859837442
00010 862324772
00010 863540062
00010 864501226
00010 865017062
00010 875716712
00010 876766624
00010 876837638
00010 880153872
00010 880270356
00010 883453754
00010 885057400
00010 888343550
00010 890357550
00010 892834240
00010 893086194
00010 893886220
00010 895410374
00010 898464852
00010 898908906
00010 899606664
00010 902066370
00010 902125718
00010 903160028
00010 909723952
00010 912835650
00010 915817076
00010 918457580
00010 922105376
00010 922766744
00010 923757418
00010 924393270
00010 928331576
00010 930726972
00010 932035804
00010 932756978
00010 937905930
00010 938130464
00010 940523558
00010 946372660
00010 946507220
00010 947319570
00010 947885318
00010 948420372
00010 951584214
00010 954867464
00010 955499894
00010 956137542
00010 957527970
00010 958253944
00010 961788444
00010 962322400
00010 963764168
00010 964033456
00010 964598352
00010 965438320
00010 971691976
00010 973913054
00010 974887796
00010 977015172
00010 977825140
00010 978859346
00010 979657496
00010 983227356
00010 983599702
00010 983714354
00010 985802674
00010 988657106
00010 991211560
00010 993676324
00010 993773246
00010 996492480
00010 997647596
00010 262564
00010 2092740
00010 6638204
00010 11134208
00010 11296250
00010 15294074
00010 17780586
00010 19045890
00010 19731114
00010 20594786
00010 23925762
00010 26214356
00010 28122870
00010 28661586
00010 29634006
00010 32130246
00010 38177514
00010 39957952
00010 40390018
00010 40466346
00010 43927522
00010 47121900
00010 51605036
00010 56384174
00010 56744612
00010 60662942
00010 62977242
00010 66607654
00010 69066298
00010 70946474
00010 71653200
00010 72093298
00010 72898502
00010 74200666
00010 77207404
00010 78140868
00010 78673630
00010 79405540
00010 82233330
00010 85981612
00010 86226968
00010 90668450
00010 91081196
00010 94154834
00010 98107324
00010 104830572
00010 112012218
00010 112045834
00010 113686734
00010 114516994
00010 125886338
00010 126473700
00010 130956272
00010 130970880
00010 131556074
00010 132096466
00010 132214020
00010 133700532
00010 133937842
00010 135815904
00010 136070234
00010 137226324
00010 139093342
00010 143539986
00010 146197352
00010 146648044
00010 150575218
00010 152213600
00010 157004274
00010 159130396
00010 164308606
00010 167249536
00010 168982552
00010 169267492
00010 169453966
00010 172345952
00010 175613826
00010 180152256
00010 180362906
00010 183040344
00010 187347630
00010 189742994
00010 190170784
00010 190952522
00010 196808850
00010 197640898
00010 199260040
00010 201528176
00010 201846958
00010 204697812
00010 206831698
00010 207830808
00010 208881780
00010 209056336
00010 209681464
00010 214197428
00010 214284228
00010 214563488
00010 216161694
00010 217945082
00010 221210492
00010 224572076
00010 224967632
00010 227225248
00010 228066142
00010 228583166
00010 230562220
00010 235808202
00010 238149030
00010 240076626
00010 242262560
00010 243880388
00010 244226290
00010 245038674
00010 247596350
00010 249025874
00010 250161184
00010 252094932
00010 252158646
00010 252569252
00010 252616984
00010 253043672
00010 255112166
00010 258999100
00010 264752174
00010 269166106
00010 270133010
00010 271893328
00010 275959304
00010 277141092
00010 278530534
00010 278932228
00010 278984016
00010 281280384
00010 281536374
00010 282863458
00010 283007636
00010 283999640
00010 284668356
00010 285192932
00010 285894672
00010 288570016
00010 293436524
00010 294205446
00010 296719990
00010 296949676
00010 300783186
00010 303722284
00010 303950030
00010 303966314
00010 305513942
00010 306452304
00010 311821690
00010 311869614
00010 312451356
00010 321888962
00010 322444804
00010 325164212
00010 328829960
00010 329976290
00010 331387606
00010 331973460
00010 332083266
00010 332419206
00010 335799118
00010 337345122
00010 338870668
00010 340275964
00010 342220510
00010 343866404
00010 344894404
00010 347085264
00010 347726654
00010 347834240
00010 350609980
00010 353403832
00010 353891324
00010 354509130
00010 356876356
00010 358907070
00010 361693972
00010 366247638
00010 366590458
00010 373486064
00010 374954284
00010 375316526
00010 375651206
00010 377545304
00010 378035618
00010 378670886
00010 378876762
00010 382970472
00010 383207400
00010 384664256
00010 386677694
00010 387142104
00010 390676866
00010 396819492
00010 397914146
00010 399153522
00010 400793036
00010 401383720
00010 406160518
00010 406205752
00010 408089780
00010 412270158
00010 413352408
00010 414777632
00010 418751122
00010 421840756
00010 425241452
00010 425457306
00010 427819428
00010 428223158
00010 431244928
00010 434865948
00010 436527934
00010 436786534
00010 437984920
00010 439457034
00010 440734976
00010 444798808
00010 445000262
00010 446422726
00010 449789098
00010 454722966
00010 459832670
00010 461759276
00010 465007978
00010 468765858
00010 469567768
00010 470190372
00010 471622900
00010 474664178
00010 477158882
00010 478880310
00010 483445472
00010 487735976
00010 491778548
00010 498189144
00010 499699158
00010 504828250
00010 505788850
00010 509824882
00010 510161944
00010 512645108
00010 515121676
00010 523136542
00010 525134356
00010 528045020
00010 531652972
00010 534436024
00010 534473724
00010 534921232
00010 535176786
00010 535360810
00010 536101954
00010 537499128
00010 538164530
00010 546603682
00010 547167518
00010 551016462
00010 551018950
00010 553697526
00010 555277718
00010 555959160
00010 556470454
00010 556661026
00010 559732318
00010 562328322
00010 562427574
00010 562787160
00010 565882546
00010 567338016
00010 568474840
00010 569015802
00010 569557786
00010 570416528
00010 572615082
00010 577152624
00010 577862766
00010 578540634
00010 579947140
00010 585277800
00010 587618268
00010 589127540
00010 589211552
00010 589538950
00010 590545418
00010 590570354
00010 590717214
00010 591982160
00010 594323842
00010 597731324
00010 597733556
00010 599065194
00010 602690618
00010 605423530
00010 606027940
00010 606429304
00010 606725196
00010 607017134
00010 607385656
00010 608181516
00010 609249062
00010 610243838
00010 610628560
00010 610907170
00010 613281870
00010 619546806
00010 620303702
00010 620343308
00010 621767956
00010 626582900
00010 628115172
00010 629504538
00010 630227886
00010 632555426
00010 634047084
00010 634685586
00010 634882882
00010 635024860
00010 635900184
00010 638048178
00010 638183164
00010 641135218
00010 641138292
00010 641258030
00010 644531438
00010 646470164
00010 647326826
00010 658871990
00010 659453214
00010 659641164
00010 661168944
00010 663644444
00010 663912072
00010 672643470
00010 673376844
00010 678045474
00010 678284486
00010 679285408
00010 687378594
00010 694320936
00010 696900948
00010 697582258
00010 703359198
00010 703991206
00010 704772334
00010 704875226
00010 706270994
00010 708391672
00010 708425922
00010 710365794
00010 717841126
00010 720341436
00010 725165278
00010 729243234
00010 729246012
00010 729599376
00010 729619270
00010 731516752
00010 734943856
00010 736347810
00010 737793612
00010 739887712
00010 740276316
00010 741526510
00010 742194670
00010 743530722
00010 745381584
00010 745829972
00010 747225846
00010 750629202
00010 751113900
00010 752295402
00010 755355022
00010 755869350
00010 755917272
00010 760565194
00010 761128244
00010 762692014
00010 771261312
00010 772430118
00010 773326818
00010 773618972
00010 775066006
00010 776811562
00010 777147182
00010 779523664
00010 782910182
00010 783094192
00010 783923428
00010 785030354
00010 791252378
00010 792252574
00010 792303650
00010 794730422
00010 801649834
00010 803368292
00010 805277484
00010 811826518
00010 823007544
00010 824719596
00010 829406588
00010 830950056
00010 832978574
00010 835724368
00010 836127630
00010 839962110
00010 840298326
00010 840580904
00010 840952882
00010 845198216
00010 846052390
00010 847334160
00010 847627864
00010 848895618
00010 852691082
00010 856998540
00010 858701752
00010 858920528
00010 864659518
00010 866333014
00010 868599604
00010 869377722
00010 875737302
00010 876655396
00010 877496218
00010 879101868
00010 880851920
00010 885470294
00010 885967898
00010 889150688
00010 889523310
00010 890405762
00010 890810618
00010 890961804
00010 892049640
00010 892803706
00010 896229672
00010 899257142
00010 900408608
00010 900932832
00010 901262514
00010 904033352
00010 909444116
00010 913084854
00010 915356036
00010 915601520
00010 920754052
00010 922014984
00010 929238438
00010 930462644
00010 935626454
00010 935647956
00010 936096530
00010 936493388
00010 937273822
00010 939232910
00010 941349668
00010 942525598
00010 942589286
00010 943002570
00010 945552682
00010 948925562
00010 951742288
00010 952234204
00010 952657950
00010 956550690
00010 957228738
00010 957575242
00010 958863452
00010 962634010
00010 964590434
00010 964669742
00010 967147000
00010 968398540
00010 969344094
00010 969662700
00010 973334414
00010 977496814
00010 978450484
00010 983407012
00010 984496286
00010 992572990
00010 994944590
00010 995462520
00010 995661984
