00010 6785616
00010 11246640
00010 18379160
00010 20220514
00010 20339314
00010 20516360
00010 21537310
00010 23421912
00010 24967188
00010 25168072
00010 25331956
00010 25455566
00010 25731410
00010 28854440
00010 32161220
00010 32610836
00010 32644332
00010 34281600
00010 36505986
00010 37108948
00010 43067762
00010 43261006
00010 43724152
00010 44016458
00010 47667796
00010 49415362
00010 49538392
00010 49851530
00010 50052502
00010 50857642
00010 55891584
00010 61140122
00010 62156160
00010 62210260
00010 62402666
00010 63084940
00010 65226470
00010 66350004
00010 67193890
00010 67442422
00010 69601504
00010 70972814
00010 71031120
00010 71608378
00010 75240504
00010 81196286
00010 82330958
00010 85157864
00010 85724752
00010 86008128
00010 86498684
00010 88033688
00010 90412176
00010 94666748
00010 95019628
00010 95140940
00010 96474822
00010 96653140
00010 97635252
00010 99025788
00010 101184174
00010 105584714
00010 106891658
00010 106908066
00010 108095296
00010 109103838
00010 112517834
00010 113996542
00010 114253318
00010 115986322
00010 116095332
00010 116457670
00010 116721738
00010 116886034
00010 123059358
00010 124824532
00010 124831018
00010 124875232
00010 127933190
00010 131341618
00010 133788434
00010 134985242
00010 135264284
00010 135826760
00010 136976504
00010 137543688
00010 138314706
00010 140213518
00010 140368192
00010 143314156
00010 144421060
00010 148590210
00010 154693270
00010 158240836
00010 160459314
00010 160632212
00010 162158860
00010 167222224
00010 168256164
00010 168775848
00010 169355840
00010 172944100
00010 174206272
00010 175596864
00010 178850862
00010 185665738
00010 188603398
00010 189641056
00010 191381048
00010 194545138
00010 196141076
00010 196625168
00010 197520474
00010 197975382
00010 198416976
00010 202104028
00010 204459000
00010 207750860
00010 208415742
00010 208669970
00010 209376824
00010 209910394
00010 212434962
00010 215167284
00010 232808862
00010 234244818
00010 238423764
00010 238963044
00010 241951022
00010 242940310
00010 247238716
00010 254704680
00010 261570536
00010 262195538
00010 263626900
00010 264240758
00010 267251558
00010 267786168
00010 268308766
00010 270043112
00010 270176944
00010 271209464
00010 277206582
00010 277284078
00010 278603682
00010 279564586
00010 285638068
00010 287721002
00010 288982394
00010 289718282
00010 292192440
00010 292587702
00010 296259006
00010 302806414
00010 304159912
00010 305602374
00010 308195032
00010 308871890
00010 310351008
00010 311677136
00010 312119334
00010 312755922
00010 314351628
00010 314905514
00010 319516990
00010 319812072
00010 324765702
00010 326603086
00010 326738768
00010 329784194
00010 337261098
00010 337337496
00010 337496012
00010 346509284
00010 348746710
00010 349938868
00010 350358696
00010 351939522
00010 354385472
00010 355255010
00010 356017500
00010 356129408
00010 357360656
00010 358275838
00010 358661098
00010 362042702
00010 362583588
00010 363030392
00010 363150590
00010 367963568
00010 368351082
00010 371559500
00010 371709920
00010 378149766
00010 378639368
00010 380061268
00010 381724678
00010 383299280
00010 385123390
00010 387111336
00010 388795566
00010 390518442
00010 390916500
00010 392631110
00010 393873082
00010 401715000
00010 402268130
00010 407616320
00010 412515466
00010 413051712
00010 415207556
00010 415830190
00010 416267216
00010 417762788
00010 419634408
00010 419708748
00010 421964318
00010 424515166
00010 430778420
00010 432797692
00010 433044554
00010 434264924
00010 437458530
00010 444370408
00010 445232128
00010 445385922
00010 458993326
00010 461215212
00010 461990976
00010 463809702
00010 469491266
00010 476384752
00010 477485502
00010 477932822
00010 478361392
00010 479331218
00010 481515308
00010 483354546
00010 484250206
00010 485813940
00010 486248222
00010 494340310
00010 496907814
00010 498597986
00010 500423842
00010 500580016
00010 502770922
00010 503162776
00010 504436204
00010 509769830
00010 512914858
00010 513006366
00010 513477468
00010 516062876
00010 519587632
00010 521445008
00010 521611858
00010 522071062
00010 525016298
00010 527894128
00010 527895282
00010 530792138
00010 539997566
00010 543982550
00010 547167696
00010 551411890
00010 554093904
00010 557874496
00010 558284378
00010 563695922
00010 564202314
00010 566245834
00010 567139910
00010 567642754
00010 569301608
00010 570738528
00010 574170040
00010 574881734
00010 578744058
00010 580371606
00010 580692430
00010 582366810
00010 584651474
00010 589173242
00010 592137114
00010 593246354
00010 594027162
00010 594530130
00010 596345578
00010 597007404
00010 597130052
00010 597446040
00010 598544378
00010 598615592
00010 599813928
00010 601574416
00010 603521630
00010 606832832
00010 607306034
00010 607699294
00010 608200470
00010 609994500
00010 613984628
00010 615769866
00010 617244684
00010 617463954
00010 618687404
00010 627510092
00010 627632228
00010 627751714
00010 627819290
00010 629871104
00010 630962134
00010 631111768
00010 632643250
00010 633167574
00010 640099112
00010 640673654
00010 644729186
00010 650391606
00010 656208406
00010 657627776
00010 658488994
00010 660344888
00010 660798604
00010 661924940
00010 662124792
00010 662735316
00010 663158312
00010 667072818
00010 668189594
00010 669476172
00010 672231680
00010 672256354
00010 675046278
00010 676120478
00010 676878214
00010 678027458
00010 685689060
00010 698761458
00010 701334006
00010 703775128
00010 703816372
00010 704195660
00010 704487788
00010 705537826
00010 705660864
00010 708206656
00010 708925142
00010 710286124
00010 714668150
00010 715945862
00010 716492016
00010 720139572
00010 720967388
00010 728112406
00010 728514634
00010 730192484
00010 732109842
00010 733536528
00010 737172040
00010 737410608
00010 738133736
00010 738136172
00010 739314392
00010 746593766
00010 746996714
00010 749416124
00010 750444604
00010 752667726
00010 753361370
00010 761032906
00010 762482108
00010 763415988
00010 771107326
00010 771732312
00010 772148686
00010 776663474
00010 777394422
00010 781585622
00010 782014512
00010 782018446
00010 782266188
00010 786178544
00010 788774958
00010 789258288
00010 789823492
00010 792482792
00010 795979648
00010 796046602
00010 798477022
00010 798513234
00010 799940796
00010 801301212
00010 802162876
00010 806709716
00010 808370824
00010 809713988
00010 813853402
00010 816740978
00010 821802348
00010 822343010
00010 822579712
00010 824762736
00010 825068422
00010 826484868
00010 827917870
00010 830450930
00010 831472340
00010 836746918
00010 837419166
00010 838141080
00010 839398164
00010 844527120
00010 845750680
00010 853198122
00010 856383362
00010 857456894
00010 859586638
00010 861251294
00010 864119960
00010 864315286
00010 868997332
00010 874391822
00010 879108874
00010 879896078
00010 881392782
00010 884777222
00010 885079506
00010 888218036
00010 888221400
00010 889139626
00010 891669204
00010 897338310
00010 899746188
00010 900012752
00010 900793188
00010 906490482
00010 909024868
00010 910917724
00010 912266772
00010 914066916
00010 914479852
00010 916233166
00010 916288882
00010 920332454
00010 925340936
00010 927775632
00010 927922482
00010 930633752
00010 931485912
00010 935357618
00010 935458448
00010 935753762
00010 937705066
00010 938966724
00010 939300408
00010 941692630
00010 941947426
00010 948116688
00010 950608210
00010 958384368
00010 961548690
00010 961813842
00010 962577156
00010 964655650
00010 965545524
00010 967203596
00010 968751934
00010 970667334
00010 971796508
00010 971821592
00010 977287284
00010 981216660
00010 982094968
00010 983349908
00010 984082982
00010 991690300
00010 995557804
00010 997509164
00010 6694990
00010 7419974
00010 8378730
00010 11518334
00010 15987506
00010 23937168
00010 24670950
00010 28491964
00010 29366248
00010 31629406
00010 34325366
00010 35037262
00010 36446288
00010 39573684
00010 44347584
00010 46618330
00010 46958284
00010 48809202
00010 51814540
00010 53459530
00010 53771178
00010 58548726
00010 62119848
00010 62165866
00010 70397230
00010 73649144
00010 73961834
00010 74646838
00010 74843886
00010 76492680
00010 81531150
00010 81537202
00010 86914846
00010 88269646
00010 89944210
00010 95108536
00010 96847230
00010 98341674
00010 99685170
00010 100601924
00010 103829048
00010 103880230
00010 104166896
00010 105053362
00010 109147802
00010 109346338
00010 110748494
00010 111905464
00010 112262854
00010 113907316
00010 114625048
00010 115474622
00010 115573220
00010 118136016
00010 121118180
00010 121248114
00010 124258646
00010 126815802
00010 129542898
00010 129742202
00010 136113580
00010 136340510
00010 136541238
00010 138038082
00010 141347324
00010 142826362
00010 144635750
00010 146081346
00010 150384468
00010 151717976
00010 152549776
00010 154961100
00010 155446778
00010 155886018
00010 157606642
00010 159471112
00010 160085798
00010 162603218
00010 162688652
00010 163339736
00010 166614394
00010 167600960
00010 168060858
00010 173831372
00010 175214180
00010 177920236
00010 178793284
00010 178953622
00010 179854920
00010 180091626
00010 180848290
00010 184064876
00010 185404550
00010 187220090
00010 188563052
00010 193968132
00010 194909858
00010 195010044
00010 200684504
00010 204045304
00010 206940480
00010 208985796
00010 209123508
00010 212660392
00010 213792624
00010 213963124
00010 214295734
00010 214538196
00010 215180566
00010 217794794
00010 219276710
00010 222908638
00010 224602192
00010 225358914
00010 228620794
00010 231188960
00010 232674738
00010 232983886
00010 234634688
00010 234879874
00010 236509696
00010 237483258
00010 238176860
00010 239308398
00010 241021774
00010 241154184
00010 246832316
00010 250294516
00010 253677368
00010 257373460
00010 263835420
00010 264653012
00010 265422364
00010 266436550
00010 267609798
00010 271112270
00010 277250342
00010 278267268
00010 279754070
00010 279944870
00010 280398748
00010 281808724
00010 282796994
00010 283287794
00010 284386484
00010 286046150
00010 286984760
00010 287030058
00010 289046530
00010 291127324
00010 292380562
00010 292498744
00010 296302362
00010 298708382
00010 301772574
00010 306837534
00010 308731144
00010 311219840
00010 312872274
00010 313020824
00010 315177154
00010 315270680
00010 316691840
00010 317397414
00010 325445246
00010 327416704
00010 331683080
00010 332127978
00010 332702348
00010 333689726
00010 335506052
00010 335674040
00010 336355278
00010 338889626
00010 342818984
00010 343192886
00010 348384872
00010 348618480
00010 349469312
00010 352168148
00010 352506632
00010 355776320
00010 356280862
00010 358511922
00010 362952972
00010 364023826
00010 364411136
00010 368673198
00010 369900620
00010 372568398
00010 372737694
00010 372932422
00010 374000782
00010 374591908
00010 376913540
00010 384316848
00010 385995548
00010 386374888
00010 387585264
00010 391365084
00010 395056494
00010 395529876
00010 398385316
00010 401128750
00010 402446396
00010 402940772
00010 407683666
00010 410782240
00010 411943860
00010 412083774
00010 412118720
00010 413668126
00010 414512830
00010 415466290
00010 417816840
00010 419164902
00010 421113954
00010 423200488
00010 423968426
00010 425050312
00010 428233980
00010 429047574
00010 430652000
00010 432671406
00010 433627926
00010 433675942
00010 436896018
00010 437338706
00010 437993102
00010 443783500
00010 448806106
00010 449197534
00010 455754192
00010 460470038
00010 460616318
00010 462540280
00010 464297590
00010 465304768
00010 465489214
00010 468908670
00010 470214834
00010 473361176
00010 473362160
00010 474408664
00010 475907138
00010 477821802
00010 477947764
00010 483486014
00010 487894806
00010 488997246
00010 490064396
00010 498424010
00010 501421882
00010 502237252
00010 505464454
00010 508005596
00010 509020470
00010 511655226
00010 516500366
00010 518458452
00010 519182058
00010 521732912
00010 525719224
00010 528186502
00010 529101978
00010 535160122
00010 535753926
00010 538788894
00010 539875314
00010 540345604
00010 541247452
00010 547118434
00010 558184970
00010 558612964
00010 560670136
00010 562013902
00010 564542502
00010 564723654
00010 566064044
00010 567837430
00010 574285578
00010 574484330
00010 575658316
00010 584488454
00010 588575016
00010 591408144
00010 596839120
00010 597234604
00010 599622002
00010 601716552
00010 604455692
00010 605415028
00010 610645908
00010 613221052
00010 614977300
00010 620768790
00010 630711380
00010 631169404
00010 631336090
00010 631854250
00010 633420392
00010 634711154
00010 634764148
00010 635097484
00010 636790158
00010 638604908
00010 645407330
00010 646668804
00010 646991250
00010 651646340
00010 654073236
00010 654997582
00010 657120454
00010 657428052
00010 658833440
00010 658840650
00010 659093694
00010 659564654
00010 664207364
00010 664254222
00010 665086426
00010 666209806
00010 666652048
00010 667980156
00010 668344760
00010 671963266
00010 672320386
00010 674741808
00010 675389506
00010 679090904
00010 681134064
00010 688025434
00010 688249208
00010 688637640
00010 689549634
00010 690087094
00010 691043150
00010 691830320
00010 692441536
00010 692933656
00010 694957340
00010 696930162
00010 698362198
00010 699599590
00010 699737780
00010 700893564
00010 704751564
00010 704853778
00010 707691822
00010 707732764
00010 709676454
00010 710583476
00010 713652948
00010 716876412
00010 718673054
00010 720512352
00010 722494422
00010 722983322
00010 725798374
00010 726766974
00010 726998958
00010 728658796
00010 730581290
00010 731763400
00010 731891680
00010 735836794
00010 735855500
00010 739744856
00010 741213294
00010 746414880
00010 751570754
00010 752489820
00010 752614032
00010 753244036
00010 753828782
00010 753913662
00010 754260044
00010 758746454
00010 763347650
00010 763500100
00010 772711884
00010 774970782
00010 775400680
00010 777563108
00010 779405306
00010 780548722
00010 781254446
00010 781258842
00010 782917720
00010 785361712
00010 786936050
00010 793124818
00010 793331576
00010 795621478
00010 799780010
00010 800129442
00010 801152676
00010 801478370
00010 801812666
00010 802842934
00010 802981212
00010 806998860
00010 810326214
00010 814374268
00010 816362688
00010 818089294
00010 822870792
00010 823187100
00010 825823008
00010 826326750
00010 826928924
00010 833375202
00010 836926400
00010 843441758
00010 847208128
00010 847829880
00010 853835912
00010 854909148
00010 859441454
00010 862215328
00010 863056234
00010 865161176
00010 865907732
00010 866455672
00010 880203168
00010 881750092
00010 885819946
00010 886554204
00010 888502994
00010 889927618
00010 890179896
00010 891019174
00010 893521580
00010 893945048
00010 896331766
00010 899140518
00010 899646290
00010 902585850
00010 903621330
00010 905011296
00010 910934980
00010 911540698
00010 911555934
00010 914136068
00010 919115400
00010 924843468
00010 925669604
00010 927915804
00010 931746426
00010 932858238
00010 933897592
00010 938133798
00010 945838194
00010 947249646
00010 950651162
00010 953149434
00010 955621862
00010 956360968
00010 958028040
00010 958072776
00010 958612168
00010 959163992
00010 962084222
00010 963119736
00010 964284770
00010 964379648
00010 964431190
00010 965594200
00010 970300676
00010 973543784
00010 974374110
00010 978375800
00010 981710164
00010 982574566
00010 983434678
00010 988178418
00010 992953864
00010 994615228
00010 995176830
00010 996420026
00010 996466176
00010 998225726
00010 1000161730
00010 1000440518
00010 633896
00010 6603090
00010 9915488
00010 11328254
00010 12405288
00010 12833462
00010 24859534
00010 28965840
00010 29701850
00010 31702982
00010 32455926
00010 32850820
00010 33110390
00010 37001434
00010 37209392
00010 37400992
00010 38581084
00010 38687610
00010 38777000
00010 39583072
00010 39848196
00010 40226614
00010 41280670
00010 42362292
00010 44904336
00010 44937326
00010 47184714
00010 51013628
00010 55498120
00010 58333476
00010 66042870
00010 66653570
00010 72847486
00010 75456460
00010 76366464
00010 77792994
00010 79773580
00010 79819442
00010 88924212
00010 90605640
00010 95426364
00010 97068428
00010 97587300
00010 101674406
00010 102819774
00010 107956956
00010 108570920
00010 109459592
00010 109551662
00010 109572200
00010 112509986
00010 112563064
00010 115280276
00010 117851026
00010 120214998
00010 120855410
00010 122735762
00010 124074372
00010 124507914
00010 124616580
00010 124931056
00010 126255730
00010 129079926
00010 130789472
00010 133637822
00010 134952102
00010 137359070
00010 138543818
00010 139145852
00010 139931192
00010 140096280
00010 143798194
00010 145202532
00010 147494586
00010 148416314
00010 151079036
00010 151117544
00010 152895114
00010 153277302
00010 154198470
00010 154847934
00010 156281590
00010 160089470
00010 162535702
00010 163902286
00010 164206544
00010 167515556
00010 167870334
00010 169000764
00010 171401426
00010 172686552
00010 177388718
00010 180727130
00010 186165630
00010 188280230
00010 188486876
00010 189093588
00010 189446760
00010 200584976
00010 201862892
00010 204446754
00010 206873080
00010 210969394
00010 211220686
00010 212874270
00010 213786058
00010 225202526
00010 226296686
00010 226389210
00010 227375662
00010 227830660
00010 227839654
00010 228475484
00010 233079350
00010 238044966
00010 238469134
00010 240926488
00010 241111310
00010 241129816
00010 246359560
00010 247428688
00010 248832590
00010 249975144
00010 251026374
00010 251549138
00010 252016804
00010 252159504
00010 254690316
00010 256638292
00010 260643882
00010 261310612
00010 261888042
00010 263444132
00010 268477996
00010 270103084
00010 280039882
00010 281799834
00010 284971750
00010 290201448
00010 291982132
00010 292852870
00010 292861330
00010 296262146
00010 298837846
00010 302662232
00010 304768848
00010 306905546
00010 308881814
00010 312320556
00010 312483388
00010 312713406
00010 312944520
00010 313396568
00010 316320714
00010 318407994
00010 321430310
00010 324335068
00010 325804088
00010 329376092
00010 330070600
00010 330779786
00010 331070376
00010 333990650
00010 334663162
00010 336006038
00010 341805674
00010 343028792
00010 344650104
00010 351496794
00010 356166650
00010 357646028
00010 359908536
00010 359920736
00010 361146492
00010 363055492
00010 364235922
00010 364718182
00010 364772642
00010 366087566
00010 371353236
00010 372490414
00010 373846832
00010 375555306
00010 375901154
00010 380271608
00010 380509066
00010 382002062
00010 382453018
00010 385184060
00010 385515368
00010 386460578
00010 387192594
00010 388279818
00010 391798992
00010 392654032
00010 393392500
00010 394825684
00010 398748644
00010 401627786
00010 402322534
00010 402815864
00010 404174050
00010 405018078
00010 405736604
00010 405957084
00010 406741038
00010 407823564
00010 408490520
00010 416941650
00010 418300980
00010 419475638
00010 421110002
00010 421697544
00010 422892026
00010 423751334
00010 425975612
00010 428355946
00010 428862566
00010 429021794
00010 430860836
00010 432261208
00010 434016668
00010 434567988
00010 435275180
00010 436182612
00010 438066258
00010 440919874
00010 441907282
00010 442981232
00010 447417008
00010 450751898
00010 454979298
00010 454990536
00010 457329364
00010 466864314
00010 467176962
00010 467848246
00010 471476992
00010 472290922
00010 473376830
00010 474372966
00010 474469900
00010 478478344
00010 483698324
00010 484031516
00010 485952158
00010 486239762
00010 486384444
00010 488347332
00010 488703866
00010 489111696
00010 490021624
00010 491711270
00010 492622412
00010 496301054
00010 496551096
00010 498111594
00010 498142700
00010 501021984
00010 502218670
00010 504437846
00010 505087700
00010 505394744
00010 508519526
00010 509305838
00010 511205986
00010 512650936
00010 525835862
00010 526106172
00010 526946788
00010 527196044
00010 529187140
00010 529437068
00010 531285946
00010 531484694
00010 533258982
00010 537906486
00010 538023608
00010 539549138
00010 549219280
00010 550013964
00010 550974064
00010 552619006
00010 556207186
00010 556777302
00010 558328768
00010 558957194
00010 564998738
00010 566479472
00010 566943526
00010 567301830
00010 567351836
00010 570769976
00010 570791808
00010 573275346
00010 573491554
00010 574203440
00010 581642716
00010 589043406
00010 589616476
00010 598494480
00010 598552122
00010 598582998
00010 599375978
00010 603457386
00010 605887724
00010 606761680
00010 608893654
00010 609945788
00010 613307514
00010 615649646
00010 619949092
00010 620139390
00010 620500530
00010 620766234
00010 623971692
00010 624020050
00010 624857732
00010 625678826
00010 625886732
00010 625933096
00010 629759744
00010 629865756
00010 632074154
00010 632209094
00010 633262728
00010 637888608
00010 638538228
00010 641181450
00010 644063938
00010 646070726
00010 646301542
00010 646786788
00010 647177236
00010 647767214
00010 653663296
00010 655251364
00010 658931198
00010 658954802
00010 662689406
00010 662786672
00010 665153202
00010 666654936
00010 667162850
00010 668326902
00010 668444508
00010 669154428
00010 672448926
00010 675414480
00010 676843208
00010 676909154
00010 681009770
00010 682453724
00010 687598206
00010 689608650
00010 690008764
00010 691097596
00010 692484858
00010 694122492
00010 697104316
00010 697298610
00010 697825458
00010 698732494
00010 699894754
00010 700334410
00010 701130888
00010 701296512
00010 708590548
00010 708847424
00010 709262474
00010 709630606
00010 711373752
00010 713091414
00010 714732190
00010 717767496
00010 717868556
00010 719267662
00010 722904892
00010 724582464
00010 725036264
00010 728194620
00010 729104706
00010 731867848
00010 733443710
00010 734526186
00010 737132950
00010 738020888
00010 744383526
00010 745813444
00010 746849332
00010 747742762
00010 747890986
00010 751551168
00010 751613576
00010 753042736
00010 753238640
00010 755757448
00010 755835360
00010 756929080
00010 758895244
00010 759503814
00010 761669008
00010 761736836
00010 767814592
00010 774032912
00010 774612750
00010 778045962
00010 781656912
00010 783870488
00010 783912580
00010 784085278
00010 784443012
00010 784501656
00010 785127422
00010 792680014
00010 794943446
00010 795565398
00010 795575976
00010 796190294
00010 796419418
00010 800988446
00010 802984438
00010 804155524
00010 807046538
00010 809217612
00010 812706610
00010 815281052
00010 816089230
00010 816697480
00010 822730864
00010 823031796
00010 824062166
00010 824956314
00010 825214138
00010 825742610
00010 834289272
00010 837720776
00010 844118778
00010 844850402
00010 845383070
00010 847015850
00010 849123410
00010 850571282
00010 850684304
00010 853420232
00010 854774860
00010 854908186
00010 856268484
00010 856489426
00010 856909206
00010 859500394
00010 859622428
00010 860131262
00010 861200306
00010 864521136
00010 864533710
00010 866822600
00010 870199342
00010 870311868
00010 870458528
00010 870572272
00010 872254578
00010 873173068
00010 873482654
00010 873691596
00010 881393146
00010 883759080
00010 884754196
00010 885828154
00010 889245750
00010 889916936
00010 891101774
00010 892253538
00010 894973626
00010 895467520
00010 897909646
00010 899068582
00010 902906152
00010 903978560
00010 905245774
00010 911163566
00010 912526724
00010 912716672
00010 915000718
00010 917619472
00010 919759798
00010 922002132
00010 924488920
00010 926266884
00010 928404870
00010 928808584
00010 929945696
00010 930505244
00010 931733426
00010 933363660
00010 938071820
00010 942227456
00010 942668296
00010 942681282
00010 946255022
00010 950076266
00010 952201928
00010 953959760
00010 955635694
00010 958982194
00010 968078726
00010 970940084
00010 972199442
00010 980311128
00010 981824396
00010 984160450
00010 984789946
00010 985513230
00010 986521092
00010 987675276
00010 988763740
00010 989187716
00010 992975794
00010 996404592
00010 999834710
00010 999871138
00010 4334836
00010 4928522
00010 7275224
00010 15585942
00010 17204692
00010 21278002
00010 22034794
00010 22761456
00010 23173278
00010 24918384
00010 26764708
00010 28834508
00010 29679948
00010 30280342
00010 33969466
00010 34446524
00010 34647022
00010 39589392
00010 40662774
00010 44575148
00010 44623638
00010 49543302
00010 50197758
00010 55742372
00010 56056770
00010 57702178
00010 57750498
00010 58722246
00010 60221212
00010 60436558
00010 60820420
00010 63703686
00010 63747680
00010 64769808
00010 68569888
00010 69868788
00010 73369900
00010 73728926
00010 75827540
00010 79620574
00010 80587998
00010 84670050
00010 84860922
00010 87564794
00010 88079358
00010 89333514
00010 89603822
00010 90826880
00010 91585490
00010 95682342
00010 96525850
00010 99392084
00010 100188982
00010 100484302
00010 106500844
00010 107773298
00010 108955534
00010 110638240
00010 111739020
00010 111863022
00010 112765152
00010 116644158
00010 122959784
00010 126040164
00010 126170498
00010 133380282
00010 133757780
00010 135662482
00010 137432308
00010 140077286
00010 140767528
00010 141231070
00010 142052186
00010 142963060
00010 146338960
00010 148735678
00010 150685070
00010 153094442
00010 156387132
00010 158156782
00010 161161272
00010 163755472
00010 165112014
00010 165230080
00010 165686218
00010 165964930
00010 167954806
00010 168646538
00010 169752804
00010 170634328
00010 171308114
00010 172818808
00010 172985642
00010 174159526
00010 175077720
00010 175448562
00010 179939028
00010 181666952
00010 182651708
00010 183613954
00010 185444254
00010 187463604
00010 189300184
00010 194805598
00010 194821638
00010 194966376
00010 195604806
00010 196880208
00010 197608960
00010 197842362
00010 198090748
00010 199651558
00010 201655120
00010 201872102
00010 202975708
00010 202995598
00010 212457996
00010 214589442
00010 215298554
00010 216596948
00010 218173094
00010 218476360
00010 220735044
00010 222932806
00010 223030650
00010 227838962
00010 229884210
00010 233808944
00010 234302552
00010 239367268
00010 240103864
00010 244159972
00010 246372220
00010 249117606
00010 250360606
00010 252841390
00010 254901374
00010 261963978
00010 263175922
00010 265623338
00010 265930452
00010 266230694
00010 269687302
00010 270826672
00010 280467928
00010 281948202
00010 287286970
00010 287429368
00010 292072894
00010 295527040
00010 297414182
00010 298100326
00010 301913082
00010 319742800
00010 320107676
00010 322558458
00010 322670414
00010 324887430
00010 329240400
00010 332167776
00010 334591968
00010 335141448
00010 341193976
00010 342543828
00010 346700898
00010 346740596
00010 347549384
00010 347688578
00010 348479908
00010 352609400
00010 353713818
00010 355451732
00010 358036532
00010 362999930
00010 371626230
00010 372104972
00010 373442948
00010 373517414
00010 374901284
00010 377910138
00010 379441294
00010 379886628
00010 385840264
00010 387697406
00010 388528020
00010 391239324
00010 393141970
00010 396147238
00010 398643592
00010 400234472
00010 401611554
00010 401988472
00010 402040292
00010 402293340
00010 409088698
00010 409826900
00010 410916202
00010 412423576
00010 419230806
00010 419875876
00010 423045240
00010 423846042
00010 425412142
00010 426554630
00010 426921598
00010 429792400
00010 432825142
00010 437735480
00010 443283444
00010 444456156
00010 447243344
00010 452854734
00010 454092840
00010 455660012
00010 456257324
00010 456622642
00010 456731296
00010 456838364
00010 457524234
00010 459072370
00010 459631942
00010 463071546
00010 464477648
00010 467759584
00010 468501698
00010 468930954
00010 472522216
00010 473956890
00010 480305354
00010 482676634
00010 487926110
00010 488808310
00010 489660238
00010 494043542
00010 500594076
00010 501029416
00010 502887734
00010 509323978
00010 510282698
00010 512358804
00010 513648738
00010 513921700
00010 514801796
00010 515096598
00010 516487568
00010 517873390
00010 522785926
00010 522983294
00010 525440976
00010 533448932
00010 535153290
00010 535323588
00010 539370432
00010 542564192
00010 543054286
00010 543779952
00010 544506632
00010 548787810
00010 551773638
00010 553196808
00010 553212958
00010 554572966
00010 560082346
00010 563171598
00010 563811856
00010 565783210
00010 565820410
00010 568089516
00010 570664222
00010 572155698
00010 572876946
00010 573255926
00010 573565314
00010 574564932
00010 576644412
00010 577538970
00010 580894934
00010 581440276
00010 582121474
00010 585046176
00010 585126738
00010 585749164
00010 589376766
00010 589508040
00010 592752420
00010 594010528
00010 598863670
00010 602727518
00010 607658262
00010 612244848
00010 615536110
00010 618450068
00010 618782754
00010 621781288
00010 625695298
00010 626351156
00010 628921842
00010 629945124
00010 633079804
00010 633786948
00010 635479246
00010 636097696
00010 636876866
00010 637086260
00010 637851120
00010 640300212
00010 640349980
00010 647160118
00010 653671850
00010 654783342
00010 655111280
00010 657598482
00010 657732194
00010 657878984
00010 664794828
00010 665200728
00010 665765530
00010 669608702
00010 670388710
00010 670520616
00010 672212658
00010 672428274
00010 674240006
00010 675163046
00010 677106068
00010 677137636
00010 678574520
00010 679748156
00010 680851098
00010 687399110
00010 695365062
00010 700982534
00010 703890172
00010 709079742
00010 709300118
00010 709874580
00010 710461892
00010 716490436
00010 717376038
00010 721938500
00010 722069642
00010 730297394
00010 734976002
00010 735415748
00010 736768466
00010 738817710
00010 743068358
00010 748769340
00010 748967188
00010 752570714
00010 754272140
00010 754276156
00010 754994126
00010 755443870
00010 757566520
00010 757844682
00010 758817692
00010 760156116
00010 761788394
00010 762126846
00010 763091522
00010 766076502
00010 767984478
00010 770328428
00010 774485214
00010 778643964
00010 783050210
00010 783996804
00010 784207396
00010 784297050
00010 784437298
00010 786987550
00010 790527410
00010 794073794
00010 795797418
00010 798580744
00010 804382884
00010 807038096
00010 809835920
00010 815013760
00010 815478948
00010 816880626
00010 817593732
00010 817789514
00010 817850854
00010 819112778
00010 821033472
00010 824497820
00010 825326624
00010 825510680
00010 829454662
00010 831212606
00010 831281722
00010 832330340
00010 833728902
00010 836956274
00010 838302226
00010 838397808
00010 839142232
00010 840129818
00010 840392974
00010 841118774
00010 842745824
00010 849098742
00010 849887428
00010 854033422
00010 859831852
00010 864798808
00010 866173416
00010 868514092
00010 868866380
00010 872054166
00010 875633964
00010 876008126
00010 877703140
00010 877890672
00010 877986150
00010 878179138
00010 880802356
00010 880897626
00010 883383684
00010 883424012
00010 883591984
00010 884791276
00010 887758708
00010 888615946
00010 889813402
00010 900427040
00010 901420186
00010 902674782
00010 902871536
00010 903486064
00010 906884734
00010 908983346
00010 909650520
00010 912736980
00010 915138118
00010 915456274
00010 917190394
00010 917399654
00010 919279068
00010 926876768
00010 927706932
00010 929076524
00010 930526336
00010 931609106
00010 933445610
00010 933650306
00010 934043466
00010 938919320
00010 945236648
00010 945451510
00010 947698336
00010 949423778
00010 956643588
00010 957365012
00010 962285616
00010 965013916
00010 965562952
00010 969683096
00010 972415840
00010 972894598
00010 972923074
00010 973103304
00010 974551592
00010 978763118
00010 980992702
00010 981168884
00010 981452652
00010 981738070
00010 982434542
00010 983472098
00010 987156314
00010 987380680
00010 989753918
00010 990511806
00010 995405584
00010 2088072
00010 4374762
00010 4628912
00010 4660426
00010 15077842
00010 17234766
00010 17496470
00010 17859032
00010 22102514
00010 26287642
00010 28832012
00010 32302920
00010 33622026
00010 34364756
00010 40231188
00010 42098028
00010 43597828
00010 46202526
00010 48070816
00010 49960998
00010 51597370
00010 52942078
00010 53443112
00010 54007218
00010 54233018
00010 58607522
00010 59249806
00010 60217088
00010 62841400
00010 63886854
00010 71754172
00010 74203948
00010 74579198
00010 76433028
00010 76560206
00010 77033802
00010 78509376
00010 80348094
00010 80962612
00010 86360226
00010 87376212
00010 88820104
00010 90291654
00010 91925032
00010 92211444
00010 94849294
00010 97627588
00010 97776494
00010 98552516
00010 99586912
00010 99878818
00010 100267022
00010 100810082
00010 101789714
00010 102032804
00010 102512196
00010 103729660
00010 108191532
00010 114506484
00010 115343158
00010 116260648
00010 117103150
00010 117604940
00010 118076984
00010 118753158
00010 119473886
00010 119475444
00010 122138186
00010 124936300
00010 125337934
00010 126525064
00010 131912936
00010 142461556
00010 145306362
00010 147360340
00010 149882992
00010 152124562
00010 154400582
00010 154691330
00010 156259206
00010 157817620
00010 158410190
00010 159732956
00010 159791424
00010 161495270
00010 168000620
00010 170341680
00010 170650772
00010 170990080
00010 171432074
00010 176020934
00010 177801714
00010 179068454
00010 183725490
00010 184889572
00010 186246222
00010 186995236
00010 188155090
00010 190272900
00010 191243066
00010 192218980
00010 192368804
00010 193287184
00010 194469728
00010 195051828
00010 197609648
00010 199727946
00010 199908210
00010 206896600
00010 207517986
00010 208842756
00010 210639858
00010 213353930
00010 216190686
00010 216789356
00010 217878676
00010 222187262
00010 222808022
00010 233134106
00010 234702220
00010 236699940
00010 236863728
00010 237648028
00010 238103076
00010 239676880
00010 239783472
00010 244336958
00010 257472920
00010 260872746
00010 263130602
00010 264126062
00010 265094174
00010 265243554
00010 267884508
00010 268889208
00010 273587932
00010 274261088
00010 275763014
00010 278706412
00010 282349954
00010 288632564
00010 295195954
00010 296118984
00010 296743382
00010 296935570
00010 299528582
00010 300796058
00010 301976396
00010 303041822
00010 303129460
00010 305301236
00010 305464726
00010 305760724
00010 308644000
00010 309977054
00010 312731358
00010 314149308
00010 322437396
00010 323085996
00010 323564290
00010 324202448
00010 324505362
00010 338970640
00010 339110322
00010 340017288
00010 340999666
00010 342534932
00010 343978100
00010 345601236
00010 345752156
00010 346643676
00010 364825288
00010 366492158
00010 368526680
00010 368547988
00010 370263144
00010 373736980
00010 377219188
00010 377220560
00010 378070296
00010 384016278
00010 389039026
00010 389813140
00010 390730796
00010 390864324
00010 394781314
00010 398787274
00010 400151802
00010 400997210
00010 401463004
00010 406557186
00010 411497882
00010 411760422
00010 413803058
00010 415390612
00010 417584664
00010 417959636
00010 418667468
00010 418896958
00010 419537064
00010 422185608
00010 424894670
00010 428483492
00010 430985506
00010 431026476
00010 431481012
00010 432764042
00010 434905886
00010 435805182
00010 437395350
00010 438182464
00010 443366042
00010 443750596
00010 448687770
00010 449097342
00010 450299334
00010 458645508
00010 459091958
00010 462464518
00010 462481912
00010 462595028
00010 463550212
00010 467184930
00010 472242638
00010 472519428
00010 475428272
00010 476279250
00010 481938640
00010 485515614
00010 486758376
00010 491943150
00010 495895170
00010 496909090
00010 497640034
00010 498808164
00010 501518910
00010 506865330
00010 507301024
00010 507316824
00010 508237864
00010 509217698
00010 509345258
00010 509468078
00010 510079326
00010 510906640
00010 511351584
00010 515021080
00010 517147024
00010 518210448
00010 519706298
00010 521699940
00010 523319814
00010 525250782
00010 534427586
00010 537324374
00010 538173864
00010 545505862
00010 550496260
00010 550832756
00010 554772076
00010 554917640
00010 559053226
00010 562798364
00010 563251356
00010 563432878
00010 567511146
00010 568118078
00010 569679846
00010 573577392
00010 575690604
00010 576175354
00010 577617058
00010 578410518
00010 579151186
00010 580977234
00010 581496744
00010 585471636
00010 586351196
00010 586452550
00010 588218992
00010 590274016
00010 594544018
00010 594899990
00010 595446308
00010 595462312
00010 596311116
00010 596403362
00010 596954636
00010 599430362
00010 601466556
00010 602779840
00010 603645564
00010 605095468
00010 605426674
00010 607480710
00010 615885414
00010 622317254
00010 623645004
00010 625232262
00010 625237418
00010 628972472
00010 629622532
00010 634315424
00010 635176240
00010 635417252
00010 636383110
00010 636623812
00010 639624082
00010 639990632
00010 643145328
00010 643639480
00010 643663184
00010 644460526
00010 645287366
00010 646489792
00010 646501800
00010 647365994
00010 647697628
00010 650915606
00010 660863996
00010 661067640
00010 661493664
00010 664321818
00010 664751438
00010 667727692
00010 675075098
00010 676093940
00010 680536458
00010 684397850
00010 686796932
00010 687946040
00010 687991342
00010 691115730
00010 695376970
00010 695952186
00010 697244894
00010 697315068
00010 697948776
00010 698660090
00010 700071712
00010 701997884
00010 702998166
00010 704054452
00010 704244918
00010 704785794
00010 705642518
00010 710328324
00010 711813004
00010 714273210
00010 715638282
00010 718517144
00010 730392862
00010 731119776
00010 733225130
00010 733827088
00010 735926874
00010 736965504
00010 737144820
00010 737800308
00010 739522530
00010 742773498
00010 743145766
00010 743408380
00010 743717812
00010 745294324
00010 745508672
00010 748407802
00010 752852550
00010 756198872
00010 761876330
00010 762524894
00010 765323282
00010 765555752
00010 766656994
00010 770843052
00010 774296642
00010 781908444
00010 786217266
00010 788677054
00010 788678278
00010 790692446
00010 790696036
00010 794258558
00010 795608324
00010 799089994
00010 803471972
00010 806103756
00010 807256436
00010 813134366
00010 813519440
00010 816429186
00010 819375230
00010 821174174
00010 824235884
00010 824954138
00010 826439090
00010 826554156
00010 828127908
00010 829786658
00010 830373318
00010 831892916
00010 836608958
00010 839694030
00010 841516802
00010 848566460
00010 850010766
00010 850449680
00010 850906346
00010 851286486
00010 854474122
00010 854823696
00010 855352960
00010 855398504
00010 857592880
00010 862311658
00010 862460412
00010 862793394
00010 862820642
00010 870100506
00010 871630276
00010 874735980
00010 874738020
00010 875145298
00010 875574178
00010 877253124
00010 878014854
00010 878283396
00010 879401848
00010 879945336
00010 880719820
00010 883828930
00010 885224196
00010 885500260
00010 887564154
00010 891904634
00010 894870376
00010 896168476
00010 901914944
00010 905308274
00010 909686948
00010 911871120
00010 912594270
00010 913979226
00010 914171366
00010 915925930
00010 917559650
00010 917859900
00010 920100172
00010 922193942
00010 925743478
00010 926936390
00010 928497828
00010 929073106
00010 929243770
00010 931251990
00010 937047026
00010 939699574
00010 940547958
00010 940761726
00010 941104590
00010 943658456
00010 946161366
00010 950498204
00010 952113824
00010 952722424
00010 952813080
00010 952870740
00010 954485156
00010 956963568
00010 962713388
00010 966088954
00010 968725278
00010 972532482
00010 973304172
00010 975472346
00010 978656088
00010 985055966
00010 985356780
00010 986289534
00010 986620290
00010 987690446
00010 990959076
00010 991656536
00010 993416646
00010 997508272
00010 1000282602
00010 919970
00010 1502782
00010 3536936
00010 5808962
00010 5811650
00010 6686062
00010 9196926
00010 14147828
00010 19935318
00010 23088494
00010 23117730
00010 26537672
00010 27754562
00010 28256040
00010 29138548
00010 30165156
00010 30641478
00010 35447680
00010 35519708
00010 36395874
00010 37939942
00010 38015392
00010 39233758
00010 39997016
00010 41734162
00010 44592858
00010 45406518
00010 47354394
00010 49582536
00010 50053874
00010 50284648
00010 51039058
00010 54777608
00010 56373262
00010 57082216
00010 59071596
00010 64040562
00010 65931412
00010 70570356
00010 71391066
00010 71643484
00010 72603910
00010 80772024
00010 83047812
00010 87590936
00010 89895064
00010 90076874
00010 97554772
00010 99081582
00010 102067960
00010 102913430
00010 103526578
00010 109256818
00010 109306800
00010 112379064
00010 114925776
00010 116641832
00010 117884052
00010 119225434
00010 119435530
00010 121470554
00010 121828802
00010 126760446
00010 131379764
00010 132504510
00010 142944138
00010 143500940
00010 144615594
00010 145881570
00010 150083250
00010 151476282
00010 152853428
00010 152930298
00010 153270560
00010 154359600
00010 156904534
00010 157474018
00010 158577142
00010 160573274
00010 161368010
00010 162077734
00010 163761412
00010 165899630
00010 166608472
00010 167896134
00010 170295098
00010 170420880
00010 171855516
00010 173544096
00010 173733552
00010 175581292
00010 178703392
00010 179515530
00010 182749982
00010 186644662
00010 189047674
00010 190853510
00010 191827942
00010 195988050
00010 197371646
00010 197924354
00010 201352562
00010 202165500
00010 205355534
00010 205643042
00010 205741250
00010 207029744
00010 210117872
00010 210548986
00010 211419608
00010 212167526
00010 218811656
00010 220514874
00010 221431766
00010 222169166
00010 229699200
00010 229725148
00010 231500712
00010 232779388
00010 233958058
00010 235269766
00010 237145670
00010 237209816
00010 238333766
00010 239040732
00010 240276876
00010 240548898
00010 246553976
00010 247312402
00010 249854916
00010 254834494
00010 255701352
00010 261342082
00010 261539074
00010 262611500
00010 265214630
00010 266314846
00010 269177220
00010 270671696
00010 272455936
00010 273346842
00010 273737690
00010 275696430
00010 279159820
00010 280084400
00010 282235730
00010 282240274
00010 282956128
00010 285609714
00010 288077110
00010 292713730
00010 293390892
00010 293691344
00010 294231476
00010 296597462
00010 298654500
00010 302172116
00010 302776946
00010 302883664
00010 303075780
00010 303345328
00010 305050900
00010 305341828
00010 306519176
00010 308013284
00010 308019806
00010 309374984
00010 313156890
00010 315123076
00010 319928596
00010 319982668
00010 320352262
00010 322007282
00010 325049340
00010 326111718
00010 326128654
00010 329830250
00010 333397724
00010 333670344
00010 338206850
00010 339706160
00010 343225774
00010 344596118
00010 349604444
00010 358390990
00010 359408522
00010 359949082
00010 361928668
00010 361954580
00010 362803894
00010 362828018
00010 363046924
00010 363223068
00010 365639606
00010 365641192
00010 366233610
00010 367148664
00010 367619284
00010 369797350
00010 370806682
00010 371025244
00010 372367952
00010 372606100
00010 373210914
00010 373652784
00010 374528908
00010 377988540
00010 383175814
00010 385673142
00010 387880764
00010 392154582
00010 402250796
00010 403226192
00010 404901178
00010 406220524
00010 406293342
00010 406844990
00010 407027146
00010 408671398
00010 410171408
00010 410791776
00010 410977840
00010 410978936
00010 416476432
00010 417937850
00010 418455406
00010 418595054
00010 424518062
00010 428149766
00010 431441486
00010 432808516
00010 434687498
00010 435591302
00010 436999926
00010 439365698
00010 439889484
00010 443721572
00010 445945410
00010 446273946
00010 446946160
00010 449750728
00010 452841630
00010 455934978
00010 456270882
00010 457756470
00010 461062092
00010 462857182
00010 464707260
00010 469008724
00010 471017846
00010 472267150
00010 473130538
00010 478609422
00010 478978762
00010 479127978
00010 481830008
00010 486995366
00010 487462494
00010 492243710
00010 493924880
00010 494159280
00010 494857198
00010 494878434
00010 497927238
00010 497968852
00010 498090260
00010 500857672
00010 504297796
00010 511718126
00010 513550530
00010 517514416
00010 522297000
00010 524679064
00010 524682312
00010 527343004
00010 532153384
00010 532306744
00010 532395390
00010 537009710
00010 537781658
00010 538162242
00010 542225036
00010 542669536
00010 546972230
00010 547134818
00010 549402614
00010 551014040
00010 557700050
00010 559776776
00010 565158246
00010 566757222
00010 566830870
00010 569161908
00010 569176536
00010 574914220
00010 578196730
00010 580329788
00010 581616090
00010 582402824
00010 582454978
00010 587705066
00010 589543130
00010 592355628
00010 600119836
00010 603327880
00010 603923484
00010 606361970
00010 609082026
00010 609226848
00010 610613726
00010 611447968
00010 612041768
00010 614800426
00010 615673278
00010 615687650
00010 618009450
00010 620423340
00010 621847004
00010 624413790
00010 626271346
00010 626854096
00010 631655728
00010 632023832
00010 632725066
00010 633605728
00010 636930148
00010 637504610
00010 638071060
00010 638736708
00010 642156666
00010 642756596
00010 643029840
00010 647259048
00010 649112452
00010 649232248
00010 656025042
00010 658667430
00010 660812736
00010 663414024
00010 663694922
00010 664284366
00010 667124506
00010 668671800
00010 668748114
00010 669038550
00010 669369908
00010 670065292
00010 670778366
00010 674717398
00010 675328306
00010 679318680
00010 683291658
00010 689060388
00010 689507788
00010 690389612
00010 692094358
00010 692326210
00010 694582488
00010 696128650
00010 698917332
00010 702519962
00010 703391616
00010 709796920
00010 713840798
00010 715138216
00010 716787444
00010 718177792
00010 718552108
00010 719996508
00010 721635398
00010 721865798
00010 722326184
00010 722405912
00010 722743792
00010 723421228
00010 725163758
00010 725246048
00010 728307000
00010 729557522
00010 729624734
00010 731005292
00010 736094440
00010 736518476
00010 740485116
00010 742956036
00010 746911588
00010 749391582
00010 752379760
00010 757400508
00010 762509886
00010 762545300
00010 763104250
00010 768790836
00010 769665526
00010 769983646
00010 770132472
00010 772833430
00010 774083420
00010 774128618
00010 775997298
00010 776937714
00010 776949406
00010 780834256
00010 781112634
00010 781284862
00010 783449908
00010 784966514
00010 786443682
00010 786904626
00010 790239470
00010 791477784
00010 791713638
00010 791763634
00010 800210558
00010 801309472
00010 801791634
00010 804289648
00010 807783654
00010 810418326
00010 812262430
00010 813063268
00010 813077330
00010 813085970
00010 818264470
00010 820578416
00010 822464882
00010 823446388
00010 826240190
00010 831314418
00010 833451232
00010 837055438
00010 838501872
00010 838673116
00010 839182268
00010 840001484
00010 841796220
00010 847072582
00010 851453530
00010 852885302
00010 853775134
00010 863206014
00010 863868660
00010 864923164
00010 865327620
00010 870800016
00010 871138758
00010 871235810
00010 871448974
00010 871754358
00010 873270722
00010 874621192
00010 876047772
00010 876057520
00010 876803232
00010 882598234
00010 882637578
00010 882939696
00010 885379582
00010 885854822
00010 886683566
00010 894621658
00010 903741988
00010 905144660
00010 907743428
00010 908280808
00010 909215020
00010 910718116
00010 911313780
00010 915496512
00010 918359826
00010 921142522
00010 921552688
00010 923659040
00010 925846542
00010 925983028
00010 926084500
00010 927383052
00010 927740816
00010 929144548
00010 930507802
00010 931426536
00010 933233574
00010 934241962
00010 935054288
00010 936869984
00010 939197530
00010 946877304
00010 950416144
00010 950668446
00010 954259558
00010 955204342
00010 955461328
00010 957558242
00010 959782596
00010 961446890
00010 966221262
00010 966628478
00010 969024254
00010 970078368
00010 970999914
00010 971659152
00010 971661106
00010 973908548
00010 974313660
00010 975168214
00010 977909796
00010 980070756
00010 980437832
00010 982326156
00010 982344282
00010 986343998
00010 990114624
00010 996626584
00010 996699084
00010 997037464
00010 997718792
00010 998229642
00010 843718
00010 2681516
00010 5222944
00010 7905544
00010 13010946
00010 18304892
00010 18391692
00010 20365432
00010 21379198
00010 27578350
00010 28272754
00010 29951320
00010 30006908
00010 30181004
00010 31048472
00010 36157020
00010 38320504
00010 40416660
00010 44066390
00010 47311522
00010 48576042
00010 50722124
00010 51049346
00010 51697124
00010 58660258
00010 65821858
00010 66406848
00010 70808948
00010 71261934
00010 72385820
00010 72468558
00010 72515624
00010 78300812
00010 81803578
00010 82741108
00010 82751248
00010 85620230
00010 86315012
00010 87504490
00010 91195698
00010 91918692
00010 93132512
00010 97733442
00010 99034482
00010 100905790
00010 102380466
00010 103721668
00010 103909248
00010 106062002
00010 107650552
00010 109067922
00010 113596868
00010 118196260
00010 126007256
00010 127540490
00010 130528710
00010 132086476
00010 133326822
00010 134019922
00010 134123636
00010 139554348
00010 141679410
00010 146296928
00010 148348102
00010 149183626
00010 152582986
00010 156835274
00010 157691170
00010 157899118
00010 161223662
00010 162189088
00010 164825204
00010 167321834
00010 172731888
00010 175339076
00010 176369684
00010 176393012
00010 177956004
00010 179911056
00010 181773112
00010 184403686
00010 185105568
00010 185246880
00010 186278520
00010 188637756
00010 193198358
00010 201778588
00010 207499350
00010 210592172
00010 212977370
00010 213701038
00010 217287566
00010 218433180
00010 219522940
00010 223655444
00010 228417848
00010 229370256
00010 230150222
00010 230177590
00010 231974722
00010 232347324
00010 235923082
00010 238845630
00010 238882242
00010 238887820
00010 248097642
00010 250143758
00010 250188340
00010 252581462
00010 253366098
00010 257815906
00010 261745076
00010 262018324
00010 262752358
00010 263437024
00010 263500006
00010 267704644
00010 269522610
00010 269812532
00010 270555318
00010 271300564
00010 273091528
00010 274680820
00010 277570690
00010 278954698
00010 288204266
00010 289099278
00010 289936902
00010 291191980
00010 294109716
00010 294235286
00010 295687004
00010 295999944
00010 296559178
00010 299259814
00010 303748322
00010 305983346
00010 306812146
00010 311616554
00010 312536116
00010 312838848
00010 314015550
00010 315859024
00010 321599396
00010 322888384
00010 326026998
00010 326044352
00010 327994092
00010 330361154
00010 330521090
00010 331611596
00010 332343408
00010 332803228
00010 334248038
00010 337654108
00010 340484396
00010 340781324
00010 341059556
00010 346386810
00010 351125688
00010 354494902
00010 354629918
00010 358798426
00010 362710172
00010 363520632
00010 373619956
00010 381106754
00010 385930482
00010 388579182
00010 391010370
00010 391370486
00010 392217122
00010 392872490
00010 394998286
00010 396439894
00010 396817248
00010 398464118
00010 399125216
00010 399427068
00010 401249048
00010 410255036
00010 417590490
00010 417721496
00010 417919958
00010 422639616
00010 423658350
00010 426080542
00010 427438614
00010 429447854
00010 429605096
00010 431563776
00010 433832160
00010 434076296
00010 434716036
00010 436191652
00010 438376508
00010 439663730
00010 443328942
00010 448929896
00010 449317836
00010 449865658
00010 450754878
00010 451571068
00010 452482474
00010 457030180
00010 457297878
00010 457398184
00010 460528832
00010 460943780
00010 464131536
00010 466158802
00010 467885888
00010 468998184
00010 469947734
00010 470048424
00010 472647754
00010 479348546
00010 480725154
00010 484769638
00010 486402988
00010 486811746
00010 488265558
00010 488429384
00010 488659428
00010 489768562
00010 490708726
00010 491197618
00010 492609250
00010 492740724
00010 493170492
00010 498005618
00010 500920966
00010 505376144
00010 513651476
00010 514253016
00010 514779210
00010 516086834
00010 518368154
00010 521901614
00010 521990752
00010 523725116
00010 525255354
00010 530001510
00010 531648158
00010 531991124
00010 532061972
00010 532337910
00010 532784120
00010 535670532
00010 535852988
00010 545562332
00010 545936122
00010 546842812
00010 547577304
00010 551634376
00010 552182176
00010 555610162
00010 556671386
00010 557686602
00010 558249690
00010 562579862
00010 564494584
00010 568070606
00010 568141044
00010 571838708
00010 571953732
00010 572309580
00010 575517812
00010 576102964
00010 576516268
00010 576725526
00010 578497596
00010 579074204
00010 579523582
00010 579672606
00010 581555202
00010 581603010
00010 586030086
00010 593105226
00010 597743634
00010 604997590
00010 605611254
00010 606131484
00010 608532060
00010 609516952
00010 613018914
00010 613258598
00010 621787420
00010 621899882
00010 622152630
00010 624539694
00010 624790692
00010 625394476
00010 625932890
00010 627095344
00010 628622468
00010 628705804
00010 635583510
00010 635648560
00010 636338702
00010 636511402
00010 636868640
00010 639341214
00010 642329498
00010 646410690
00010 647532636
00010 648631766
00010 650020694
00010 651682808
00010 654525972
00010 654732700
00010 655880316
00010 656230282
00010 667130694
00010 668132246
00010 668568846
00010 669337834
00010 670434996
00010 671112614
00010 672587968
00010 673571252
00010 676645292
00010 677262606
00010 677734438
00010 682138448
00010 683287324
00010 685196878
00010 688809510
00010 690635588
00010 690667614
00010 691169954
00010 692852756
00010 693352166
00010 693733794
00010 699224660
00010 700101494
00010 700448264
00010 701771146
00010 702264320
00010 707952582
00010 709704096
00010 711690242
00010 711915906
00010 717034126
00010 719617414
00010 723469782
00010 724818148
00010 726872140
00010 732582592
00010 735021388
00010 736745366
00010 738436912
00010 741471478
00010 743717042
00010 744048528
00010 748057280
00010 751928096
00010 752521626
00010 755902452
00010 759597882
00010 763975032
00010 768307690
00010 770281732
00010 776274046
00010 779436238
00010 780242562
00010 780679770
00010 780858104
00010 787133974
00010 787446560
00010 787464524
00010 790364014
00010 791153262
00010 794108890
00010 798108666
00010 798475162
00010 800472574
00010 800959234
00010 803479692
00010 808079616
00010 809839960
00010 810680714
00010 811419544
00010 814942088
00010 816731660
00010 817076698
00010 818604484
00010 820964080
00010 825401746
00010 825632192
00010 825653454
00010 825672958
00010 829636166
00010 833048006
00010 833799636
00010 835799004
00010 836589050
00010 838663270
00010 844429598
00010 845138596
00010 845893320
00010 846187620
00010 847453050
00010 848404774
00010 851620968
00010 851980026
00010 863257470
00010 865391820
00010 865490946
00010 865962106
00010 866612348
00010 871095332
00010 871820760
00010 876922182
00010 878203116
00010 880841078
00010 880984106
00010 882749060
00010 884408618
00010 887537990
00010 888277468
00010 888422262
00010 891857304
00010 893130510
00010 893269840
00010 895449246
00010 895508140
00010 895516978
00010 895559162
00010 901122050
00010 902582850
00010 907792680
00010 910480728
00010 910632878
00010 911275000
00010 914344794
00010 915155020
00010 916474192
00010 917458276
00010 920862548
00010 921484684
00010 925244836
00010 931308592
00010 934959938
00010 937220426
00010 937635646
00010 938340972
00010 939402988
00010 940687790
00010 940775700
00010 941947114
00010 942424494
00010 945942788
00010 946012180
00010 950715276
00010 951046450
00010 951250480
00010 959571238
00010 962081090
00010 962600140
00010 965845258
00010 966788926
00010 967829906
00010 971196322
00010 972414610
00010 972682710
00010 974997756
00010 978859846
00010 980161838
00010 983098004
00010 990336952
00010 994204808
00010 1000374500
00010 1532772
00010 8960046
00010 8980974
00010 10623328
00010 17525892
00010 18383562
00010 18706934
00010 18787800
00010 19038634
00010 21181366
00010 21595224
00010 22661866
00010 24883392
00010 25165584
00010 25584982
00010 31097378
00010 35400868
00010 37626950
00010 38348026
00010 43261384
00010 43920670
00010 44878800
00010 46125886
00010 50683754
00010 51455474
00010 53014374
00010 54969420
00010 55127310
00010 57229092
00010 58432316
00010 59126856
00010 59160876
00010 62338112
00010 67709296
00010 70739918
00010 73477800
00010 74300026
00010 74353520
00010 76784216
00010 77035016
00010 77708970
00010 78983038
00010 79183174
00010 79267720
00010 80796528
00010 84607724
00010 86745122
00010 90652760
00010 91492482
00010 92482870
00010 93924844
00010 95790028
00010 100793672
00010 102685628
00010 105836614
00010 105874336
00010 105879474
00010 108939432
00010 109515358
00010 111929488
00010 113007374
00010 118358532
00010 118732976
00010 120560374
00010 121371118
00010 123029436
00010 125540428
00010 126403778
00010 134724224
00010 135007686
00010 139110146
00010 139553018
00010 150336464
00010 154165578
00010 157481558
00010 159185566
00010 160690800
00010 161221866
00010 161466642
00010 164259926
00010 166828166
00010 168942956
00010 178138062
00010 182319068
00010 184296582
00010 185208026
00010 186278528
00010 186813970
00010 186874926
00010 187090388
00010 187267938
00010 188685170
00010 191135988
00010 194828342
00010 195233212
00010 195635144
00010 195950560
00010 197596568
00010 200193806
00010 201093688
00010 203068322
00010 204353550
00010 206159904
00010 208321094
00010 209004156
00010 223460994
00010 227211932
00010 228603468
00010 229390410
00010 232463138
00010 235180556
00010 239034948
00010 241210946
00010 241763948
00010 242909120
00010 243897792
00010 245346308
00010 248859272
00010 249921892
00010 251172714
00010 254478174
00010 255983030
00010 257517388
00010 258098740
00010 261883070
00010 262394222
00010 265161952
00010 265588992
00010 266293624
00010 273173130
00010 277441184
00010 279520718
00010 280551736
00010 280639672
00010 282389770
00010 282615930
00010 286266806
00010 287151270
00010 288806392
00010 290672222
00010 291593926
00010 291920936
00010 294648462
00010 295156904
00010 295844260
00010 296904632
00010 308820328
00010 310649744
00010 317174324
00010 317332422
00010 319454044
00010 322702928
00010 327049644
00010 327070072
00010 337168784
00010 342329088
00010 343221478
00010 343382986
00010 345231382
00010 345372376
00010 347976236
00010 356729240
00010 356921562
00010 357328336
00010 361413934
00010 367545008
00010 367694452
00010 369517912
00010 370253190
00010 370402030
00010 370542546
00010 372232954
00010 378607424
00010 381505952
00010 386702998
00010 387725308
00010 388482252
00010 390345326
00010 391302800
00010 391573794
00010 396065808
00010 398750168
00010 398943814
00010 411555026
00010 413167714
00010 423140814
00010 423661712
00010 429792938
00010 432387690
00010 434183520
00010 434251972
00010 436620834
00010 441704484
00010 441789212
00010 442864636
00010 445394600
00010 445588842
00010 445905578
00010 446010858
00010 446645926
00010 447143570
00010 447471112
00010 448766046
00010 448810730
00010 449281618
00010 455243722
00010 455436476
00010 459952598
00010 463637038
00010 463638306
00010 464509074
00010 467742726
00010 468087082
00010 468445604
00010 470086796
00010 472169724
00010 472303180
00010 474573756
00010 476154806
00010 477321692
00010 481483350
00010 482227592
00010 485990586
00010 489912124
00010 493158828
00010 494601196
00010 496804256
00010 497833472
00010 500430912
00010 503724552
00010 503776022
00010 506069722
00010 513808528
00010 514987386
00010 518003954
00010 522186272
00010 522596816
00010 522646342
00010 523855370
00010 527654884
00010 529020860
00010 529164912
00010 534218750
00010 534801296
00010 538933724
00010 545680928
00010 545823200
00010 546039728
00010 547020460
00010 547403842
00010 551152938
00010 553397264
00010 557278530
00010 558183652
00010 559040306
00010 559650218
00010 562542412
00010 566663916
00010 567422452
00010 567489090
00010 568360980
00010 568489582
00010 575584500
00010 581544100
00010 582365798
00010 590832918
00010 595917014
00010 602703368
00010 605604406
00010 606417374
00010 606982080
00010 607108868
00010 608048104
00010 610070652
00010 611074966
00010 615308896
00010 620574872
00010 633659236
00010 633721562
00010 635984538
00010 640377850
00010 642165422
00010 643304258
00010 647764366
00010 651193932
00010 654485064
00010 656212780
00010 658196022
00010 659288904
00010 660201790
00010 666033466
00010 668609966
00010 669257580
00010 673278836
00010 673574342
00010 674849978
00010 675156688
00010 675574706
00010 676087298
00010 677860398
00010 678870226
00010 679527574
00010 679851228
00010 683067618
00010 683169160
00010 685139480
00010 686497566
00010 687135700
00010 693434892
00010 694238182
00010 704037744
00010 704538718
00010 705027458
00010 708731632
00010 710207862
00010 711546480
00010 713380592
00010 713839058
00010 714382376
00010 715753706
00010 718074252
00010 718611232
00010 723357178
00010 724161424
00010 727923486
00010 728361276
00010 728683590
00010 730428078
00010 739434902
00010 745263282
00010 750599286
00010 750602458
00010 750789548
00010 752031730
00010 752037584
00010 752585808
00010 753646970
00010 753974290
00010 754198958
00010 754264358
00010 755816064
00010 756126500
00010 758228060
00010 758989294
00010 763178584
00010 763262342
00010 763844256
00010 764734678
00010 768559212
00010 771533556
00010 772697194
00010 773938008
00010 773949766
00010 776653304
00010 778272648
00010 778781220
00010 780744872
00010 785674404
00010 785694068
00010 788926572
00010 789761570
00010 790826254
00010 797398356
00010 798274374
00010 800295594
00010 802636978
00010 806710848
00010 809810566
00010 812059098
00010 813691254
00010 815040816
00010 815317790
00010 819318456
00010 819523834
00010 821581734
00010 825091648
00010 826011744
00010 828198422
00010 828637922
00010 828959296
00010 830599216
00010 833837586
00010 834071408
00010 836973556
00010 837509784
00010 837591950
00010 841038596
00010 843389948
00010 847527322
00010 847767806
00010 848413780
00010 848894012
00010 850184008
00010 851694330
00010 853629088
00010 854751294
00010 855286808
00010 857458490
00010 857463310
00010 858404740
00010 859556704
00010 860309462
00010 860385142
00010 860409332
00010 861923130
00010 864259718
00010 866697244
00010 869620590
00010 875030966
00010 875819668
00010 878291138
00010 880113884
00010 880211192
00010 886526496
00010 887117518
00010 887556654
00010 889148562
00010 890771030
00010 896693892
00010 898189608
00010 898879676
00010 899109608
00010 900930306
00010 901197522
00010 901459550
00010 903789398
00010 906698210
00010 906880434
00010 907313250
00010 908119850
00010 909148398
00010 909293348
00010 914023746
00010 914898416
00010 915528762
00010 915870656
00010 917066018
00010 917906718
00010 919441816
00010 920074874
00010 920426414
00010 920446056
00010 920563976
00010 923265092
00010 924725624
00010 926430014
00010 927198066
00010 930974620
00010 938518226
00010 942159220
00010 943431600
00010 943770360
00010 944166494
00010 946360400
00010 949006354
00010 953003790
00010 957438674
00010 957484510
00010 957920608
00010 958445398
00010 959745322
00010 965690954
00010 967995080
00010 969231540
00010 979036476
00010 979377984
00010 979570674
00010 979685500
00010 980951290
00010 981791074
00010 982148326
00010 985589984
00010 985977498
00010 986620414
00010 988666646
00010 989469948
00010 990868878
00010 998596216
00010 999719418
00010 1000679836
00010 1000856142
