00010 550012
00010 1648442
00010 1839488
00010 6126646
00010 6244974
00010 6324218
00010 6622094
00010 10076106
00010 10719870
00010 12013146
00010 14520812
00010 18891324
00010 23288998
00010 24060900
00010 24114736
00010 24361366
00010 30258612
00010 33390182
00010 33441086
00010 33883896
00010 34560802
00010 36528298
00010 37100336
00010 39048468
00010 39050534
00010 39797980
00010 45630760
00010 47082618
00010 48730968
00010 49889940
00010 49982480
00010 51781618
00010 51936292
00010 51998904
00010 55833104
00010 57407910
00010 58711668
00010 62365500
00010 67104576
00010 68785426
00010 68833324
00010 71580208
00010 76798212
00010 78491724
00010 78759510
00010 83583748
00010 85439794
00010 86151578
00010 87268854
00010 87281574
00010 89794508
00010 97907754
00010 101298378
00010 101536716
00010 103238642
00010 104982334
00010 108109544
00010 109108506
00010 110308212
00010 113394068
00010 114382866
00010 115463438
00010 115507894
00010 115998044
00010 118462744
00010 118624620
00010 119860414
00010 122275478
00010 122586414
00010 123203164
00010 130396862
00010 134613032
00010 137547434
00010 138110682
00010 138408028
00010 139503038
00010 139584382
00010 139731262
00010 142242342
00010 144949406
00010 148009672
00010 151178036
00010 154518888
00010 155711164
00010 157520250
00010 162734566
00010 164698076
00010 167893526
00010 175639156
00010 179428816
00010 181082054
00010 183306916
00010 185211970
00010 189535018
00010 190505094
00010 193310934
00010 195283678
00010 195948734
00010 197608734
00010 198959486
00010 199643716
00010 202584436
00010 203544312
00010 206264234
00010 206476364
00010 212412716
00010 217542322
00010 225160678
00010 226903914
00010 228665014
00010 235590310
00010 238363188
00010 238846352
00010 244710044
00010 245047662
00010 245747810
00010 246095180
00010 248417300
00010 249358216
00010 253999790
00010 257367496
00010 257375030
00010 261924908
00010 270104506
00010 274833694
00010 275710994
00010 277537756
00010 281612152
00010 283778850
00010 288900392
00010 289642860
00010 292566146
00010 295149242
00010 295607754
00010 297232730
00010 298240478
00010 299582216
00010 301489276
00010 304362780
00010 306632116
00010 308924120
00010 309193174
00010 309210902
00010 312417212
00010 313017988
00010 321068160
00010 322399862
00010 324596062
00010 328028252
00010 339653584
00010 340157514
00010 340461746
00010 341761086
00010 342333782
00010 345952632
00010 350119862
00010 350882390
00010 350960070
00010 355929524
00010 356165824
00010 359960492
00010 360447330
00010 364331804
00010 364771964
00010 366016610
00010 367385446
00010 367468142
00010 373197332
00010 373489106
00010 377290578
00010 380044026
00010 383655060
00010 384692504
00010 386190762
00010 387334716
00010 389740966
00010 391640188
00010 392008360
00010 398322074
00010 401149846
00010 402996608
00010 404223084
00010 407484324
00010 410711228
00010 411342540
00010 419974804
00010 420964724
00010 421679278
00010 423775460
00010 425544958
00010 430620978
00010 431806128
00010 435712816
00010 436735726
00010 437755358
00010 438173472
00010 441133434
00010 442970684
00010 443109814
00010 443547292
00010 445052632
00010 451480382
00010 454229194
00010 454835274
00010 456926210
00010 459123594
00010 461010740
00010 464734634
00010 466262504
00010 468998350
00010 469881774
00010 472432740
00010 472953976
00010 473097176
00010 474333358
00010 479188520
00010 480267420
00010 488371724
00010 489484782
00010 492576936
00010 493562308
00010 494129460
00010 495103792
00010 495278112
00010 496525516
00010 496587746
00010 498429178
00010 507225932
00010 513123806
00010 514631846
00010 517514396
00010 525963246
00010 526951720
00010 527818356
00010 530818992
00010 531628236
00010 534928676
00010 535081172
00010 535217006
00010 535440428
00010 536864006
00010 537081238
00010 543406812
00010 544644438
00010 545629002
00010 546070212
00010 546427310
00010 546483082
00010 548700578
00010 549285446
00010 551935850
00010 552094334
00010 556836784
00010 566840378
00010 569275666
00010 572470404
00010 573813886
00010 573934020
00010 574311070
00010 574563208
00010 574964324
00010 575402998
00010 580654734
00010 585371980
00010 587738152
00010 589120524
00010 589122298
00010 593982778
00010 594485494
00010 594739058
00010 598239490
00010 599083058
00010 601257290
00010 607826676
00010 609644782
00010 615026352
00010 615320902
00010 615645788
00010 620764646
00010 624142766
00010 625294622
00010 625705762
00010 629456556
00010 630347940
00010 631844010
00010 635397006
00010 637659476
00010 640867244
00010 641527142
00010 644726018
00010 647825660
00010 650355522
00010 653061756
00010 654013508
00010 654479300
00010 657237682
00010 658685630
00010 658890468
00010 663049496
00010 671296228
00010 671525520
00010 672888830
00010 673632246
00010 675308228
00010 679913224
00010 680272228
00010 681174404
00010 681710064
00010 684480208
00010 688325846
00010 693700950
00010 695240428
00010 697000126
00010 697256728
00010 697741414
00010 698267218
00010 698729306
00010 700419732
00010 700487786
00010 703283808
00010 704239654
00010 708866812
00010 710443698
00010 711263066
00010 712205584
00010 712274430
00010 714974100
00010 716551452
00010 717242266
00010 717645140
00010 720821646
00010 722186332
00010 724264534
00010 726928660
00010 727775414
00010 728859398
00010 728872792
00010 729861938
00010 736053934
00010 736148896
00010 736345856
00010 740738136
00010 746010674
00010 746591942
00010 747399410
00010 750371982
00010 751653572
00010 752025110
00010 756117458
00010 756517788
00010 757147700
00010 758674956
00010 759938932
00010 760182712
00010 761835416
00010 761863282
00010 763135954
00010 763209046
00010 763406732
00010 768307566
00010 773030554
00010 773588004
00010 775530880
00010 778869822
00010 780206196
00010 784365556
00010 788013966
00010 792520582
00010 793121886
00010 797447472
00010 800571114
00010 803127952
00010 803728874
00010 803765776
00010 805202438
00010 806941040
00010 807975760
00010 817435166
00010 818581756
00010 820181768
00010 820949606
00010 822520956
00010 824975662
00010 825072656
00010 825796174
00010 827505452
00010 827696728
00010 832889676
00010 837982134
00010 839338062
00010 845123780
00010 845670812
00010 848513594
00010 849973304
00010 852594552
00010 853336432
00010 856638284
00010 859612632
00010 861183390
00010 862283476
00010 863418730
00010 864255680
00010 867011474
00010 868659616
00010 872661412
00010 876284306
00010 876553848
00010 878145444
00010 879017028
00010 880380842
00010 884297554
00010 890383118
00010 891635530
00010 891681082
00010 899898764
00010 907296616
00010 916389922
00010 917696252
00010 919728428
00010 923025236
00010 924536466
00010 925363112
00010 928532144
00010 928949678
00010 931136972
00010 933737726
00010 936107334
00010 937323068
00010 939123658
00010 940120640
00010 941523738
00010 944970336
00010 945937472
00010 952757594
00010 952821398
00010 956577396
00010 961873514
00010 962463632
00010 962966738
00010 963176100
00010 964036568
00010 964162088
00010 968636154
00010 969217068
00010 970890032
00010 979075458
00010 983231916
00010 984460746
00010 984727326
00010 986952282
00010 989951650
00010 998058834
00010 3045936
00010 5185808
00010 7866828
00010 12710528
00010 14086884
00010 15355048
00010 16938512
00010 20042314
00010 20286608
00010 20322046
00010 24711736
00010 25080160
00010 25551134
00010 26211432
00010 34201548
00010 35733006
00010 39599322
00010 44404894
00010 48980732
00010 49400018
00010 51563418
00010 51653206
00010 54660758
00010 55551560
00010 57871628
00010 60740176
00010 61380216
00010 63479644
00010 64346808
00010 64734492
00010 67449688
00010 68773732
00010 69098524
00010 70761444
00010 70860972
00010 71258804
00010 71380096
00010 71975076
00010 72758624
00010 74857464
00010 75029880
00010 75859898
00010 76994764
00010 79996634
00010 80502996
00010 83395280
00010 84748880
00010 85320176
00010 86761130
00010 86811124
00010 90383704
00010 95681528
00010 95790126
00010 100169222
00010 100172278
00010 101039134
00010 105708638
00010 105835400
00010 106258624
00010 110385628
00010 112978872
00010 113262632
00010 113423084
00010 115015254
00010 120643086
00010 121988028
00010 122087174
00010 127770642
00010 129297730
00010 131533978
00010 134427912
00010 137955604
00010 146379552
00010 153487246
00010 153533662
00010 159125176
00010 161105308
00010 164185584
00010 164332252
00010 164987040
00010 165968308
00010 167536672
00010 169949462
00010 171799558
00010 175538798
00010 178125420
00010 178350390
00010 188771642
00010 198324334
00010 198885238
00010 200516964
00010 201144766
00010 204078136
00010 204563432
00010 204574668
00010 208409690
00010 212237570
00010 218315568
00010 219759228
00010 220146598
00010 222140886
00010 227170796
00010 230179532
00010 238629912
00010 241361534
00010 243094954
00010 246465164
00010 248184414
00010 248270286
00010 251971302
00010 255632364
00010 255645904
00010 257897822
00010 259785408
00010 260749618
00010 265085814
00010 265094824
00010 265461656
00010 266654870
00010 267123646
00010 267374692
00010 270638904
00010 274537046
00010 275991128
00010 280773194
00010 284784276
00010 285666024
00010 285825160
00010 287903844
00010 288877932
00010 298163462
00010 298298896
00010 300700778
00010 302000140
00010 303166946
00010 306796764
00010 308948548
00010 311177962
00010 315160652
00010 321067248
00010 321564486
00010 321636028
00010 322900602
00010 325221372
00010 326547806
00010 327107074
00010 328722812
00010 331844374
00010 331846232
00010 332974870
00010 333218004
00010 338122714
00010 341574082
00010 346281698
00010 348711010
00010 357440094
00010 357442044
00010 358334274
00010 362681416
00010 364521954
00010 366501610
00010 367855142
00010 369428632
00010 375324884
00010 377809594
00010 380214112
00010 380239206
00010 384715614
00010 388580114
00010 393727830
00010 393796126
00010 394103340
00010 396623732
00010 398985068
00010 399700850
00010 399808660
00010 404630428
00010 406111992
00010 407333126
00010 407373096
00010 412550326
00010 413439792
00010 413440808
00010 416585546
00010 416774484
00010 420375994
00010 422869132
00010 423090200
00010 423327440
00010 425117924
00010 427090286
00010 428223954
00010 433114130
00010 435757656
00010 440411320
00010 440492976
00010 440767178
00010 442222050
00010 443349592
00010 443550370
00010 444081720
00010 445431750
00010 446295014
00010 448698936
00010 449131680
00010 450400890
00010 454431940
00010 455212192
00010 457361424
00010 458320738
00010 459976418
00010 462130350
00010 471721998
00010 473609988
00010 475632826
00010 476007400
00010 483188828
00010 483790298
00010 484369644
00010 494991640
00010 496930202
00010 497063664
00010 504545440
00010 507430994
00010 508224686
00010 508288344
00010 508568394
00010 511527368
00010 512377284
00010 514509332
00010 514641472
00010 515836404
00010 516249748
00010 517964846
00010 518495578
00010 518615970
00010 519541496
00010 519877128
00010 521191248
00010 522226994
00010 523245654
00010 528184766
00010 529080176
00010 532135190
00010 533042776
00010 536860554
00010 543267630
00010 545618666
00010 545748054
00010 546484856
00010 548650762
00010 553520760
00010 554231708
00010 555027578
00010 555143380
00010 555400268
00010 556218982
00010 556707740
00010 557076368
00010 557780418
00010 558050360
00010 558154690
00010 558672254
00010 560662444
00010 560691756
00010 561739908
00010 566497354
00010 568766042
00010 572779788
00010 574459240
00010 576330988
00010 579411504
00010 581865710
00010 582802050
00010 584737340
00010 584927630
00010 588988800
00010 589153216
00010 590715880
00010 591626782
00010 592685198
00010 593379482
00010 594289176
00010 594332202
00010 596599180
00010 598826646
00010 598896446
00010 602650908
00010 603479460
00010 606249834
00010 610933698
00010 612668240
00010 615101366
00010 615315992
00010 619845162
00010 620101694
00010 620939784
00010 621464794
00010 624447176
00010 626322884
00010 635221648
00010 636826362
00010 637100188
00010 638112228
00010 639973464
00010 642565420
00010 644664604
00010 645769828
00010 646293606
00010 648441800
00010 649192592
00010 652112930
00010 652190830
00010 658557666
00010 659688384
00010 662118352
00010 662503436
00010 665911608
00010 668568814
00010 671974604
00010 673320374
00010 683352082
00010 689553488
00010 689593368
00010 691848396
00010 694414614
00010 694904926
00010 694992532
00010 695769142
00010 699062694
00010 710569840
00010 712427616
00010 712522368
00010 724831582
00010 728791110
00010 731019372
00010 737170604
00010 738999056
00010 742674468
00010 743993174
00010 744893458
00010 750161430
00010 754901676
00010 757567902
00010 759359398
00010 761492276
00010 761858626
00010 769491174
00010 770244018
00010 771365620
00010 774873108
00010 778115490
00010 778302172
00010 786895260
00010 788661962
00010 793658684
00010 794201004
00010 795866478
00010 796012916
00010 798367086
00010 799399724
00010 801162192
00010 806893402
00010 809016934
00010 809114098
00010 810324182
00010 812394170
00010 812475940
00010 815964240
00010 816148954
00010 818179706
00010 819534630
00010 821697854
00010 822094456
00010 826616852
00010 829001828
00010 832141574
00010 832379214
00010 834640612
00010 836713142
00010 836889916
00010 838266970
00010 845215688
00010 845322694
00010 845628902
00010 846222348
00010 846343602
00010 850410198
00010 851571276
00010 853854040
00010 856425916
00010 857479902
00010 858264368
00010 859653736
00010 860433254
00010 861468054
00010 863527178
00010 864615654
00010 867686256
00010 874380444
00010 874516082
00010 875462262
00010 877065760
00010 877493900
00010 878460912
00010 878787732
00010 879090196
00010 880662592
00010 880853530
00010 881394720
00010 884165968
00010 885838642
00010 888998884
00010 889599948
00010 890531340
00010 892942426
00010 893396840
00010 893408014
00010 897308808
00010 897492376
00010 898543308
00010 902187624
00010 905008052
00010 906304876
00010 907525680
00010 908418928
00010 910405726
00010 911877886
00010 912207768
00010 912962122
00010 912986960
00010 916243288
00010 917514296
00010 919554512
00010 921038426
00010 923268152
00010 925119544
00010 925939488
00010 925948846
00010 926696618
00010 927748478
00010 931024630
00010 931864886
00010 935308134
00010 942362362
00010 942394608
00010 943461004
00010 944581346
00010 949004484
00010 950402466
00010 951395856
00010 952157910
00010 955549772
00010 955924342
00010 962903400
00010 965652860
00010 968679874
00010 969574500
00010 973581874
00010 977981488
00010 978365430
00010 979879198
00010 983192280
00010 983281184
00010 988046068
00010 989666796
00010 990457650
00010 990570714
00010 991909274
00010 993110128
00010 995740810
00010 997998368
00010 2520620
00010 2814160
00010 3029694
00010 5597112
00010 5696650
00010 6573374
00010 8842352
00010 11800326
00010 12781550
00010 14166258
00010 15430572
00010 16507100
00010 20857204
00010 21810012
00010 26798674
00010 27294452
00010 27691198
00010 28831450
00010 29518358
00010 29683266
00010 30402216
00010 33968922
00010 39796330
00010 43037714
00010 45126192
00010 46021202
00010 52295590
00010 54544884
00010 55212484
00010 58131722
00010 58494594
00010 59471164
00010 59818546
00010 60490412
00010 62252414
00010 64246124
00010 70920492
00010 71632600
00010 72838314
00010 74515016
00010 74516154
00010 74730186
00010 75528780
00010 76587212
00010 78001728
00010 84339862
00010 87534604
00010 89632084
00010 89872382
00010 92906228
00010 95220056
00010 95802434
00010 102437816
00010 103768170
00010 103805430
00010 104124064
00010 107820540
00010 109466646
00010 112914492
00010 113098930
00010 115479290
00010 117505802
00010 117514772
00010 120061836
00010 120507896
00010 123091014
00010 123711828
00010 129169448
00010 133404708
00010 135945782
00010 139722186
00010 140948046
00010 144798462
00010 148631832
00010 153738102
00010 155325386
00010 155918038
00010 157624842
00010 160397818
00010 163280316
00010 166971666
00010 167759336
00010 170492562
00010 172351822
00010 172985556
00010 173757118
00010 173814582
00010 176190980
00010 179628202
00010 179702366
00010 179748056
00010 182793956
00010 186502608
00010 187103048
00010 191293790
00010 192993594
00010 193052288
00010 194106616
00010 200571748
00010 202542010
00010 205015590
00010 212083424
00010 212086944
00010 212270340
00010 217007100
00010 218040794
00010 222236422
00010 223190116
00010 227615630
00010 228209530
00010 228479742
00010 229217754
00010 230224964
00010 233027170
00010 233737964
00010 233970408
00010 234422860
00010 235059000
00010 235402630
00010 239251512
00010 241703394
00010 243869812
00010 253313406
00010 259920756
00010 260343796
00010 261176354
00010 262005382
00010 262714710
00010 263195574
00010 264766618
00010 267027628
00010 269252936
00010 271082882
00010 271744396
00010 273936370
00010 274099524
00010 274241646
00010 278119664
00010 279339454
00010 279547780
00010 281622778
00010 282668994
00010 284738970
00010 286843010
00010 289778938
00010 290490822
00010 291314246
00010 291444306
00010 296693316
00010 298164306
00010 298810702
00010 299554732
00010 302007410
00010 302992480
00010 305195172
00010 316947072
00010 317078168
00010 319450444
00010 320241682
00010 320753768
00010 321011112
00010 324191328
00010 325024622
00010 327295066
00010 330196374
00010 330548396
00010 331600532
00010 340140892
00010 341309264
00010 342158194
00010 343191768
00010 343760418
00010 349280598
00010 351870802
00010 351902080
00010 352703176
00010 354211946
00010 363488798
00010 363590930
00010 364277594
00010 368962276
00010 369660964
00010 374621450
00010 377456190
00010 384936370
00010 391957566
00010 395863630
00010 397601526
00010 398842094
00010 400269980
00010 400351160
00010 408744408
00010 411641178
00010 414745644
00010 415654898
00010 416062564
00010 416919028
00010 419484838
00010 421221032
00010 421244618
00010 423338212
00010 427888886
00010 428094684
00010 432380950
00010 433601824
00010 434000600
00010 435280464
00010 439070952
00010 439627478
00010 440153082
00010 447118394
00010 450265674
00010 450781720
00010 450919846
00010 454014646
00010 454794576
00010 455636126
00010 457872388
00010 459915928
00010 461630820
00010 466971468
00010 467497874
00010 468981378
00010 475304062
00010 475758338
00010 477718242
00010 481133652
00010 482499788
00010 484340184
00010 491052860
00010 497294262
00010 501112084
00010 502898252
00010 503840892
00010 503882244
00010 510681564
00010 516885310
00010 518968536
00010 521904540
00010 523452188
00010 523506790
00010 528847022
00010 529184764
00010 529788188
00010 530957836
00010 537852438
00010 538272564
00010 540276788
00010 543529128
00010 543878226
00010 548357244
00010 555665986
00010 557610436
00010 557905134
00010 560568632
00010 561272860
00010 561393518
00010 563458682
00010 564483364
00010 566401750
00010 567883442
00010 570614228
00010 573320786
00010 575809522
00010 576971866
00010 577908022
00010 581647344
00010 583958040
00010 584462122
00010 588640174
00010 591391218
00010 591688974
00010 598359842
00010 599651400
00010 600317422
00010 601044740
00010 602094824
00010 602452194
00010 604858718
00010 606952000
00010 607080024
00010 614318178
00010 615573664
00010 615689760
00010 617154488
00010 617520924
00010 620109764
00010 622956878
00010 626728556
00010 626822042
00010 631032606
00010 633045022
00010 635220860
00010 637287836
00010 639385882
00010 639958744
00010 640884412
00010 641807398
00010 641969032
00010 644098290
00010 646591690
00010 646829010
00010 647308154
00010 647418046
00010 647517184
00010 652907888
00010 653468288
00010 654154730
00010 655082908
00010 658299372
00010 659677938
00010 661303400
00010 662786164
00010 663043148
00010 663226670
00010 664051210
00010 664474130
00010 665728412
00010 666525782
00010 668871732
00010 669779512
00010 672227258
00010 673372478
00010 679125876
00010 680903084
00010 681451238
00010 682674150
00010 685540616
00010 685764776
00010 686072968
00010 689100020
00010 692033980
00010 693373424
00010 699587544
00010 700070288
00010 703139100
00010 710008224
00010 710010332
00010 710642192
00010 712559218
00010 715043434
00010 719376352
00010 722488690
00010 727497720
00010 728687824
00010 729619928
00010 729708270
00010 733582398
00010 734686718
00010 735961704
00010 736546356
00010 736965228
00010 737684460
00010 738217648
00010 741304240
00010 744446958
00010 745934084
00010 746056996
00010 747454110
00010 751536640
00010 753618002
00010 755768094
00010 759407146
00010 765336022
00010 768138460
00010 769648938
00010 769666554
00010 772450354
00010 773575224
00010 775327182
00010 775330326
00010 775439756
00010 776239662
00010 776888478
00010 777090292
00010 777279370
00010 777423166
00010 780159864
00010 782742176
00010 783484238
00010 784228518
00010 785482232
00010 785485072
00010 786787762
00010 789738522
00010 790294030
00010 792570818
00010 793046574
00010 799305190
00010 801495654
00010 808550700
00010 809980770
00010 812102740
00010 822734008
00010 826063464
00010 827154504
00010 828586348
00010 829251406
00010 832837638
00010 834156182
00010 838598720
00010 841796274
00010 842602990
00010 847948786
00010 851650338
00010 857164302
00010 859383644
00010 861804072
00010 862320326
00010 865821292
00010 867242166
00010 868729154
00010 871202406
00010 871203840
00010 873491662
00010 875195286
00010 875409730
00010 876461626
00010 878026322
00010 878085712
00010 879367974
00010 880824852
00010 881299948
00010 883520310
00010 884115530
00010 884652802
00010 887850682
00010 891244442
00010 895745910
00010 895839812
00010 896047946
00010 902879196
00010 903420602
00010 904558234
00010 907782140
00010 909338286
00010 913589436
00010 926742206
00010 927756536
00010 928776648
00010 929488052
00010 930754516
00010 931137100
00010 931954992
00010 936866540
00010 937531630
00010 939597752
00010 940673640
00010 943193150
00010 944202392
00010 946673872
00010 946843552
00010 950028766
00010 954261774
00010 960024952
00010 965373796
00010 968141704
00010 971401656
00010 986973806
00010 989980478
00010 997990864
00010 999040070
00010 999427028
00010 869744
00010 4657688
00010 5267336
00010 6382596
00010 8303530
00010 9535052
00010 9752822
00010 12634866
00010 13480640
00010 15299030
00010 16672838
00010 17504546
00010 20581388
00010 21005886
00010 22289046
00010 25569654
00010 26474290
00010 26780316
00010 33084300
00010 36091884
00010 37960982
00010 38379796
00010 41584892
00010 44561742
00010 44566090
00010 45951378
00010 46010106
00010 47199150
00010 49979326
00010 52888140
00010 53211034
00010 55131474
00010 56548394
00010 56819386
00010 59667756
00010 60315100
00010 63055296
00010 63930992
00010 64015078
00010 66926208
00010 67914476
00010 69873040
00010 71266190
00010 71655668
00010 76942500
00010 78457074
00010 78699322
00010 80840062
00010 80898222
00010 82965252
00010 85678302
00010 86164626
00010 86506226
00010 89030544
00010 89266430
00010 90463196
00010 91071902
00010 92926654
00010 94079256
00010 94220714
00010 95527784
00010 95531430
00010 97640124
00010 99723616
00010 100832590
00010 103108606
00010 103394596
00010 106168174
00010 106772582
00010 110489542
00010 116761520
00010 120599862
00010 122608316
00010 124298250
00010 124388078
00010 125098584
00010 125176782
00010 125925570
00010 132482788
00010 133009892
00010 137536960
00010 138517216
00010 141711320
00010 142247666
00010 144400240
00010 144511318
00010 145188472
00010 148605454
00010 151578816
00010 151611676
00010 154292822
00010 156732764
00010 159289012
00010 170008586
00010 171291568
00010 173877744
00010 174374846
00010 175197090
00010 175716960
00010 175817284
00010 176030672
00010 176031810
00010 176841390
00010 176969258
00010 179435344
00010 181148702
00010 183672012
00010 184388612
00010 184871042
00010 187442468
00010 187529858
00010 194501184
00010 196048594
00010 196760808
00010 197499624
00010 198223680
00010 198954084
00010 199589550
00010 205393650
00010 205698400
00010 206764564
00010 209408066
00010 209476560
00010 209523910
00010 213034424
00010 213217540
00010 218286566
00010 218631096
00010 218772332
00010 221751402
00010 223269126
00010 223801402
00010 226122800
00010 226623764
00010 231548836
00010 232588092
00010 235778018
00010 237040976
00010 239719526
00010 241488170
00010 241605272
00010 243192992
00010 246056260
00010 247829540
00010 249437636
00010 250782400
00010 261777222
00010 267041926
00010 267676354
00010 267756440
00010 268366322
00010 270901214
00010 273037364
00010 273786006
00010 275657922
00010 275827554
00010 283629946
00010 284828942
00010 285134090
00010 285460244
00010 288758390
00010 292056316
00010 292459232
00010 297283336
00010 298256468
00010 300896214
00010 302562352
00010 303589298
00010 303908686
00010 305379370
00010 307356220
00010 307685738
00010 308378990
00010 309223306
00010 309623952
00010 311216718
00010 314189390
00010 314622966
00010 317137006
00010 318142732
00010 318378562
00010 321172552
00010 323865146
00010 326722548
00010 329860144
00010 331668264
00010 332598386
00010 336911466
00010 341412096
00010 343900796
00010 345400600
00010 347422416
00010 347569324
00010 351657992
00010 351710482
00010 351917518
00010 353361574
00010 358904078
00010 359225894
00010 359490926
00010 361507042
00010 361897494
00010 368267718
00010 368331118
00010 371010002
00010 371742828
00010 373417106
00010 374294612
00010 379336964
00010 380487884
00010 384794582
00010 385977696
00010 386581772
00010 388850868
00010 389618158
00010 389663710
00010 390706410
00010 392056604
00010 397898650
00010 403243862
00010 406282218
00010 408771958
00010 418541816
00010 419988346
00010 421500970
00010 422247418
00010 422808492
00010 423188094
00010 427849836
00010 427969592
00010 440605064
00010 441449410
00010 441660224
00010 444196844
00010 444306912
00010 444404486
00010 444572574
00010 446181136
00010 447349910
00010 449403162
00010 457281924
00010 458613322
00010 460092924
00010 467289678
00010 467820146
00010 472800242
00010 472832804
00010 474009210
00010 475391006
00010 476142156
00010 476422240
00010 479937488
00010 483404894
00010 491348174
00010 491683972
00010 492253242
00010 496484180
00010 499497158
00010 500451816
00010 508839344
00010 513189872
00010 516484980
00010 517792552
00010 524784222
00010 524979666
00010 525002660
00010 526160624
00010 533234942
00010 534140370
00010 534718590
00010 540681192
00010 541064204
00010 541116920
00010 547354666
00010 549602518
00010 552330302
00010 552393240
00010 556653528
00010 558223738
00010 561412732
00010 567162070
00010 571410144
00010 572121806
00010 573796082
00010 574883218
00010 579779268
00010 584664074
00010 586571176
00010 587039340
00010 588777662
00010 595783702
00010 597302758
00010 600834008
00010 602272186
00010 604167580
00010 605223700
00010 605794186
00010 607798388
00010 609513982
00010 610022916
00010 613176454
00010 613428152
00010 614499774
00010 614737930
00010 615251830
00010 618222984
00010 621431100
00010 626631356
00010 627895914
00010 629950824
00010 631699766
00010 632460384
00010 645484096
00010 650125574
00010 651256040
00010 651728404
00010 653699518
00010 654554524
00010 654865126
00010 655321332
00010 657035860
00010 661380390
00010 663777042
00010 668048694
00010 671047778
00010 674349486
00010 675243052
00010 675570810
00010 675826098
00010 678064572
00010 680636868
00010 682415514
00010 684283008
00010 687110158
00010 687546244
00010 688719244
00010 692933556
00010 694476638
00010 697909040
00010 699029586
00010 700403894
00010 702228464
00010 706153652
00010 708134834
00010 708798334
00010 709329904
00010 718110218
00010 718118084
00010 719330096
00010 719572702
00010 722508240
00010 723867524
00010 729047850
00010 734220038
00010 734856800
00010 739059870
00010 741279482
00010 741962480
00010 742207438
00010 745840290
00010 749442732
00010 749672152
00010 750202572
00010 753276024
00010 757219744
00010 758471218
00010 759571132
00010 761602780
00010 763440178
00010 766559940
00010 767014754
00010 768112204
00010 770447458
00010 774609340
00010 775582286
00010 776516926
00010 781238008
00010 781612686
00010 782499986
00010 786696000
00010 794664488
00010 794905926
00010 797887670
00010 808070776
00010 809272440
00010 810410554
00010 811398476
00010 817107966
00010 821800668
00010 823600506
00010 823760336
00010 824540354
00010 836652650
00010 837438894
00010 838585078
00010 844908434
00010 845117342
00010 845454990
00010 848236306
00010 848920328
00010 850355958
00010 851482894
00010 852365956
00010 852973050
00010 854130088
00010 855816452
00010 855852060
00010 859526274
00010 860343554
00010 861551834
00010 863926250
00010 866932280
00010 872120666
00010 874365810
00010 879792140
00010 881467000
00010 884132568
00010 884291928
00010 887497980
00010 887841844
00010 888436068
00010 888659322
00010 889657828
00010 890652402
00010 893235628
00010 894386372
00010 894428074
00010 896738648
00010 910578938
00010 913082162
00010 914476928
00010 917525642
00010 918564368
00010 920155492
00010 924861042
00010 925111998
00010 925204312
00010 925942976
00010 928324794
00010 930394656
00010 932023676
00010 933341648
00010 944771572
00010 947643822
00010 947981004
00010 950917348
00010 956806286
00010 957712266
00010 959707208
00010 960152644
00010 960312862
00010 960717102
00010 961332982
00010 962692130
00010 970455928
00010 971597494
00010 971846426
00010 972768950
00010 973283500
00010 974146440
00010 976532868
00010 977922414
00010 978185262
00010 981083954
00010 986959804
00010 989198330
00010 990972354
00010 997204940
00010 997232340
00010 999997906
00010 2213074
00010 2684250
00010 6125868
00010 13746240
00010 16220790
00010 16488150
00010 17679798
00010 20198644
00010 21053098
00010 21430810
00010 23081730
00010 23474602
00010 27636882
00010 27971714
00010 31632700
00010 33895008
00010 37235520
00010 39034952
00010 39107920
00010 39458646
00010 41858148
00010 43221342
00010 44627212
00010 48819872
00010 49288118
00010 50621862
00010 51165888
00010 51569524
00010 52023740
00010 54434138
00010 55057204
00010 55275804
00010 55411072
00010 56573680
00010 58454966
00010 62138488
00010 63135460
00010 66475004
00010 67285706
00010 67890748
00010 68112870
00010 77588500
00010 82796672
00010 86605254
00010 91215668
00010 94987806
00010 97458446
00010 99391178
00010 102971624
00010 107200174
00010 107663542
00010 108333274
00010 109733448
00010 110329090
00010 122770628
00010 123377236
00010 124890488
00010 127188388
00010 132717948
00010 136092946
00010 137715290
00010 140056622
00010 140241862
00010 140958150
00010 142333410
00010 147454734
00010 149918822
00010 155081566
00010 156163754
00010 159985606
00010 161546628
00010 166980564
00010 174742980
00010 174809664
00010 178257948
00010 181633164
00010 182141742
00010 182968112
00010 187186842
00010 187564052
00010 189264758
00010 192237222
00010 192448738
00010 196851582
00010 198443504
00010 198890512
00010 199066506
00010 201671254
00010 202748120
00010 206755050
00010 206782006
00010 206923960
00010 206927278
00010 208658068
00010 210719948
00010 212065188
00010 212086164
00010 215213674
00010 215427084
00010 215782630
00010 216001508
00010 217805884
00010 218764544
00010 218781234
00010 218795766
00010 219483582
00010 220294348
00010 223931374
00010 226941078
00010 233580202
00010 238957178
00010 239779306
00010 243390514
00010 250886480
00010 254166168
00010 254466082
00010 266625534
00010 267439572
00010 267847294
00010 268427806
00010 270464738
00010 271172654
00010 271930694
00010 273113142
00010 274916466
00010 275376240
00010 279024712
00010 281289514
00010 282419282
00010 284951328
00010 285791680
00010 286565322
00010 287227636
00010 288337046
00010 289818636
00010 290113416
00010 290979048
00010 292056430
00010 292353744
00010 296411010
00010 296914420
00010 298482272
00010 299546678
00010 299618002
00010 302718840
00010 302862400
00010 305065904
00010 305269990
00010 306254476
00010 307740134
00010 310365450
00010 313486792
00010 319077036
00010 321798934
00010 322524428
00010 324661716
00010 325589854
00010 327421310
00010 328926796
00010 328955312
00010 329259090
00010 329376378
00010 330904292
00010 332935390
00010 333755568
00010 333837716
00010 334004548
00010 337078612
00010 339117172
00010 340449076
00010 341422948
00010 344192812
00010 345789858
00010 350613124
00010 360766780
00010 361428006
00010 361595288
00010 362929206
00010 364712676
00010 364869158
00010 365297638
00010 369171928
00010 369988126
00010 372527258
00010 377828314
00010 378383584
00010 380826960
00010 384732108
00010 389739606
00010 392561160
00010 396868646
00010 397296292
00010 399943316
00010 400415124
00010 400580026
00010 406865810
00010 409974702
00010 411887688
00010 412314768
00010 418663922
00010 422761466
00010 423411010
00010 424416772
00010 425088678
00010 425469112
00010 428163700
00010 428681926
00010 431552204
00010 431912290
00010 434135412
00010 438375138
00010 440255830
00010 440756046
00010 442315654
00010 445668124
00010 448021130
00010 448921504
00010 449544308
00010 451057060
00010 451701988
00010 452181996
00010 454228946
00010 457593640
00010 457807546
00010 460658472
00010 462684688
00010 466173186
00010 466745528
00010 467330886
00010 469292058
00010 469655228
00010 471612584
00010 474127222
00010 475551506
00010 477108608
00010 477850434
00010 479738828
00010 482313788
00010 484088834
00010 486066806
00010 486286100
00010 486465516
00010 489560448
00010 494027222
00010 495659850
00010 495913798
00010 497011406
00010 497654664
00010 498613544
00010 501876486
00010 503075950
00010 503653980
00010 504375782
00010 504466174
00010 511253932
00010 511379206
00010 517089180
00010 518085854
00010 521028676
00010 521128994
00010 522692112
00010 529878088
00010 531289458
00010 534224900
00010 539983500
00010 539989328
00010 543581820
00010 545362508
00010 547049426
00010 547463374
00010 550007454
00010 550412450
00010 558194432
00010 559445350
00010 562669628
00010 566195300
00010 566797622
00010 569454004
00010 569614260
00010 574106744
00010 574589192
00010 575988092
00010 576027048
00010 578344462
00010 578401172
00010 578604978
00010 579096234
00010 583414306
00010 590048922
00010 591982640
00010 594258518
00010 594360346
00010 596085564
00010 597947142
00010 598561282
00010 599998368
00010 602574412
00010 602664714
00010 604454256
00010 611443710
00010 611816174
00010 615735230
00010 616549410
00010 619565352
00010 623515414
00010 625241352
00010 626179472
00010 626702406
00010 628171164
00010 634896396
00010 634911674
00010 635209622
00010 635279238
00010 636170946
00010 639300772
00010 639521332
00010 639605742
00010 641972320
00010 641992580
00010 646144156
00010 646145872
00010 647351304
00010 649595964
00010 652044458
00010 652192486
00010 655477926
00010 655497528
00010 666396510
00010 667340568
00010 668364512
00010 668420978
00010 670466756
00010 671311556
00010 671357942
00010 672621060
00010 673543502
00010 675895352
00010 678793742
00010 678950772
00010 684404194
00010 689485458
00010 690699886
00010 690739546
00010 692469608
00010 697489664
00010 699534316
00010 700907750
00010 701160124
00010 701560736
00010 702532518
00010 703828516
00010 703930368
00010 706135550
00010 707665622
00010 707706702
00010 707792844
00010 712393768
00010 714865604
00010 714870666
00010 715314952
00010 718057454
00010 718815602
00010 719901430
00010 721314196
00010 722669234
00010 722698002
00010 729699526
00010 729897658
00010 730922502
00010 735014888
00010 737837830
00010 738648600
00010 739010768
00010 739638138
00010 749181612
00010 752894998
00010 756871694
00010 759880534
00010 764510350
00010 767845028
00010 768297266
00010 770047054
00010 770065132
00010 772104094
00010 773010016
00010 773634684
00010 774029902
00010 777138624
00010 778372960
00010 778985414
00010 780079268
00010 782840998
00010 784433790
00010 785763930
00010 789428208
00010 790878926
00010 791752110
00010 792194304
00010 792354938
00010 795327758
00010 796966642
00010 798158776
00010 800195398
00010 800406018
00010 801478486
00010 803680292
00010 804882062
00010 807650862
00010 808191608
00010 810565190
00010 812272594
00010 818530976
00010 823398358
00010 825655676
00010 831094778
00010 835424158
00010 838035222
00010 839938282
00010 842329386
00010 842768290
00010 845519646
00010 848296106
00010 848560590
00010 850748322
00010 850865326
00010 851493956
00010 851541880
00010 852907276
00010 853997926
00010 854622580
00010 857265528
00010 859631526
00010 860627576
00010 866057560
00010 866124640
00010 867413362
00010 874439728
00010 874709024
00010 880077708
00010 882256296
00010 882303186
00010 883098558
00010 883638242
00010 884148830
00010 886282722
00010 888537858
00010 888958524
00010 890971678
00010 894993580
00010 896534710
00010 905870014
00010 906647690
00010 908479004
00010 910722190
00010 912158974
00010 912931094
00010 917304326
00010 917775056
00010 922393452
00010 924260464
00010 926175528
00010 927635728
00010 931957456
00010 932275086
00010 933251844
00010 934174754
00010 935787436
00010 936827558
00010 938399730
00010 938462450
00010 939002226
00010 945371838
00010 946446200
00010 947424840
00010 948010832
00010 948567162
00010 949846100
00010 949869046
00010 952647630
00010 952785792
00010 953669840
00010 954870206
00010 955752562
00010 956164578
00010 959331044
00010 962312020
00010 964031922
00010 970571278
00010 970803050
00010 970957422
00010 973366388
00010 973731470
00010 980154148
00010 981858536
00010 983200380
00010 984134896
00010 988619810
00010 989371176
00010 991922142
00010 992925948
00010 993552216
00010 993973188
00010 995218656
00010 998877544
00010 2048694
00010 3982602
00010 4063400
00010 4235952
00010 4559410
00010 5165654
00010 6966530
00010 7345458
00010 13096202
00010 13237884
00010 14725222
00010 14952980
00010 15840324
00010 16872952
00010 18787086
00010 28922458
00010 29494528
00010 35462684
00010 36931968
00010 37114948
00010 42265686
00010 43963894
00010 44990730
00010 45914630
00010 48132366
00010 52841088
00010 55674324
00010 60905968
00010 65201396
00010 65888962
00010 66335208
00010 72367640
00010 73266432
00010 74965256
00010 75861252
00010 77901474
00010 78051080
00010 82215372
00010 83579204
00010 84023440
00010 87984304
00010 88370368
00010 89167226
00010 90151740
00010 91169106
00010 93518990
00010 99912094
00010 106446426
00010 109274340
00010 109448646
00010 110801550
00010 110935070
00010 115628256
00010 115677554
00010 116320882
00010 119741248
00010 120025214
00010 120497162
00010 120595410
00010 121333016
00010 121513116
00010 123826070
00010 127612956
00010 128523036
00010 128665494
00010 129836600
00010 129877268
00010 131497454
00010 131694426
00010 134293680
00010 136086084
00010 140916832
00010 144330394
00010 146904090
00010 150570446
00010 153365168
00010 153777242
00010 157052742
00010 157277710
00010 157469174
00010 160299890
00010 164018740
00010 164391410
00010 164811978
00010 165041348
00010 166430964
00010 166722786
00010 166798342
00010 168140512
00010 171466084
00010 171565322
00010 173028534
00010 177335634
00010 178832700
00010 180976130
00010 182176810
00010 184069288
00010 184250354
00010 185275470
00010 187327042
00010 193129006
00010 196389532
00010 197642514
00010 197979722
00010 198104778
00010 202933830
00010 204512570
00010 205628860
00010 209465054
00010 211067250
00010 212367926
00010 215093060
00010 217508896
00010 219289036
00010 221769456
00010 222867280
00010 225866716
00010 226249388
00010 226811584
00010 227703554
00010 228849722
00010 229847572
00010 232443848
00010 235372262
00010 238450670
00010 239759414
00010 240518822
00010 241067686
00010 241653160
00010 242557802
00010 243784558
00010 244355880
00010 245530176
00010 252193208
00010 253005890
00010 260463722
00010 261201572
00010 261778774
00010 263822828
00010 264476910
00010 264833554
00010 267203754
00010 269535156
00010 274780468
00010 278351788
00010 279013594
00010 284483680
00010 286938730
00010 288040366
00010 288049662
00010 288786766
00010 288926574
00010 290314962
00010 290485874
00010 296499858
00010 297354620
00010 298825352
00010 300081258
00010 309347442
00010 309774070
00010 312228658
00010 312584552
00010 312978540
00010 319568002
00010 320018592
00010 322185154
00010 322929460
00010 323054496
00010 323572148
00010 327733508
00010 333462280
00010 334546440
00010 335861556
00010 336067730
00010 336399932
00010 338890110
00010 340738818
00010 341181636
00010 341968128
00010 344068832
00010 348518008
00010 349895164
00010 354283000
00010 357012620
00010 361213960
00010 362280112
00010 362984772
00010 365852272
00010 366883832
00010 372186634
00010 373826850
00010 374213870
00010 376441768
00010 377734066
00010 378364240
00010 378670876
00010 378767992
00010 380131146
00010 382658602
00010 382861102
00010 383420914
00010 385182232
00010 388411284
00010 389291932
00010 389529274
00010 392370202
00010 392829322
00010 394730486
00010 395892060
00010 399335702
00010 399451092
00010 402449132
00010 403976082
00010 404903500
00010 407288758
00010 408323190
00010 412248688
00010 418476472
00010 421967270
00010 423351812
00010 423577756
00010 425493056
00010 426772686
00010 428583816
00010 430581576
00010 434766088
00010 435449280
00010 435475590
00010 437080664
00010 438968990
00010 439532782
00010 442782130
00010 445634484
00010 449536248
00010 451589894
00010 452751734
00010 456074754
00010 458788160
00010 463156512
00010 464761410
00010 470140484
00010 470502940
00010 471926998
00010 481792638
00010 482169258
00010 486444816
00010 488107676
00010 490798608
00010 495729646
00010 496107452
00010 497214266
00010 500682546
00010 504259988
00010 505569426
00010 507452374
00010 507758078
00010 514286334
00010 515656122
00010 519290786
00010 519314024
00010 521997296
00010 522740716
00010 525282042
00010 526068598
00010 526195710
00010 531353906
00010 531845864
00010 532559618
00010 532618032
00010 534684162
00010 534753204
00010 538969436
00010 540317802
00010 541991456
00010 542042494
00010 545831250
00010 548023534
00010 549253668
00010 549528276
00010 549798510
00010 550849334
00010 551360790
00010 551780916
00010 551851056
00010 552504744
00010 553930120
00010 557523624
00010 561175210
00010 561414030
00010 566291318
00010 567559258
00010 570570084
00010 571899180
00010 573340670
00010 579565322
00010 580296826
00010 580855308
00010 580992888
00010 582998904
00010 585841078
00010 588808948
00010 597169478
00010 598324838
00010 599780740
00010 600103640
00010 600554982
00010 604068628
00010 605062192
00010 605842924
00010 607691382
00010 610861020
00010 611694604
00010 612370376
00010 613993370
00010 614517012
00010 616162502
00010 616420824
00010 618155954
00010 620793646
00010 621446314
00010 621810160
00010 622719114
00010 623659988
00010 627215394
00010 627785512
00010 629464012
00010 630189736
00010 631547928
00010 632495678
00010 636552470
00010 636891886
00010 637021936
00010 637857436
00010 638796554
00010 640117678
00010 643791156
00010 645250574
00010 646090696
00010 646506784
00010 646531354
00010 648318870
00010 648768694
00010 648897532
00010 649742824
00010 652033958
00010 653628746
00010 654205384
00010 656722100
00010 659710298
00010 660529460
00010 663034564
00010 663416250
00010 664744332
00010 665337728
00010 668035912
00010 669174398
00010 669792820
00010 670032530
00010 670752538
00010 671904056
00010 672566952
00010 679177134
00010 680635888
00010 687528592
00010 687618356
00010 687705420
00010 688407336
00010 690114586
00010 692425456
00010 697546704
00010 698612856
00010 705513158
00010 705933794
00010 721248646
00010 722439662
00010 724001678
00010 726364998
00010 729081748
00010 732553070
00010 738225364
00010 738280112
00010 738366272
00010 742930752
00010 743403874
00010 746888174
00010 755016642
00010 755405380
00010 764443276
00010 765045238
00010 766533314
00010 768932572
00010 771597220
00010 774422024
00010 775699492
00010 776436726
00010 779704678
00010 781283328
00010 781582164
00010 782468982
00010 782989140
00010 784525604
00010 784797230
00010 785655448
00010 788806898
00010 789791902
00010 792835052
00010 792890518
00010 792935790
00010 797329564
00010 799582778
00010 800400030
00010 802937040
00010 804723094
00010 807550024
00010 809119196
00010 815483894
00010 816724714
00010 817757488
00010 818936894
00010 819959600
00010 821163528
00010 823424110
00010 825480406
00010 828053244
00010 830699154
00010 831045436
00010 832402894
00010 836106422
00010 840254822
00010 843003656
00010 844011260
00010 844375584
00010 844403586
00010 844996892
00010 851367934
00010 853512900
00010 855401072
00010 860139538
00010 860281532
00010 860289876
00010 866821822
00010 871447250
00010 874988980
00010 875110544
00010 875206612
00010 876614430
00010 877456584
00010 878153772
00010 878576020
00010 878810776
00010 879791850
00010 880032014
00010 880907496
00010 884360830
00010 884441644
00010 885042440
00010 885897590
00010 887219528
00010 888123348
00010 892402100
00010 893127610
00010 894334668
00010 895363486
00010 895390000
00010 895757620
00010 898622536
00010 898881264
00010 903478256
00010 904041510
00010 905343600
00010 906117690
00010 909615590
00010 910701430
00010 912790558
00010 913745402
00010 914607924
00010 916252530
00010 918571796
00010 918594762
00010 920386478
00010 920968072
00010 921601464
00010 927305072
00010 929075326
00010 929301410
00010 932335158
00010 932837224
00010 934651878
00010 934757476
00010 939548690
00010 942725180
00010 944453800
00010 945133690
00010 945218490
00010 945623002
00010 947257958
00010 948715762
00010 949903448
00010 950398792
00010 950405126
00010 953843152
00010 959257012
00010 960930858
00010 963430468
00010 966661378
00010 973779040
00010 977390632
00010 977841990
00010 980579988
00010 981511330
00010 991243692
00010 991614544
00010 992982898
00010 994762692
00010 995259050
00010 995624962
00010 3559324
00010 3686152
00010 9805868
00010 10624548
00010 12277342
00010 16705832
00010 20156952
00010 20553472
00010 22498670
00010 24216322
00010 25551110
00010 27905200
00010 29121398
00010 38908836
00010 40578582
00010 41722174
00010 44326574
00010 45856968
00010 46348616
00010 47046530
00010 47416320
00010 47699958
00010 50514556
00010 50840544
00010 59840910
00010 61502054
00010 63753668
00010 69383040
00010 69866682
00010 73348860
00010 73585384
00010 79145786
00010 80694316
00010 83569342
00010 86075938
00010 86236736
00010 86238062
00010 87252086
00010 87483594
00010 87658790
00010 90301936
00010 95123858
00010 100142090
00010 101567820
00010 103771290
00010 106323776
00010 109430188
00010 109509230
00010 114626626
00010 116582644
00010 127300912
00010 127462852
00010 128054788
00010 128725874
00010 140703096
00010 144422288
00010 145309846
00010 150033394
00010 150457804
00010 156599202
00010 157145074
00010 157753262
00010 159842934
00010 163281590
00010 163337578
00010 165886002
00010 171358122
00010 175056442
00010 175058028
00010 175211826
00010 175406290
00010 175582800
00010 175804200
00010 178149874
00010 180325392
00010 183450074
00010 184897912
00010 187036888
00010 187197978
00010 188200696
00010 188683570
00010 189507840
00010 194548644
00010 197952138
00010 199031806
00010 205004116
00010 205600848
00010 208999628
00010 210891096
00010 211445546
00010 211873802
00010 212056038
00010 212863112
00010 214359604
00010 214363248
00010 215234154
00010 216290956
00010 219270360
00010 223982632
00010 234446864
00010 236898458
00010 237524872
00010 238756730
00010 242733614
00010 243675074
00010 245448950
00010 247346448
00010 251118182
00010 251521022
00010 253466032
00010 254467282
00010 263184078
00010 268194122
00010 269016584
00010 269066164
00010 270554146
00010 270630888
00010 274038168
00010 274295260
00010 275252956
00010 275490048
00010 276868582
00010 277326766
00010 278460016
00010 279719444
00010 282527466
00010 285530210
00010 286319046
00010 292175158
00010 292864028
00010 298009752
00010 300279196
00010 301447600
00010 303189904
00010 303296206
00010 306326208
00010 307925588
00010 308145102
00010 309219358
00010 309924220
00010 310351252
00010 312071634
00010 312802722
00010 313461144
00010 317422784
00010 319318350
00010 324591378
00010 324716904
00010 324813252
00010 327986624
00010 329281044
00010 333700406
00010 335794984
00010 338616034
00010 340288900
00010 340751194
00010 341827888
00010 346335534
00010 353477892
00010 358495454
00010 358678646
00010 359007748
00010 361562912
00010 362182656
00010 363660598
00010 364630034
00010 366367334
00010 370229440
00010 377910804
00010 379163976
00010 380089456
00010 380467668
00010 387117310
00010 388842468
00010 390874562
00010 391460218
00010 394074162
00010 395829256
00010 395893720
00010 396516178
00010 398427666
00010 400944332
00010 404221522
00010 404222506
00010 405221350
00010 405521558
00010 406653056
00010 408063130
00010 411743486
00010 411925798
00010 412371034
00010 415531160
00010 415600830
00010 415605116
00010 416305940
00010 418912326
00010 419994256
00010 420489374
00010 422238022
00010 422339746
00010 430523476
00010 431690776
00010 433599730
00010 434516406
00010 434867172
00010 436656448
00010 437631758
00010 438055258
00010 438246042
00010 438601710
00010 439754784
00010 442623722
00010 443827498
00010 446322532
00010 446324294
00010 446457828
00010 451383134
00010 451703886
00010 455591416
00010 463693110
00010 465995134
00010 469365132
00010 471728152
00010 472066910
00010 475388164
00010 475826864
00010 476670928
00010 479050954
00010 480660904
00010 480716386
00010 482663076
00010 482851194
00010 483145542
00010 484936174
00010 484950038
00010 485037810
00010 488561450
00010 490475924
00010 498485108
00010 499270534
00010 503548766
00010 505110124
00010 505787690
00010 510913132
00010 511191638
00010 511415474
00010 512713828
00010 512873820
00010 513167014
00010 517918976
00010 518246822
00010 521791954
00010 523628142
00010 524050714
00010 527427476
00010 529061066
00010 530837334
00010 531417822
00010 532935100
00010 533582044
00010 535799284
00010 536465088
00010 539495646
00010 539666902
00010 539678748
00010 539963182
00010 540300274
00010 541490090
00010 543575860
00010 552603682
00010 552622502
00010 554227072
00010 557779452
00010 561526206
00010 564190558
00010 564747742
00010 565128676
00010 568287006
00010 571285806
00010 571312980
00010 572145610
00010 574639616
00010 575359250
00010 575666142
00010 575805806
00010 576325200
00010 576328112
00010 577620120
00010 585979588
00010 587008034
00010 587031312
00010 587612226
00010 589690456
00010 592344570
00010 592930328
00010 593254946
00010 593899458
00010 594379766
00010 594947230
00010 595040848
00010 596723922
00010 600060722
00010 601372408
00010 607723700
00010 618218880
00010 619701326
00010 620135912
00010 620348002
00010 622155194
00010 622216324
00010 622263894
00010 622683012
00010 622772422
00010 623358158
00010 624488642
00010 626219686
00010 626657498
00010 628138164
00010 628746246
00010 628756996
00010 634058962
00010 638882774
00010 639570022
00010 641779838
00010 641926614
00010 642568710
00010 644687790
00010 644791808
00010 645142412
00010 646676826
00010 657415992
00010 661003510
00010 665854882
00010 666674546
00010 666791290
00010 667839936
00010 668016332
00010 668029244
00010 668441104
00010 669040488
00010 679104392
00010 679879040
00010 680899088
00010 680961352
00010 683051656
00010 684322458
00010 684351960
00010 685114724
00010 689028064
00010 690359282
00010 691848710
00010 696517428
00010 696981710
00010 697371958
00010 699753890
00010 703491850
00010 703559110
00010 703618744
00010 704153976
00010 713310730
00010 713992594
00010 716636362
00010 717908194
00010 721236564
00010 722815598
00010 722862030
00010 723913278
00010 725609098
00010 726526928
00010 730166728
00010 731900652
00010 732943406
00010 734215768
00010 742433542
00010 745174386
00010 746566128
00010 754783434
00010 755189798
00010 758428994
00010 766897628
00010 766965538
00010 767401314
00010 770662990
00010 774051482
00010 774839552
00010 777011580
00010 779682944
00010 779839210
00010 780393418
00010 780942336
00010 785333952
00010 786140924
00010 787221892
00010 788592990
00010 791175572
00010 803933950
00010 804615414
00010 811359264
00010 812219956
00010 812284134
00010 813521704
00010 814737352
00010 818385848
00010 821624314
00010 822021460
00010 825202946
00010 827604896
00010 828318608
00010 831702248
00010 832715452
00010 835743386
00010 836019582
00010 840115730
00010 841365874
00010 844688816
00010 848410300
00010 850653300
00010 852397768
00010 852756552
00010 855389746
00010 857191530
00010 862730162
00010 865069474
00010 869383464
00010 869634048
00010 870498272
00010 873978310
00010 875740592
00010 875966352
00010 876357224
00010 876996778
00010 877089460
00010 877962810
00010 880312898
00010 881551850
00010 882885110
00010 883007014
00010 884362736
00010 887571206
00010 887573698
00010 888031924
00010 888243580
00010 889064330
00010 889377706
00010 889556426
00010 890717118
00010 892372854
00010 896191210
00010 896790268
00010 897385620
00010 897919430
00010 898948702
00010 898964286
00010 899569844
00010 899777466
00010 900535652
00010 905629816
00010 907003100
00010 907570580
00010 910450458
00010 911797496
00010 914195656
00010 915796328
00010 918078242
00010 919074208
00010 919472750
00010 920526038
00010 924298850
00010 929377722
00010 932355096
00010 932991618
00010 935832742
00010 937245522
00010 938821900
00010 940045588
00010 940092894
00010 942832046
00010 948881736
00010 949326012
00010 952243570
00010 956618818
00010 959902936
00010 960795300
00010 960796754
00010 961267148
00010 962588128
00010 963129248
00010 970537086
00010 971015110
00010 972687548
00010 973671906
00010 973851270
00010 979220992
00010 981197250
00010 982654830
00010 983866420
00010 988496114
00010 991644138
00010 992880534
00010 993779180
00010 994711828
00010 995887876
00010 996767592
00010 997442974
00010 997467236
00010 998196910
00010 998700062
00010 999178620
00010 111068
00010 3959068
00010 4968616
00010 6244068
00010 10184020
00010 11182184
00010 11406306
00010 11952612
00010 12460268
00010 13594634
00010 14670696
00010 15821912
00010 19419466
00010 21929632
00010 22933732
00010 25101318
00010 27352308
00010 27354836
00010 29056082
00010 32116632
00010 32807832
00010 35094376
00010 35629452
00010 38178178
00010 38200016
00010 39349242
00010 41768804
00010 42659014
00010 48902626
00010 51916084
00010 52799794
00010 54876654
00010 59133200
00010 61168074
00010 62107154
00010 62229426
00010 62235204
00010 63351816
00010 66673168
00010 66886186
00010 67130202
00010 68750788
00010 69689370
00010 71695358
00010 72282718
00010 75457566
00010 78589496
00010 79659294
00010 88222538
00010 90885646
00010 91154864
00010 91360646
00010 91437790
00010 94308062
00010 97913584
00010 98393760
00010 101696540
00010 102512938
00010 103009246
00010 103758544
00010 104766784
00010 105428470
00010 108652296
00010 109955792
00010 112056938
00010 112211384
00010 113701058
00010 114920476
00010 115846984
00010 118368388
00010 118712240
00010 120187950
00010 127278174
00010 127888232
00010 128859416
00010 129274542
00010 133088192
00010 134615500
00010 137586992
00010 138840634
00010 142257524
00010 143928234
00010 150399620
00010 150446438
00010 152074990
00010 155434486
00010 159306918
00010 160414214
00010 161633340
00010 163778460
00010 163787730
00010 164834494
00010 165089668
00010 168458116
00010 169589066
00010 172205816
00010 172333330
00010 173376874
00010 182145744
00010 183732370
00010 188323838
00010 189311372
00010 195148028
00010 198229526
00010 200042172
00010 200335986
00010 202922566
00010 206566152
00010 214189940
00010 216295012
00010 217838738
00010 218560072
00010 219911180
00010 220123216
00010 221834878
00010 222711882
00010 225967592
00010 228400304
00010 229740010
00010 229770462
00010 230570644
00010 231437000
00010 232250708
00010 233539352
00010 237820652
00010 240550740
00010 241188456
00010 241233260
00010 242149514
00010 243582962
00010 248539620
00010 249248226
00010 250569858
00010 253212322
00010 253609066
00010 254415086
00010 255334266
00010 255478992
00010 256220060
00010 257041122
00010 258258574
00010 258730750
00010 260179322
00010 261825644
00010 264165626
00010 272290598
00010 273790884
00010 274259970
00010 278960606
00010 280313980
00010 282519544
00010 284849856
00010 285697592
00010 292097020
00010 292322130
00010 293094676
00010 293515146
00010 298025432
00010 306843896
00010 307224196
00010 308716232
00010 312115264
00010 313051318
00010 314303430
00010 315591530
00010 319135254
00010 321594312
00010 326257274
00010 331140988
00010 334386734
00010 334428560
00010 335715748
00010 338946290
00010 340240642
00010 340867852
00010 341072234
00010 343650242
00010 345116246
00010 345653756
00010 347699112
00010 348365450
00010 350503134
00010 355521688
00010 364641656
00010 364660808
00010 366047738
00010 366540714
00010 366794578
00010 368322256
00010 368800322
00010 368915418
00010 371821366
00010 372956314
00010 373037606
00010 373177610
00010 378846976
00010 379707106
00010 380569254
00010 383260596
00010 383941246
00010 384527738
00010 386628874
00010 389445248
00010 391436998
00010 391982986
00010 393987358
00010 394772948
00010 402333832
00010 403612594
00010 406775366
00010 407953066
00010 408694876
00010 411286758
00010 412061954
00010 412723794
00010 417457850
00010 417809424
00010 419437966
00010 425101038
00010 426657400
00010 436706518
00010 437013520
00010 443038572
00010 446562042
00010 451241256
00010 457836678
00010 458069776
00010 458326844
00010 462786432
00010 463749942
00010 464997600
00010 465411710
00010 465434264
00010 466372106
00010 466469590
00010 467164484
00010 468401616
00010 476889644
00010 482911780
00010 485523282
00010 489375376
00010 494897214
00010 496383452
00010 500824250
00010 501280454
00010 501696662
00010 502398094
00010 503651194
00010 506184390
00010 510224398
00010 515897220
00010 517616848
00010 519514382
00010 522780240
00010 522793776
00010 525521520
00010 525656994
00010 528176292
00010 532014860
00010 534051578
00010 535756230
00010 536476100
00010 538280578
00010 539199922
00010 548106506
00010 548296648
00010 553529980
00010 559941874
00010 561639314
00010 562605244
00010 564543348
00010 567093346
00010 569313780
00010 576797820
00010 576869268
00010 579745074
00010 582636138
00010 590877732
00010 591945106
00010 592450800
00010 592689412
00010 592691212
00010 595857288
00010 596551778
00010 612686170
00010 613182644
00010 613414554
00010 613912754
00010 615114530
00010 618545714
00010 620682408
00010 621505182
00010 621726906
00010 623030492
00010 625640102
00010 627267092
00010 628581758
00010 630250382
00010 632276614
00010 633648642
00010 633812590
00010 634939952
00010 635466372
00010 641435840
00010 641828274
00010 643064340
00010 645520916
00010 646308240
00010 647435150
00010 649153128
00010 649762806
00010 650595398
00010 651248392
00010 652717716
00010 654722688
00010 657292178
00010 658020680
00010 661029090
00010 661154824
00010 662410748
00010 662472570
00010 663418448
00010 663545280
00010 663854270
00010 664939582
00010 668537788
00010 676413544
00010 679867530
00010 683567406
00010 684357754
00010 686679316
00010 687962430
00010 688513188
00010 689535378
00010 689603864
00010 690018710
00010 691630190
00010 691814150
00010 698282724
00010 698722106
00010 698922810
00010 702302392
00010 713803838
00010 715776908
00010 716480418
00010 716749204
00010 716856620
00010 719939826
00010 723269204
00010 726138988
00010 726144620
00010 726440086
00010 727120934
00010 727445114
00010 727857362
00010 728567272
00010 730594278
00010 730807308
00010 730916610
00010 733582596
00010 733674192
00010 736204952
00010 736508150
00010 738263580
00010 740684880
00010 742397516
00010 742589556
00010 743800906
00010 743804448
00010 745160968
00010 745770370
00010 746234412
00010 746707106
00010 747180854
00010 748222782
00010 750821970
00010 751284420
00010 754544374
00010 757231920
00010 758516422
00010 758622584
00010 758682448
00010 759497678
00010 760296246
00010 760636668
00010 762976182
00010 764360160
00010 772113594
00010 772905286
00010 773076642
00010 773471194
00010 776097192
00010 777198130
00010 780414662
00010 782179922
00010 782237510
00010 785403800
00010 785819594
00010 787044800
00010 790945554
00010 793217592
00010 794517940
00010 794635820
00010 795766608
00010 798636914
00010 798722290
00010 800458040
00010 805341486
00010 809030936
00010 809348586
00010 812063972
00010 812341228
00010 815705178
00010 815972380
00010 817982638
00010 818025674
00010 818596002
00010 820303256
00010 822411996
00010 822745778
00010 823137632
00010 823468654
00010 825200774
00010 825409928
00010 825622278
00010 825976694
00010 825978150
00010 828958698
00010 831659584
00010 831764168
00010 834712898
00010 836129424
00010 836289114
00010 837084898
00010 840482822
00010 843058532
00010 843836058
00010 849271718
00010 852414090
00010 856323898
00010 858438840
00010 859224734
00010 860770538
00010 861282326
00010 865309110
00010 866764080
00010 868411196
00010 870803650
00010 871827962
00010 871881354
00010 876299912
00010 878900986
00010 880083976
00010 881125738
00010 881396200
00010 881872924
00010 883162028
00010 883400146
00010 887676644
00010 888803940
00010 895558126
00010 896433802
00010 896954894
00010 897474302
00010 900532480
00010 901257114
00010 901786278
00010 908750626
00010 910840216
00010 912513986
00010 912630718
00010 915747446
00010 918209600
00010 918339224
00010 920392276
00010 920432962
00010 924840230
00010 925219970
00010 925777110
00010 928342612
00010 929690138
00010 938356930
00010 941592992
00010 942289362
00010 946178494
00010 947637378
00010 950993844
00010 955557536
00010 957303862
00010 958855402
00010 958877424
00010 962809046
00010 965676014
00010 967323712
00010 969727244
00010 976760158
00010 976900282
00010 978846858
00010 979036916
00010 979490948
00010 979691148
00010 984119046
00010 985828838
00010 990193138
00010 990377888
00010 991365394
00010 993317556
00010 996046866
00010 997621036
