00010 742170
00010 753266
00010 1636158
00010 3216526
00010 4341526
00010 4756894
00010 6577840
00010 7192444
00010 7983658
00010 10969810
00010 11704204
00010 11705834
00010 12336392
00010 12367294
00010 17426208
00010 19795796
00010 21447268
00010 25032612
00010 26344450
00010 28531590
00010 29020604
00010 30298990
00010 30304720
00010 31863870
00010 32595734
00010 34959246
00010 34962228
00010 35024180
00010 35252600
00010 40052040
00010 41684126
00010 45514524
00010 45698664
00010 45701718
00010 46183382
00010 48301902
00010 49200034
00010 50489684
00010 53291572
00010 54190288
00010 54535506
00010 58728664
00010 58858690
00010 61325568
00010 64313970
00010 66403480
00010 67790820
00010 67824436
00010 68531016
00010 70293880
00010 70961302
00010 71781626
00010 73255382
00010 78903008
00010 81869066
00010 82779266
00010 86170558
00010 88212430
00010 93398384
00010 95398534
00010 97016224
00010 98668794
00010 99156114
00010 113128434
00010 114493536
00010 114942346
00010 116882206
00010 122053702
00010 125159678
00010 127460876
00010 129866076
00010 130474010
00010 130817868
00010 134808038
00010 136483176
00010 136672170
00010 141432140
00010 142801846
00010 145776666
00010 146134052
00010 148347752
00010 151242812
00010 151950750
00010 153570882
00010 159812394
00010 160083306
00010 163299126
00010 163872710
00010 165825128
00010 165896868
00010 166094176
00010 168006840
00010 168715028
00010 169043940
00010 169118796
00010 169653696
00010 172525070
00010 172707038
00010 181594514
00010 181853818
00010 183210168
00010 183683882
00010 185249132
00010 185541202
00010 186447592
00010 187666424
00010 188978730
00010 189459122
00010 189788714
00010 190853348
00010 192990778
00010 195057884
00010 195473702
00010 195919730
00010 196485270
00010 196516138
00010 196923814
00010 198984716
00010 200527806
00010 202671996
00010 204785956
00010 206406588
00010 207324956
00010 209332664
00010 213098046
00010 218705622
00010 222082760
00010 222476912
00010 222910418
00010 224932976
00010 224936880
00010 226860474
00010 228092566
00010 228141526
00010 228374192
00010 228753060
00010 233635836
00010 234241306
00010 236267576
00010 243865820
00010 243905008
00010 245272340
00010 248615046
00010 248990280
00010 249434868
00010 254315928
00010 257820456
00010 263411342
00010 264406850
00010 270466784
00010 271792250
00010 272537772
00010 274196260
00010 275402902
00010 276382920
00010 276702626
00010 279385822
00010 279858882
00010 282201810
00010 283225350
00010 283305704
00010 283956338
00010 284616032
00010 284861300
00010 288181812
00010 288203630
00010 288537144
00010 294041770
00010 301071260
00010 305124142
00010 307233376
00010 307985094
00010 308282436
00010 308344362
00010 308497722
00010 309229780
00010 309631438
00010 310976462
00010 311022690
00010 314223278
00010 317670484
00010 318463902
00010 318481046
00010 323202354
00010 325475734
00010 329861890
00010 330479966
00010 335986140
00010 336225678
00010 339721038
00010 343996422
00010 344259532
00010 346514126
00010 348226250
00010 350436120
00010 352203382
00010 353215036
00010 356760060
00010 360146544
00010 361441200
00010 362688752
00010 363281310
00010 363324724
00010 364273308
00010 364279040
00010 365305610
00010 366107812
00010 367386914
00010 370342258
00010 370972812
00010 371535952
00010 372591648
00010 376050688
00010 377089078
00010 379209666
00010 388466536
00010 388699694
00010 404649724
00010 406128482
00010 406143738
00010 408650010
00010 408842976
00010 409498440
00010 412503666
00010 414638802
00010 422846834
00010 425956784
00010 428946058
00010 432341110
00010 434689982
00010 436697030
00010 438689242
00010 445958882
00010 449499570
00010 450863822
00010 453623488
00010 454683076
00010 455896026
00010 457532116
00010 457908258
00010 460639276
00010 466469378
00010 473092052
00010 474494472
00010 477002302
00010 477290568
00010 486044660
00010 486805200
00010 489079496
00010 489335024
00010 489793768
00010 494501612
00010 494805008
00010 500388826
00010 501806522
00010 503800198
00010 506793126
00010 508669794
00010 509405108
00010 515308674
00010 515965900
00010 526887728
00010 527221834
00010 531030418
00010 531325024
00010 531856460
00010 532466072
00010 535008104
00010 536962876
00010 539585226
00010 541909912
00010 542009670
00010 542917518
00010 543128448
00010 548948164
00010 550264370
00010 550718036
00010 554615626
00010 557459986
00010 558324214
00010 558637586
00010 560275520
00010 573313284
00010 573971866
00010 574172614
00010 574828068
00010 574971166
00010 577661938
00010 581920944
00010 582891790
00010 583729116
00010 587767902
00010 587772570
00010 588001414
00010 588515538
00010 588690718
00010 590912892
00010 593783928
00010 597110548
00010 597479756
00010 602878646
00010 606245410
00010 606353882
00010 608184856
00010 608457128
00010 610770018
00010 615128982
00010 617871472
00010 617878052
00010 618811890
00010 620101212
00010 623411866
00010 625571052
00010 628224332
00010 628278560
00010 629593494
00010 632208748
00010 632682484
00010 632984778
00010 637622752
00010 639059970
00010 645996880
00010 646830174
00010 647981640
00010 653497530
00010 658197240
00010 660285360
00010 663412814
00010 665086094
00010 668932856
00010 669961120
00010 670156986
00010 670575016
00010 673758152
00010 673938360
00010 675008372
00010 675985868
00010 676042092
00010 677134998
00010 681064634
00010 681983180
00010 684040360
00010 684338166
00010 686451128
00010 689502576
00010 690784848
00010 693262716
00010 693670286
00010 693857388
00010 697838136
00010 699218064
00010 702379360
00010 707236900
00010 707981172
00010 707985328
00010 708168244
00010 708866794
00010 709670298
00010 709831710
00010 714472902
00010 716393602
00010 717922594
00010 719828950
00010 719944108
00010 725312910
00010 733126174
00010 734957412
00010 736174968
00010 737320306
00010 737660448
00010 738179596
00010 743199656
00010 747419120
00010 748259164
00010 748736932
00010 749423514
00010 751870294
00010 753304532
00010 754007212
00010 754136250
00010 754454856
00010 758632078
00010 758655568
00010 762527916
00010 765163856
00010 765882394
00010 766367876
00010 771083662
00010 772567656
00010 773083686
00010 775034048
00010 775271938
00010 775408744
00010 777601034
00010 780814156
00010 785200274
00010 785496252
00010 787430770
00010 796347632
00010 797416614
00010 804808222
00010 806597366
00010 807931426
00010 815160258
00010 815973748
00010 821697754
00010 822128744
00010 829843052
00010 830655824
00010 832765576
00010 835534918
00010 837507930
00010 840643486
00010 847956370
00010 849436750
00010 849673392
00010 850360138
00010 851977930
00010 852897958
00010 855209558
00010 855641080
00010 857226050
00010 858696234
00010 859313080
00010 863362340
00010 864571090
00010 865173972
00010 866009550
00010 866012108
00010 868152476
00010 872809294
00010 876448806
00010 877726784
00010 878516550
00010 878835274
00010 886688912
00010 888567720
00010 892603924
00010 895752962
00010 903286046
00010 905247618
00010 906472902
00010 906725694
00010 912517680
00010 913414754
00010 915413088
00010 915547888
00010 917380094
00010 919757046
00010 920060794
00010 921928954
00010 928510306
00010 929407520
00010 929462218
00010 932593644
00010 935356324
00010 938704136
00010 941107188
00010 942259178
00010 944442634
00010 944693342
00010 948859656
00010 953363110
00010 954932528
00010 961376554
00010 962462450
00010 962748300
00010 963368534
00010 967782874
00010 968522980
00010 970640752
00010 972558370
00010 976962882
00010 978113992
00010 979235826
00010 980971536
00010 985318328
00010 987060670
00010 987776182
00010 987937738
00010 988227876
00010 989161890
00010 990669472
00010 990832698
00010 992007438
00010 994291316
00010 994564488
00010 995549140
00010 999808798
00010 1000149484
00010 1000388830
00010 6064342
00010 7944714
00010 13228462
00010 13433480
00010 13790454
00010 15172006
00010 18064402
00010 18759004
00010 18819168
00010 19034858
00010 19393788
00010 22786724
00010 22875188
00010 23458748
00010 23868514
00010 25927074
00010 26783426
00010 29068178
00010 32466320
00010 32915388
00010 34700234
00010 35689778
00010 36677074
00010 37874894
00010 41939782
00010 44922092
00010 46923978
00010 47227972
00010 47258436
00010 47435816
00010 47465668
00010 47514042
00010 49522110
00010 51340716
00010 52305872
00010 53473004
00010 55233844
00010 59790210
00010 65565532
00010 66956620
00010 66958722
00010 71437278
00010 80956274
00010 83405810
00010 85586008
00010 87559352
00010 88167558
00010 88860468
00010 88988610
00010 90321758
00010 90448868
00010 90462432
00010 90937094
00010 91837100
00010 94555720
00010 102763814
00010 103331458
00010 105511500
00010 105919180
00010 113119128
00010 113294688
00010 113302408
00010 113989680
00010 119103490
00010 121486710
00010 124936630
00010 126399698
00010 126979840
00010 127563112
00010 128885066
00010 130550438
00010 131877278
00010 140037142
00010 143772784
00010 147656564
00010 149453024
00010 150522266
00010 151829996
00010 156920894
00010 162187016
00010 162386082
00010 162663380
00010 162918966
00010 167153434
00010 167278276
00010 170071426
00010 170317240
00010 175391784
00010 176116602
00010 177713430
00010 178140848
00010 178874956
00010 179877630
00010 180444884
00010 182095394
00010 183322862
00010 187427076
00010 188954750
00010 192120892
00010 192511720
00010 196057490
00010 196247438
00010 196530478
00010 196636334
00010 197047738
00010 202733104
00010 203259630
00010 206179118
00010 210759718
00010 211197834
00010 222160594
00010 222504238
00010 223708572
00010 225758446
00010 228991586
00010 234184036
00010 237697034
00010 242461458
00010 243903590
00010 247327548
00010 248539450
00010 253958956
00010 254505858
00010 254599388
00010 256825250
00010 257193922
00010 260285598
00010 261786180
00010 263110108
00010 263661526
00010 263685832
00010 271361220
00010 271462658
00010 272558220
00010 273597124
00010 274460478
00010 274519752
00010 274870064
00010 277609500
00010 281276034
00010 285653790
00010 287022108
00010 287024160
00010 287600460
00010 288577508
00010 292859410
00010 293225724
00010 298066804
00010 298488008
00010 298502310
00010 302702184
00010 302844922
00010 303759462
00010 304712440
00010 318532278
00010 318605058
00010 318877834
00010 319819270
00010 319902502
00010 327890864
00010 330134200
00010 330502542
00010 334307974
00010 335319696
00010 337512484
00010 338318802
00010 342771340
00010 344618254
00010 346146516
00010 347386260
00010 347654708
00010 349115742
00010 352993068
00010 353404650
00010 358677018
00010 360458600
00010 360864722
00010 361847088
00010 362945718
00010 363910496
00010 366659092
00010 369505952
00010 374445008
00010 374756562
00010 375535666
00010 376129202
00010 376283410
00010 379001646
00010 380480346
00010 384718662
00010 385685630
00010 386514340
00010 386964202
00010 389143178
00010 389476688
00010 393290150
00010 393293440
00010 393996228
00010 395930834
00010 397513082
00010 398750998
00010 401520422
00010 404854110
00010 406766714
00010 408523232
00010 412505846
00010 415559772
00010 417279558
00010 419560744
00010 419783238
00010 421804402
00010 424727868
00010 429190642
00010 437918270
00010 443196574
00010 443966440
00010 443998168
00010 446545022
00010 446873548
00010 447717336
00010 449796792
00010 449892280
00010 451731910
00010 459434810
00010 465494714
00010 469296212
00010 469331382
00010 471145302
00010 471190252
00010 473105760
00010 476355908
00010 477700242
00010 479468606
00010 481899532
00010 483752150
00010 484278604
00010 484478868
00010 485372190
00010 487282606
00010 487918204
00010 488214352
00010 491718148
00010 494524654
00010 495603566
00010 498696924
00010 499118734
00010 504104768
00010 504133128
00010 507718304
00010 509112132
00010 510410766
00010 513659712
00010 514966224
00010 515183440
00010 516419194
00010 517008876
00010 520742180
00010 524127798
00010 524595680
00010 526054950
00010 528048480
00010 531161630
00010 531679040
00010 535972110
00010 539045720
00010 540377972
00010 544962528
00010 545524742
00010 546331946
00010 548451924
00010 549713886
00010 551792920
00010 552828932
00010 552852440
00010 553959286
00010 555224668
00010 559261976
00010 560562194
00010 561281120
00010 563548628
00010 564166018
00010 566670624
00010 567719164
00010 568749484
00010 570027846
00010 570246212
00010 573862664
00010 579909416
00010 581230806
00010 586098416
00010 588055522
00010 589135882
00010 592801886
00010 592984754
00010 596016962
00010 597531450
00010 599654950
00010 601210958
00010 601228764
00010 604661610
00010 607328410
00010 608541510
00010 609531640
00010 614872502
00010 615222934
00010 616090834
00010 616216268
00010 619289454
00010 619961740
00010 620928502
00010 626416504
00010 627815662
00010 628344766
00010 628346134
00010 628397376
00010 629811700
00010 632440404
00010 633260986
00010 633432758
00010 637292414
00010 642594248
00010 643462236
00010 644086678
00010 644633974
00010 644814356
00010 647607516
00010 647801516
00010 650398556
00010 651012624
00010 651526126
00010 652604800
00010 653143810
00010 655883192
00010 660949916
00010 663035932
00010 664423526
00010 664471156
00010 665646582
00010 668328392
00010 668458162
00010 671342534
00010 671712056
00010 675287940
00010 675446714
00010 677529620
00010 677534896
00010 677875710
00010 680749606
00010 680949766
00010 685168048
00010 686662046
00010 689048818
00010 690964594
00010 690985516
00010 691642350
00010 692836560
00010 693817734
00010 693888904
00010 698965834
00010 700968634
00010 703194936
00010 703451978
00010 706745804
00010 707338626
00010 707668896
00010 710782346
00010 711738370
00010 711873802
00010 714596768
00010 714742172
00010 725191092
00010 727328210
00010 727890640
00010 728810992
00010 729171748
00010 729627076
00010 731880036
00010 731921862
00010 732125952
00010 732246988
00010 732343778
00010 734525928
00010 737003828
00010 737517550
00010 737625438
00010 737739734
00010 738196850
00010 744102676
00010 744411818
00010 746069518
00010 748028532
00010 749421236
00010 750227176
00010 750735462
00010 753555926
00010 758982544
00010 769244050
00010 770293724
00010 771397854
00010 772580338
00010 773186418
00010 774273864
00010 778175380
00010 778298436
00010 780453336
00010 783539018
00010 784780080
00010 785211818
00010 785255558
00010 789152424
00010 791662258
00010 793307554
00010 794048634
00010 797356172
00010 799913270
00010 802466194
00010 804836286
00010 807036356
00010 809543642
00010 813180270
00010 813966632
00010 814428014
00010 816749020
00010 820281590
00010 821694730
00010 821729536
00010 824421254
00010 824809738
00010 826612634
00010 828612318
00010 832764718
00010 833725732
00010 833795996
00010 834763344
00010 841007988
00010 844987268
00010 845116712
00010 845779370
00010 847329080
00010 847606068
00010 848223118
00010 848346828
00010 849136438
00010 855438816
00010 857142136
00010 857471516
00010 858495842
00010 860302686
00010 860350528
00010 862503456
00010 864628532
00010 865926880
00010 866298738
00010 866935156
00010 867206442
00010 870544254
00010 872583418
00010 874581596
00010 877630342
00010 877981288
00010 884714894
00010 884835194
00010 885151246
00010 886602968
00010 888748392
00010 889665822
00010 890507416
00010 891862528
00010 893133514
00010 898488522
00010 899524628
00010 901088792
00010 902481264
00010 902879832
00010 908039558
00010 908460096
00010 909455132
00010 911086820
00010 912478620
00010 913392758
00010 916697828
00010 919823698
00010 919991640
00010 921238286
00010 921898168
00010 925754488
00010 926538398
00010 928634804
00010 929859466
00010 931790440
00010 932441550
00010 934499342
00010 936380572
00010 936561266
00010 942162642
00010 944447104
00010 951172600
00010 951981186
00010 952721270
00010 954182662
00010 956534112
00010 958030614
00010 958245066
00010 958885190
00010 964817804
00010 965940952
00010 970278438
00010 971413754
00010 973363964
00010 974318644
00010 974568084
00010 974839604
00010 975163182
00010 975651420
00010 975969528
00010 976377114
00010 977837098
00010 978138196
00010 978457526
00010 982561236
00010 987723026
00010 990082646
00010 991375650
00010 992642430
00010 992853262
00010 992861008
00010 993475472
00010 994115900
00010 996551202
00010 996899880
00010 998923236
00010 999011574
00010 999940370
00010 1073284
00010 3337130
00010 4901970
00010 6578196
00010 6977410
00010 16239068
00010 19454882
00010 19840814
00010 20980064
00010 21521128
00010 23086006
00010 25634976
00010 26713052
00010 27022234
00010 27465316
00010 29061146
00010 30361298
00010 34362070
00010 40177180
00010 40281802
00010 41443460
00010 43387808
00010 44587488
00010 45134062
00010 51069812
00010 52222110
00010 52494982
00010 52758146
00010 58660648
00010 60955974
00010 62921832
00010 62971486
00010 63534672
00010 68032180
00010 68619210
00010 70209660
00010 72643674
00010 73985372
00010 76543052
00010 78293210
00010 78741524
00010 78748980
00010 82257014
00010 85772982
00010 86614198
00010 90251576
00010 94042904
00010 95360058
00010 99720782
00010 101465796
00010 101687686
00010 101726484
00010 106008410
00010 108921870
00010 110265586
00010 112087070
00010 113809342
00010 114197406
00010 115839918
00010 123413034
00010 125189278
00010 125975030
00010 130224388
00010 131576502
00010 134960272
00010 135886772
00010 137159382
00010 143784862
00010 150060402
00010 150614630
00010 151137204
00010 153281248
00010 153495106
00010 160240554
00010 161231102
00010 162945622
00010 165105212
00010 168585692
00010 169961180
00010 171867878
00010 173797910
00010 174480434
00010 174867776
00010 178649632
00010 179037698
00010 180440018
00010 184925418
00010 184955486
00010 190784106
00010 193050240
00010 196003522
00010 196521080
00010 196600242
00010 198171404
00010 198508908
00010 198998292
00010 205040670
00010 205153846
00010 206327054
00010 206708972
00010 206803636
00010 212005254
00010 216692134
00010 218645838
00010 219537682
00010 220513448
00010 221216554
00010 226156272
00010 226788172
00010 227244056
00010 227355312
00010 227657992
00010 228236530
00010 229818014
00010 230264798
00010 231941730
00010 233390084
00010 234177058
00010 234184112
00010 237617696
00010 246925202
00010 247363674
00010 247424614
00010 248754744
00010 250358352
00010 250615380
00010 253311442
00010 255433082
00010 255838816
00010 260069318
00010 264298260
00010 265059890
00010 266346264
00010 270781350
00010 271896762
00010 272963018
00010 277873400
00010 278141450
00010 278615148
00010 283370512
00010 286076334
00010 286683644
00010 287617098
00010 291724076
00010 295405466
00010 295956114
00010 297514340
00010 297918900
00010 307622382
00010 310533412
00010 311096436
00010 316728474
00010 318942542
00010 320135416
00010 321331302
00010 322094190
00010 322969024
00010 323964630
00010 326170032
00010 328085768
00010 329664698
00010 341898894
00010 345064740
00010 345871388
00010 346300078
00010 347961462
00010 348654134
00010 349028566
00010 352932186
00010 357452850
00010 359333112
00010 361290046
00010 362071942
00010 362110610
00010 363034116
00010 365222504
00010 366628704
00010 369281974
00010 369477310
00010 372344230
00010 372987064
00010 373846176
00010 374309296
00010 375144870
00010 376842482
00010 379393166
00010 380697114
00010 383354870
00010 384187644
00010 384770578
00010 385493198
00010 387735054
00010 391083208
00010 396548832
00010 397537552
00010 398945550
00010 401563082
00010 401692710
00010 402328330
00010 405571392
00010 410710888
00010 411294080
00010 412718700
00010 413501572
00010 416001550
00010 416274428
00010 417826994
00010 417916876
00010 423586246
00010 431160676
00010 438437806
00010 442641146
00010 452942980
00010 466195024
00010 466321170
00010 469073532
00010 473787412
00010 476826226
00010 483415052
00010 485141968
00010 485464876
00010 487771810
00010 490033520
00010 491142956
00010 493824012
00010 495517288
00010 496907494
00010 500018586
00010 502148708
00010 504593838
00010 508245686
00010 511752144
00010 511753598
00010 512309458
00010 512372162
00010 513050466
00010 513888688
00010 517234536
00010 517838266
00010 520028176
00010 526320328
00010 529604558
00010 530063080
00010 540105252
00010 542305078
00010 545839898
00010 551443160
00010 553401554
00010 554301306
00010 557477600
00010 557481112
00010 558753760
00010 558818836
00010 561971962
00010 567001694
00010 568192854
00010 569699094
00010 571707800
00010 574015660
00010 575768508
00010 575871308
00010 579089330
00010 579859416
00010 582693298
00010 585407586
00010 597662310
00010 598477164
00010 601271990
00010 603066472
00010 603843462
00010 604669184
00010 608007376
00010 609771312
00010 613595244
00010 614247544
00010 615878186
00010 616312456
00010 616343992
00010 618751156
00010 619833194
00010 623037390
00010 624594584
00010 627688192
00010 628010236
00010 629854946
00010 635727924
00010 636215662
00010 641007614
00010 642162232
00010 647985872
00010 649864960
00010 650625092
00010 650997164
00010 651726512
00010 652536488
00010 653149110
00010 655863468
00010 660221294
00010 662690570
00010 663343418
00010 665552778
00010 668396022
00010 669432468
00010 671113660
00010 672938240
00010 674698460
00010 675550316
00010 675572932
00010 676640750
00010 677102282
00010 677159880
00010 680879672
00010 683736026
00010 687091678
00010 687263486
00010 687579854
00010 687850312
00010 689138398
00010 691595674
00010 693039576
00010 697162666
00010 697260718
00010 698053130
00010 698574548
00010 699888664
00010 700870666
00010 706206514
00010 708133116
00010 708683046
00010 708753292
00010 708959660
00010 710558886
00010 714502300
00010 717000892
00010 718647174
00010 720996512
00010 721981632
00010 723033892
00010 724482898
00010 724655034
00010 725082380
00010 726494114
00010 728147880
00010 731270074
00010 732914302
00010 733071208
00010 733806636
00010 736034702
00010 737511660
00010 737733430
00010 740732428
00010 741707878
00010 743245856
00010 748660938
00010 749248108
00010 750279090
00010 751113054
00010 751631320
00010 752258022
00010 754697666
00010 754914092
00010 757110786
00010 757413336
00010 758661768
00010 759059464
00010 760703446
00010 763198216
00010 763988728
00010 764296020
00010 768042446
00010 768772830
00010 770294024
00010 772053758
00010 777242702
00010 777826536
00010 780708774
00010 787681608
00010 787854494
00010 788716216
00010 789214450
00010 789765308
00010 794949520
00010 797023688
00010 797128578
00010 800583784
00010 805008760
00010 805093296
00010 805560216
00010 805660858
00010 806006768
00010 806027046
00010 806235910
00010 808053296
00010 810575248
00010 810590004
00010 812446050
00010 815007062
00010 815454048
00010 816015008
00010 817108792
00010 817111136
00010 821064046
00010 822837672
00010 824771742
00010 825908760
00010 827973576
00010 837751354
00010 838055212
00010 838745364
00010 839099528
00010 842494846
00010 844618986
00010 847435520
00010 850194722
00010 850592666
00010 850711042
00010 851036320
00010 851597124
00010 854424390
00010 855395134
00010 857639556
00010 859929320
00010 860469758
00010 864519470
00010 866713602
00010 871363392
00010 877665028
00010 882934948
00010 883055984
00010 883109280
00010 883676366
00010 888028962
00010 888800134
00010 893713776
00010 894025594
00010 894699998
00010 897579588
00010 899366552
00010 899871620
00010 901904748
00010 905666832
00010 907006018
00010 909224020
00010 909238290
00010 912533824
00010 913450668
00010 914251092
00010 914870530
00010 917932774
00010 918117366
00010 918311702
00010 918578236
00010 922500602
00010 922597040
00010 923807002
00010 927345278
00010 928367794
00010 931068674
00010 932232882
00010 934069282
00010 934597798
00010 936441936
00010 936528232
00010 942237186
00010 944742952
00010 953723344
00010 954332238
00010 958366658
00010 959934380
00010 959998638
00010 971587844
00010 972939892
00010 973143608
00010 974110526
00010 977072926
00010 977133362
00010 977805298
00010 981197930
00010 981492726
00010 982681736
00010 984250864
00010 985115976
00010 987288470
00010 990422306
00010 991316650
00010 995603962
00010 998337898
00010 998379912
00010 2198954
00010 5645492
00010 6513204
00010 6535440
00010 6612086
00010 8201736
00010 9212516
00010 13307216
00010 13336044
00010 17234052
00010 18296650
00010 20726936
00010 27187902
00010 27627790
00010 28383776
00010 32504408
00010 37481522
00010 41779404
00010 42260600
00010 45687820
00010 48473820
00010 49185674
00010 50642148
00010 51869736
00010 54742908
00010 54909806
00010 62199722
00010 64239472
00010 67096270
00010 67955636
00010 73530752
00010 74198128
00010 74969652
00010 75847532
00010 76019886
00010 78626686
00010 78672176
00010 78691364
00010 80074742
00010 80256276
00010 88620872
00010 88699624
00010 89078780
00010 89411712
00010 89837838
00010 91983182
00010 93070482
00010 93481302
00010 95966992
00010 96552274
00010 98091558
00010 98624876
00010 98642868
00010 98887374
00010 100226474
00010 100453510
00010 101727100
00010 106455564
00010 106702354
00010 109906620
00010 110868232
00010 110983000
00010 115432894
00010 115680594
00010 123429624
00010 123620352
00010 127295718
00010 128264464
00010 128835472
00010 129437310
00010 130539578
00010 133356004
00010 139164686
00010 139362146
00010 139904536
00010 141041380
00010 144639180
00010 144674638
00010 146899274
00010 147425550
00010 148758396
00010 149438806
00010 149795552
00010 157254284
00010 157552982
00010 157792202
00010 158268222
00010 158900550
00010 159382616
00010 162767182
00010 164906164
00010 169435774
00010 169447814
00010 170318792
00010 171053316
00010 173768028
00010 176231838
00010 176504426
00010 178752344
00010 179013878
00010 179354518
00010 181984066
00010 184650002
00010 185672242
00010 188028130
00010 189588196
00010 191798068
00010 192856030
00010 192903378
00010 194458088
00010 196236134
00010 196884116
00010 196999624
00010 201247872
00010 201291874
00010 203373702
00010 208422884
00010 209891910
00010 211254550
00010 217848318
00010 221651590
00010 223739986
00010 224487718
00010 228440292
00010 234698752
00010 235525462
00010 235765684
00010 237271606
00010 241377340
00010 247905958
00010 248632924
00010 250331582
00010 251225878
00010 251305948
00010 253849844
00010 256294616
00010 257242006
00010 258093400
00010 258683116
00010 259769620
00010 260107314
00010 261608448
00010 261931572
00010 262444264
00010 266464214
00010 266908586
00010 267659094
00010 268549650
00010 268855316
00010 269511180
00010 276154690
00010 279306114
00010 279707466
00010 280025166
00010 281251786
00010 281536542
00010 285329168
00010 286344162
00010 287012678
00010 289855416
00010 289953596
00010 292956448
00010 294810190
00010 297072518
00010 300362148
00010 305735234
00010 311479396
00010 315510740
00010 317358286
00010 324301626
00010 324538792
00010 326625040
00010 326883470
00010 326995796
00010 326997880
00010 328912758
00010 329987942
00010 332395480
00010 332706176
00010 332734058
00010 334127488
00010 334211828
00010 336964306
00010 341213632
00010 343921210
00010 344840000
00010 352180824
00010 352545632
00010 352839398
00010 355608060
00010 358319250
00010 358854948
00010 362521588
00010 362622842
00010 369633158
00010 371409482
00010 372572254
00010 372579204
00010 373144342
00010 373392988
00010 374633114
00010 375572580
00010 378187024
00010 381037028
00010 384728954
00010 387298188
00010 387398250
00010 391345696
00010 391539404
00010 392608516
00010 395025290
00010 399146634
00010 399725486
00010 400838934
00010 405978054
00010 407589648
00010 414345628
00010 415215074
00010 427172318
00010 427584766
00010 427983594
00010 429708150
00010 432703442
00010 436207808
00010 437240842
00010 437743422
00010 440749860
00010 441054954
00010 441294582
00010 441819948
00010 442391032
00010 443302916
00010 444138008
00010 446809960
00010 448747290
00010 450914084
00010 451829946
00010 454693656
00010 460732458
00010 462126426
00010 462127784
00010 468179192
00010 470285124
00010 474469966
00010 476965614
00010 476996574
00010 477921486
00010 478009936
00010 479097676
00010 481133348
00010 484436266
00010 485497864
00010 485786078
00010 489445462
00010 493978198
00010 494183632
00010 494597392
00010 496556870
00010 497554346
00010 498217696
00010 498856936
00010 511228274
00010 512597964
00010 516110196
00010 517547852
00010 522813330
00010 525210944
00010 527798818
00010 530277306
00010 530558904
00010 530603420
00010 531181116
00010 535817504
00010 539878168
00010 543833810
00010 547071548
00010 553493598
00010 555797768
00010 557341616
00010 563702730
00010 564144458
00010 565539776
00010 571579098
00010 571690478
00010 572601536
00010 572864680
00010 573938850
00010 574720196
00010 574892408
00010 576760168
00010 580353160
00010 580854662
00010 582394248
00010 582992268
00010 584953892
00010 585002722
00010 587718142
00010 589156862
00010 590039514
00010 593515818
00010 594121192
00010 595321506
00010 598492962
00010 598829384
00010 601893904
00010 602181374
00010 603018246
00010 604480686
00010 607057088
00010 609310646
00010 614026422
00010 615365582
00010 618749886
00010 620216204
00010 620591120
00010 621086358
00010 622600672
00010 624306272
00010 624435866
00010 625790988
00010 626349220
00010 626391804
00010 628021472
00010 628808556
00010 629660034
00010 632094498
00010 635546680
00010 637229260
00010 638358824
00010 641534132
00010 642164358
00010 642573590
00010 643108024
00010 645494538
00010 646805856
00010 651632324
00010 652114734
00010 652156304
00010 655248338
00010 656332010
00010 656431276
00010 661997358
00010 662322344
00010 662352804
00010 662413086
00010 670995504
00010 677300536
00010 678189924
00010 680420634
00010 681603836
00010 682697562
00010 682786408
00010 682797920
00010 682885986
00010 684055984
00010 688141468
00010 692714018
00010 693493442
00010 694336214
00010 700394084
00010 700892432
00010 703746060
00010 703747386
00010 704965506
00010 705269146
00010 706089134
00010 707537718
00010 708442484
00010 709702348
00010 710815612
00010 712113834
00010 716791340
00010 719414498
00010 721497540
00010 721815476
00010 721848924
00010 722428390
00010 723965048
00010 730571646
00010 731459576
00010 731499022
00010 738243574
00010 738738890
00010 740458792
00010 744604400
00010 750011432
00010 750015388
00010 750384116
00010 750762808
00010 753134836
00010 753282994
00010 753545878
00010 757996974
00010 758575374
00010 762823168
00010 769131798
00010 769345830
00010 769903158
00010 771245444
00010 772823552
00010 775230328
00010 775888934
00010 777334156
00010 778590920
00010 779897648
00010 781965660
00010 783317462
00010 783414796
00010 783677550
00010 791682262
00010 797557692
00010 797613408
00010 797985768
00010 798914654
00010 799868106
00010 800900644
00010 801420574
00010 801874788
00010 803528510
00010 804912058
00010 805045628
00010 807775980
00010 809417506
00010 810833304
00010 811839672
00010 812307076
00010 812384336
00010 812899146
00010 814077850
00010 814399536
00010 815998836
00010 818370988
00010 818906876
00010 822457340
00010 822889342
00010 825572778
00010 827345410
00010 830655544
00010 832297942
00010 832940938
00010 834996490
00010 842756828
00010 843532088
00010 843552588
00010 844097116
00010 849061018
00010 851413182
00010 852570488
00010 854655750
00010 855996674
00010 857166646
00010 859962268
00010 860377838
00010 861380976
00010 864233640
00010 864620856
00010 864941930
00010 866988010
00010 868275364
00010 868772288
00010 872433944
00010 872686104
00010 875710524
00010 877228092
00010 878690850
00010 880031470
00010 883212998
00010 887447874
00010 887994700
00010 888956112
00010 889443756
00010 895653634
00010 902904540
00010 903450236
00010 908391018
00010 914281564
00010 920078744
00010 921021324
00010 922873374
00010 923465032
00010 923871454
00010 929739538
00010 935958526
00010 940028318
00010 943783378
00010 948336858
00010 950488230
00010 952352020
00010 960144164
00010 961539890
00010 969457816
00010 971527020
00010 980625324
00010 981685590
00010 982956964
00010 984701764
00010 985771908
00010 986636212
00010 988290378
00010 988951012
00010 989981880
00010 993593836
00010 997726332
00010 997727330
00010 999159874
00010 999516156
00010 999669276
00010 1028648
00010 4602652
00010 5520526
00010 6142822
00010 7744068
00010 11521450
00010 11708284
00010 14479324
00010 17890134
00010 21181846
00010 21635358
00010 23079794
00010 23106424
00010 24786202
00010 24894044
00010 26919422
00010 30911822
00010 34586618
00010 34588244
00010 40603178
00010 41259442
00010 46332630
00010 50711896
00010 50992686
00010 51485136
00010 53594408
00010 55163664
00010 57727648
00010 59319206
00010 60036518
00010 61335238
00010 61436224
00010 61676430
00010 63904400
00010 67038422
00010 68011002
00010 69383478
00010 70406606
00010 77684896
00010 77905140
00010 82044630
00010 82367748
00010 82853842
00010 85595316
00010 87320908
00010 87511616
00010 89870228
00010 91986092
00010 91989426
00010 92957592
00010 93415942
00010 94716722
00010 95245262
00010 95415748
00010 97884822
00010 101852686
00010 104367730
00010 104714792
00010 104822682
00010 106607410
00010 108245350
00010 109609860
00010 112477096
00010 112951218
00010 114093358
00010 115774332
00010 119248902
00010 119757204
00010 120618756
00010 124185474
00010 124677242
00010 125873668
00010 126172090
00010 127461508
00010 129374310
00010 131574268
00010 134999766
00010 137728974
00010 140760768
00010 141326826
00010 142295856
00010 142553494
00010 142625164
00010 143198512
00010 145612078
00010 146006124
00010 146315390
00010 148576506
00010 150018372
00010 155580656
00010 156368606
00010 158810094
00010 159212200
00010 161613536
00010 163202172
00010 163695050
00010 164250620
00010 168278686
00010 168868360
00010 173172430
00010 173210054
00010 176695562
00010 177316146
00010 180195066
00010 183108594
00010 185295576
00010 186170020
00010 187717658
00010 189232472
00010 189873528
00010 190906984
00010 190979458
00010 191474412
00010 192849882
00010 195642254
00010 195748458
00010 200215586
00010 201595524
00010 202430186
00010 206543294
00010 208451570
00010 208943616
00010 212083212
00010 214196356
00010 216413234
00010 216525806
00010 218982028
00010 220958292
00010 222863774
00010 232672504
00010 233188906
00010 234887156
00010 236036632
00010 237438022
00010 237518184
00010 239602756
00010 243161854
00010 243296598
00010 246729492
00010 251350992
00010 251419474
00010 252020462
00010 252387098
00010 269632378
00010 272704350
00010 273861770
00010 276800358
00010 277585600
00010 279357978
00010 280776432
00010 283355268
00010 286099174
00010 287618262
00010 290167110
00010 292131868
00010 292253680
00010 292433314
00010 293827464
00010 294198670
00010 294907112
00010 300391194
00010 302707976
00010 305648476
00010 309124764
00010 309641888
00010 311991556
00010 313688234
00010 314921262
00010 315638930
00010 317392076
00010 319620460
00010 325301720
00010 325954038
00010 326541286
00010 326728190
00010 330068632
00010 332087628
00010 338701944
00010 339375100
00010 340813972
00010 341253592
00010 346562826
00010 349335818
00010 349465042
00010 350728104
00010 353171818
00010 354220062
00010 357415876
00010 362629526
00010 365185040
00010 368628964
00010 376352492
00010 377469614
00010 381351354
00010 381475246
00010 390309732
00010 391032904
00010 391080886
00010 391358190
00010 392969284
00010 396404114
00010 399283336
00010 402024516
00010 402042638
00010 403426468
00010 405002370
00010 408668730
00010 413442294
00010 414248766
00010 415409326
00010 416468212
00010 420686218
00010 420822336
00010 422640818
00010 423298894
00010 424033406
00010 425983354
00010 429752608
00010 435149828
00010 437369600
00010 442667826
00010 446295362
00010 454433278
00010 457015378
00010 457140018
00010 461010882
00010 465054652
00010 469941112
00010 470578102
00010 472689650
00010 478383662
00010 478567060
00010 479549354
00010 479577532
00010 483720154
00010 487398098
00010 488867806
00010 490206268
00010 490783764
00010 492862372
00010 494844674
00010 496361766
00010 498266002
00010 498709960
00010 498935430
00010 499895882
00010 500266832
00010 502248902
00010 503168358
00010 503517508
00010 504513796
00010 504538808
00010 505173244
00010 505577338
00010 508192254
00010 509676694
00010 509971524
00010 510032106
00010 511619720
00010 512503526
00010 512768464
00010 515780246
00010 519131640
00010 520838520
00010 520934762
00010 521374992
00010 523045302
00010 523228516
00010 523963142
00010 524398152
00010 524512858
00010 526228100
00010 526503694
00010 526687560
00010 529117272
00010 530475758
00010 533043336
00010 534510410
00010 534688466
00010 534696680
00010 539898986
00010 543127252
00010 544076294
00010 545742514
00010 546313912
00010 548725736
00010 554395956
00010 554980626
00010 558772928
00010 559407544
00010 559497008
00010 560289116
00010 561000608
00010 561116244
00010 562693138
00010 562734508
00010 563527934
00010 564858578
00010 566515386
00010 566620208
00010 568306112
00010 569038316
00010 574177488
00010 583363876
00010 594216234
00010 598842892
00010 599078356
00010 599331918
00010 599422602
00010 601840074
00010 609634464
00010 609969524
00010 610832572
00010 611161382
00010 612288904
00010 614135598
00010 614193300
00010 615396908
00010 624828736
00010 627739602
00010 628696356
00010 632355356
00010 637227260
00010 638205772
00010 640362034
00010 640704254
00010 641781964
00010 642468992
00010 644845796
00010 648318394
00010 648328872
00010 649153292
00010 649195910
00010 649917914
00010 650010426
00010 650685858
00010 651082212
00010 652964616
00010 653058916
00010 653390768
00010 654412996
00010 655506684
00010 660320556
00010 660716450
00010 662512510
00010 664293208
00010 665500280
00010 668421808
00010 669829932
00010 674982280
00010 675348692
00010 675380168
00010 675955174
00010 678656360
00010 682250164
00010 684042180
00010 686207502
00010 690234192
00010 690612608
00010 691033084
00010 694155778
00010 694583762
00010 694608264
00010 696319876
00010 696466492
00010 699755950
00010 701384088
00010 705042580
00010 705231358
00010 707698100
00010 712072858
00010 714095556
00010 722285896
00010 722300282
00010 724693500
00010 726435594
00010 727236796
00010 729617732
00010 730927752
00010 734039088
00010 734716944
00010 738362172
00010 738770074
00010 742087392
00010 742785168
00010 743482250
00010 743695250
00010 744588554
00010 745914926
00010 746008706
00010 746890158
00010 754647054
00010 760054546
00010 760324534
00010 760416664
00010 760610194
00010 760853756
00010 761515606
00010 765941472
00010 770108014
00010 772487096
00010 778357362
00010 785760910
00010 787983534
00010 790219332
00010 791355636
00010 794940872
00010 797348888
00010 797968790
00010 802046896
00010 805629528
00010 806550192
00010 807040500
00010 807094376
00010 808724266
00010 808948914
00010 813428734
00010 817227386
00010 817303998
00010 818841522
00010 822219818
00010 825399088
00010 825418752
00010 826397814
00010 828854466
00010 835604780
00010 836666020
00010 837932406
00010 841105848
00010 842245456
00010 843031452
00010 843461594
00010 843989060
00010 844220942
00010 851073938
00010 851473746
00010 854939986
00010 857975262
00010 858841794
00010 862529748
00010 870019422
00010 870342526
00010 870354282
00010 873138732
00010 880200614
00010 881392952
00010 882898366
00010 882970406
00010 883108786
00010 883658294
00010 885042060
00010 888391970
00010 890256730
00010 890407258
00010 890810756
00010 892158480
00010 894110816
00010 894767546
00010 899316522
00010 900133896
00010 900590296
00010 901232504
00010 901420968
00010 902729162
00010 903133850
00010 905076852
00010 905406742
00010 906293610
00010 911207704
00010 916722070
00010 917852044
00010 920650630
00010 928085360
00010 928494134
00010 930344214
00010 932256044
00010 938092156
00010 941424442
00010 942587726
00010 946912402
00010 951177194
00010 951614262
00010 954473148
00010 954641412
00010 954723260
00010 955932894
00010 956231564
00010 956587266
00010 959515246
00010 959979320
00010 960001972
00010 965875714
00010 973053608
00010 975876642
00010 978432000
00010 983266822
00010 985413724
00010 988277852
00010 990739416
00010 992993198
00010 994777900
00010 994782324
00010 994862616
00010 998664658
00010 1986328
00010 2129208
00010 2975876
00010 5420286
00010 7359282
00010 8911610
00010 11581160
00010 13529964
00010 14139470
00010 20645182
00010 28386586
00010 28447620
00010 30527726
00010 34174594
00010 35575010
00010 35853372
00010 38315300
00010 38335924
00010 40096652
00010 42883474
00010 44171682
00010 46313680
00010 46571790
00010 48835950
00010 54616122
00010 54740834
00010 56002826
00010 56858490
00010 59259092
00010 64132986
00010 64423004
00010 66828090
00010 68501568
00010 77286514
00010 77560934
00010 86304198
00010 86569402
00010 90072782
00010 91179558
00010 93763554
00010 97447804
00010 97907670
00010 107743686
00010 111242894
00010 112568944
00010 118240026
00010 120309858
00010 123106818
00010 123707466
00010 125710142
00010 126765954
00010 128922380
00010 129427288
00010 132829306
00010 132996288
00010 133552838
00010 135872796
00010 137082318
00010 137405650
00010 139028188
00010 141678826
00010 142128166
00010 146205168
00010 150656906
00010 151984070
00010 152815738
00010 156472720
00010 158455342
00010 161581072
00010 163839216
00010 164775228
00010 165065026
00010 166436104
00010 167757060
00010 168264742
00010 170345812
00010 171430072
00010 174537350
00010 181593948
00010 186637914
00010 189714956
00010 192467132
00010 193370006
00010 193450394
00010 193663710
00010 194956110
00010 195727594
00010 196981768
00010 197706656
00010 198044504
00010 200872410
00010 200901480
00010 203933582
00010 205779544
00010 210822894
00010 211871066
00010 212945208
00010 220962872
00010 223245848
00010 226253358
00010 230981562
00010 231953514
00010 234102168
00010 234644710
00010 248465566
00010 249791178
00010 256001948
00010 257239710
00010 260008184
00010 260640308
00010 261267090
00010 262387036
00010 263538232
00010 264941250
00010 267885328
00010 269461878
00010 270071930
00010 270121810
00010 276577606
00010 277731528
00010 279672174
00010 280217132
00010 284182020
00010 285530750
00010 286448092
00010 286668514
00010 286742718
00010 287677342
00010 288003026
00010 290351750
00010 290436768
00010 290770420
00010 291247892
00010 291773426
00010 291805948
00010 298973932
00010 299163142
00010 299572896
00010 300638158
00010 308366028
00010 311085546
00010 311471906
00010 312050648
00010 312077204
00010 313237222
00010 314012668
00010 320610642
00010 322897802
00010 334697550
00010 337204384
00010 340892656
00010 342176978
00010 348465594
00010 349033698
00010 349173978
00010 349708684
00010 350043412
00010 351502514
00010 357077224
00010 357784100
00010 359485674
00010 361505350
00010 362700114
00010 364153084
00010 364286226
00010 368544730
00010 368694478
00010 370089340
00010 376695762
00010 376871460
00010 382122758
00010 385358380
00010 388145182
00010 390219026
00010 392140706
00010 393831684
00010 395570692
00010 395735578
00010 396513196
00010 398435516
00010 398911280
00010 398983472
00010 399968974
00010 400798690
00010 401865114
00010 406735398
00010 410276998
00010 411947832
00010 418263676
00010 418754418
00010 418869096
00010 418979254
00010 423528546
00010 426375700
00010 429983172
00010 429984582
00010 431163298
00010 432376682
00010 434578136
00010 439488798
00010 441361878
00010 442844258
00010 447762960
00010 450419616
00010 453804882
00010 455278958
00010 455887738
00010 456485160
00010 457339014
00010 460622356
00010 460646934
00010 461062946
00010 461722122
00010 462584636
00010 465291038
00010 465529780
00010 468902574
00010 472550966
00010 472872572
00010 476106290
00010 478509642
00010 478998920
00010 482030042
00010 487939452
00010 489064168
00010 491067670
00010 491093236
00010 494730114
00010 496672298
00010 497514194
00010 497761722
00010 499118890
00010 500274248
00010 501810142
00010 505858250
00010 506385934
00010 507321084
00010 511508180
00010 512499172
00010 513025410
00010 515474138
00010 517999858
00010 519797776
00010 521027326
00010 523200490
00010 524597658
00010 525008032
00010 527367550
00010 529750002
00010 530613640
00010 530946984
00010 531286500
00010 532321264
00010 534009826
00010 535692320
00010 536045884
00010 537470912
00010 538781754
00010 539205794
00010 541135462
00010 546176810
00010 547009426
00010 547039800
00010 548558944
00010 549604422
00010 551360374
00010 551387856
00010 551631072
00010 551763626
00010 556363318
00010 558501470
00010 559157910
00010 559245920
00010 560611942
00010 561973488
00010 561988888
00010 565010234
00010 567490518
00010 569000564
00010 570348428
00010 570487302
00010 570507896
00010 570789720
00010 572271024
00010 576438728
00010 577121802
00010 578650672
00010 579079668
00010 579689112
00010 581434850
00010 583019918
00010 583043506
00010 584350310
00010 584881480
00010 587140312
00010 590530606
00010 593182494
00010 594673080
00010 594786086
00010 595573776
00010 596529404
00010 598431286
00010 602097326
00010 602472382
00010 602904774
00010 603723964
00010 604305850
00010 604658380
00010 605586420
00010 606742680
00010 609962290
00010 611112478
00010 612462034
00010 613962806
00010 615593196
00010 617050038
00010 620027660
00010 620358792
00010 620528294
00010 622940802
00010 624556948
00010 625259318
00010 626542582
00010 627031052
00010 628337982
00010 628673384
00010 629194938
00010 629201284
00010 630548576
00010 630727898
00010 632332042
00010 632369230
00010 632502588
00010 632592258
00010 634740040
00010 636212824
00010 636474998
00010 642400840
00010 643113932
00010 643164512
00010 644029330
00010 644149142
00010 644938986
00010 645570748
00010 646978302
00010 647213968
00010 652608956
00010 654107744
00010 655852116
00010 655995904
00010 656334044
00010 658059322
00010 660425216
00010 663709570
00010 664827924
00010 664923654
00010 666796194
00010 678618124
00010 683418714
00010 685813204
00010 686250622
00010 686707238
00010 687077796
00010 687619200
00010 687833136
00010 688570674
00010 689195646
00010 694649444
00010 696158638
00010 696715140
00010 698084344
00010 700345776
00010 700776206
00010 702587064
00010 702814648
00010 705326148
00010 705886806
00010 706454926
00010 707377892
00010 711171176
00010 712073750
00010 722595854
00010 722624058
00010 726469352
00010 729162592
00010 729942756
00010 730544582
00010 734351778
00010 734815710
00010 735962616
00010 743397334
00010 746727116
00010 750203190
00010 754052056
00010 754289778
00010 754457538
00010 757351366
00010 761621206
00010 763028408
00010 764576188
00010 765160942
00010 766597656
00010 767642540
00010 768565016
00010 768660736
00010 770315892
00010 774703944
00010 775844434
00010 779438800
00010 779915890
00010 780115432
00010 783433864
00010 786106784
00010 788260698
00010 788852920
00010 789186026
00010 790123928
00010 792642168
00010 797407726
00010 797822166
00010 798461064
00010 800320048
00010 800361948
00010 802115100
00010 805867152
00010 810429490
00010 811729490
00010 815781744
00010 818720024
00010 818876618
00010 823654948
00010 824812878
00010 826889612
00010 828155078
00010 833186482
00010 834660988
00010 836121026
00010 840662870
00010 841918480
00010 842605448
00010 844687538
00010 846725386
00010 858284500
00010 859043922
00010 863335226
00010 863971676
00010 864633694
00010 866203724
00010 872259606
00010 879704870
00010 884231846
00010 887998252
00010 889301760
00010 891613610
00010 894558838
00010 895351810
00010 896638448
00010 900350264
00010 900729066
00010 900949110
00010 902368184
00010 904150230
00010 906052856
00010 908053546
00010 908794136
00010 911029828
00010 911513480
00010 912573470
00010 913053794
00010 913870022
00010 919314706
00010 920010904
00010 921682570
00010 925330418
00010 928729934
00010 929327490
00010 930165528
00010 930606222
00010 931141376
00010 938497810
00010 940628770
00010 942676462
00010 943240436
00010 946871526
00010 947264046
00010 951383462
00010 953040612
00010 954238866
00010 955735562
00010 956369836
00010 958659488
00010 962315966
00010 962691568
00010 968759528
00010 970910598
00010 971021972
00010 972035332
00010 972395656
00010 972827018
00010 973898390
00010 977836008
00010 978443294
00010 984287056
00010 986597166
00010 987472336
00010 990903076
00010 993969708
00010 996308196
00010 997579966
00010 998073852
00010 1000264922
00010 239044
00010 2566108
00010 6823584
00010 12272906
00010 12880526
00010 17194096
00010 20309314
00010 20425476
00010 20608118
00010 26367578
00010 26374034
00010 27180734
00010 27949006
00010 29749252
00010 35781834
00010 36145638
00010 36528634
00010 38149086
00010 48824678
00010 50574070
00010 55684452
00010 56382550
00010 59060228
00010 59122032
00010 64049206
00010 65830652
00010 65908252
00010 71944668
00010 75025806
00010 76873504
00010 76912938
00010 80891376
00010 81697984
00010 82153950
00010 86648272
00010 90258592
00010 92364338
00010 92472148
00010 95679790
00010 97323368
00010 97335536
00010 101515818
00010 101889160
00010 102966690
00010 103438354
00010 113680038
00010 114812818
00010 121148058
00010 124345902
00010 128818452
00010 128841652
00010 131649750
00010 132998834
00010 133736008
00010 137926624
00010 138245522
00010 140421732
00010 146215198
00010 146671766
00010 146951714
00010 153956142
00010 154579268
00010 157182834
00010 159454304
00010 159882516
00010 160023358
00010 162024072
00010 162046906
00010 162050314
00010 165697042
00010 168503100
00010 174418756
00010 175221520
00010 179154536
00010 179925696
00010 183938210
00010 187878806
00010 188515366
00010 189242960
00010 190147224
00010 190964108
00010 191327438
00010 192155884
00010 195476790
00010 199120422
00010 200379138
00010 201497842
00010 202765216
00010 204501400
00010 205076620
00010 207088296
00010 207211270
00010 207376886
00010 209911676
00010 214353524
00010 215432452
00010 216160068
00010 216583436
00010 218985186
00010 219292236
00010 222678794
00010 223156960
00010 223182718
00010 223357020
00010 224164514
00010 226424504
00010 227195858
00010 228890632
00010 231096000
00010 231383752
00010 231574666
00010 232249802
00010 234951882
00010 235454674
00010 236988434
00010 237920990
00010 239530418
00010 244588334
00010 244592814
00010 250067770
00010 253858108
00010 253947272
00010 254261560
00010 255190982
00010 255545496
00010 258052746
00010 260463074
00010 264135846
00010 268907504
00010 271163022
00010 271949670
00010 274162308
00010 275582430
00010 276118080
00010 276858366
00010 278410586
00010 278635670
00010 278809988
00010 280810174
00010 284781806
00010 284988456
00010 289551946
00010 295232786
00010 297270262
00010 301582564
00010 301678988
00010 302227798
00010 303731566
00010 304354618
00010 305824400
00010 308787274
00010 308833482
00010 310597220
00010 311946498
00010 312669594
00010 313675948
00010 318479890
00010 323771580
00010 326223186
00010 328723424
00010 332589372
00010 344238422
00010 344765150
00010 350978046
00010 355298676
00010 356160050
00010 358238222
00010 358873364
00010 359074824
00010 362063470
00010 363469706
00010 364389388
00010 366847322
00010 366910342
00010 370707048
00010 370766612
00010 370887084
00010 371739756
00010 377442422
00010 377484498
00010 377577062
00010 382140260
00010 386713780
00010 398065238
00010 399766248
00010 402736116
00010 409497900
00010 409984642
00010 410009112
00010 414510030
00010 414531750
00010 414689544
00010 415316034
00010 416144262
00010 416505556
00010 418150390
00010 420482824
00010 426585948
00010 428287374
00010 435943240
00010 436248878
00010 436910926
00010 438352608
00010 439230054
00010 440141392
00010 441543754
00010 448106854
00010 448547400
00010 450693924
00010 457552718
00010 457739524
00010 458792154
00010 467062690
00010 469318750
00010 477418276
00010 479165814
00010 479538920
00010 480346434
00010 481382308
00010 483809118
00010 485916482
00010 485963486
00010 486417776
00010 487912868
00010 493298526
00010 494708630
00010 497578888
00010 497765020
00010 498586962
00010 500862104
00010 506332110
00010 510156762
00010 510618494
00010 511209568
00010 511941972
00010 514759002
00010 515315794
00010 516198444
00010 517508046
00010 518719744
00010 519839096
00010 523471446
00010 523906254
00010 527805196
00010 529274256
00010 529468938
00010 529519578
00010 533888064
00010 534027736
00010 534926122
00010 535654520
00010 536768758
00010 545731126
00010 548736962
00010 554795098
00010 557766404
00010 563551026
00010 565242802
00010 566311510
00010 569484510
00010 570772204
00010 574610188
00010 575024228
00010 577421518
00010 578229500
00010 580863154
00010 581711430
00010 583749720
00010 584701346
00010 588095840
00010 588647940
00010 588930504
00010 590074976
00010 592612998
00010 593318358
00010 593643770
00010 593986438
00010 595107216
00010 596934870
00010 597048886
00010 598476770
00010 602093596
00010 610052270
00010 610804430
00010 611750254
00010 612738582
00010 621026260
00010 623573102
00010 623715034
00010 625225290
00010 626302402
00010 628931520
00010 628988106
00010 631615842
00010 632600208
00010 635605612
00010 636007490
00010 648286192
00010 651263350
00010 659029542
00010 660424968
00010 660986790
00010 663319482
00010 670714310
00010 671671912
00010 675096780
00010 675781758
00010 676901410
00010 677873624
00010 678157236
00010 683006578
00010 687756088
00010 688545594
00010 688710690
00010 689268690
00010 690947064
00010 692219388
00010 692467708
00010 693711236
00010 693925756
00010 694353600
00010 708633294
00010 715754858
00010 719339244
00010 727510876
00010 729140768
00010 729245206
00010 729590448
00010 731670750
00010 733063546
00010 734385478
00010 741504912
00010 742136000
00010 749906866
00010 750351104
00010 755965854
00010 756427434
00010 758761146
00010 761311562
00010 763428086
00010 763549602
00010 766987330
00010 767420976
00010 768087650
00010 769418952
00010 769564800
00010 770773620
00010 773293222
00010 781422928
00010 782506160
00010 782901076
00010 785826552
00010 786668352
00010 786795276
00010 786926878
00010 787835208
00010 788693922
00010 794027550
00010 794530844
00010 795043014
00010 795886710
00010 795914338
00010 796380284
00010 798665878
00010 801222118
00010 802216050
00010 802232660
00010 805743526
00010 805851534
00010 808028826
00010 808283024
00010 811898184
00010 812578360
00010 813561302
00010 819600110
00010 819917198
00010 823832276
00010 824392878
00010 828841078
00010 829540782
00010 835827358
00010 836813034
00010 837887490
00010 842507392
00010 842740968
00010 844439974
00010 846469502
00010 850218880
00010 850321506
00010 851864936
00010 852767648
00010 854497420
00010 858487856
00010 859770698
00010 860311036
00010 861875958
00010 862112500
00010 863003430
00010 863440488
00010 863476662
00010 869738904
00010 873305668
00010 873824002
00010 874671882
00010 877871472
00010 880362462
00010 881490772
00010 881519992
00010 882291746
00010 883925154
00010 884210742
00010 888013494
00010 893121138
00010 897572648
00010 899903584
00010 901739984
00010 902086294
00010 906785706
00010 906839594
00010 911688786
00010 912699286
00010 912924348
00010 913897836
00010 914548440
00010 915144704
00010 918412186
00010 919575640
00010 921065028
00010 921864868
00010 922973886
00010 925624130
00010 934348866
00010 935510662
00010 939320914
00010 941101838
00010 944947916
00010 947204418
00010 947537194
00010 952654926
00010 953555542
00010 958373036
00010 959220180
00010 962097080
00010 963480746
00010 963885432
00010 964796288
00010 966388686
00010 966842758
00010 968623792
00010 968950024
00010 969946108
00010 973964790
00010 982771420
00010 984250422
00010 985513042
00010 985631876
00010 988532706
00010 988738528
00010 989129950
00010 990388982
00010 990532402
00010 991317530
00010 997813528
00010 999041054
00010 3019540
00010 5197830
00010 7127690
00010 7224338
00010 7698774
00010 9828062
00010 15180072
00010 15783392
00010 17158892
00010 22292468
00010 23330082
00010 24169568
00010 24572100
00010 25367652
00010 30669140
00010 33572930
00010 36730674
00010 37976424
00010 44386164
00010 46087424
00010 46279372
00010 53021356
00010 56050804
00010 58657564
00010 59398114
00010 61734836
00010 61865896
00010 62597960
00010 71597814
00010 78956884
00010 80552812
00010 82242640
00010 84217504
00010 84972758
00010 84974744
00010 86726084
00010 91626046
00010 92345844
00010 97441862
00010 98476322
00010 98647496
00010 99160378
00010 99338108
00010 100554222
00010 104836902
00010 107321634
00010 111900318
00010 115762234
00010 118252940
00010 118932292
00010 119282614
00010 120059092
00010 120156122
00010 121979242
00010 123047146
00010 123341896
00010 125187798
00010 125824272
00010 128920900
00010 132437100
00010 137891470
00010 140492062
00010 143454284
00010 144510830
00010 148710062
00010 149157142
00010 151657056
00010 153912102
00010 154145924
00010 154271456
00010 154347164
00010 157355312
00010 159399882
00010 159942394
00010 160991240
00010 161939388
00010 163443410
00010 164508934
00010 166371534
00010 170409718
00010 171359284
00010 171640608
00010 173682536
00010 174667006
00010 175266664
00010 178305504
00010 178553718
00010 179990192
00010 180746254
00010 182378298
00010 182407894
00010 188414700
00010 190849988
00010 193067676
00010 195491550
00010 196107954
00010 200314212
00010 204728190
00010 205182564
00010 205356034
00010 210808942
00010 215324004
00010 215501688
00010 220525236
00010 230589048
00010 234399044
00010 234717474
00010 236630194
00010 240876516
00010 242122888
00010 245517910
00010 246431842
00010 251334582
00010 251379244
00010 252726540
00010 256754920
00010 257826160
00010 262454592
00010 263376246
00010 264173830
00010 265379452
00010 266413732
00010 270371080
00010 270459738
00010 272100668
00010 276838706
00010 278310350
00010 283115066
00010 283163286
00010 288340150
00010 289561942
00010 292484518
00010 292891478
00010 296145670
00010 296878016
00010 297091178
00010 297192562
00010 297375952
00010 297443558
00010 298072352
00010 302470884
00010 307960866
00010 310288304
00010 313862102
00010 316053014
00010 324648586
00010 324653968
00010 325777018
00010 327744490
00010 328809330
00010 329023836
00010 331576054
00010 332738146
00010 332834164
00010 333365594
00010 338144624
00010 342825696
00010 342855896
00010 346803610
00010 347188740
00010 348548072
00010 350654500
00010 350964370
00010 351620524
00010 352120652
00010 352617736
00010 353522484
00010 353605774
00010 353967068
00010 357834506
00010 359084510
00010 361878716
00010 364692026
00010 365965272
00010 369446182
00010 372074154
00010 375073664
00010 375389028
00010 375840306
00010 379547026
00010 380087416
00010 380127946
00010 380613564
00010 380673832
00010 381624872
00010 386426204
00010 388095928
00010 388413362
00010 388556634
00010 390557026
00010 391181244
00010 391452302
00010 392729172
00010 393870710
00010 396133538
00010 396135950
00010 401850598
00010 402054572
00010 405036648
00010 407202308
00010 412916228
00010 417415068
00010 418102404
00010 418990782
00010 419331320
00010 419934332
00010 420780452
00010 422059842
00010 426405078
00010 426474618
00010 427661690
00010 429902818
00010 435170890
00010 440385592
00010 449343460
00010 450013926
00010 453082222
00010 453643970
00010 455592428
00010 457537910
00010 457575050
00010 462386418
00010 462753744
00010 465550632
00010 469951282
00010 470554376
00010 474975208
00010 475542260
00010 479734196
00010 480307110
00010 483130376
00010 488494494
00010 488827384
00010 491056970
00010 491704584
00010 491785600
00010 493230384
00010 493651754
00010 496426550
00010 497029218
00010 497075400
00010 498040004
00010 503067206
00010 503247178
00010 507106854
00010 507343992
00010 507820866
00010 507918342
00010 510155252
00010 511313400
00010 516082502
00010 517502378
00010 517731628
00010 518222784
00010 519327372
00010 520488690
00010 522893558
00010 523027848
00010 533204720
00010 541981114
00010 544204384
00010 546633134
00010 549173480
00010 549372168
00010 554097242
00010 554294904
00010 554637762
00010 555670848
00010 558968180
00010 559162600
00010 559876550
00010 562527680
00010 563677146
00010 564984336
00010 565063602
00010 565439866
00010 566007374
00010 566569286
00010 568428982
00010 569447626
00010 569534052
00010 570591978
00010 570847214
00010 572517410
00010 575774854
00010 576703942
00010 584895336
00010 585865536
00010 586270826
00010 588884286
00010 590650564
00010 592626118
00010 592873432
00010 593034446
00010 595374636
00010 597029222
00010 597911870
00010 599170466
00010 600015508
00010 600195450
00010 600230104
00010 604397798
00010 606003986
00010 606141758
00010 607252556
00010 608633996
00010 609081268
00010 611275612
00010 613964760
00010 614084206
00010 614579674
00010 615049902
00010 617762666
00010 621032828
00010 622943290
00010 623606782
00010 627495038
00010 635516762
00010 635566640
00010 637550480
00010 640294554
00010 643742720
00010 644614566
00010 645683506
00010 647186172
00010 648883404
00010 655377174
00010 657540668
00010 658322112
00010 660929038
00010 668179224
00010 671609746
00010 672936598
00010 672972320
00010 673523394
00010 673984926
00010 674515776
00010 674997190
00010 676724336
00010 677795634
00010 677899788
00010 682985752
00010 684477438
00010 684955348
00010 694527166
00010 695205054
00010 696335992
00010 696341192
00010 697735054
00010 698740912
00010 699193324
00010 699351094
00010 703065436
00010 705457566
00010 706403764
00010 707083924
00010 714053938
00010 714613586
00010 716558866
00010 721492400
00010 723904362
00010 724621556
00010 725186330
00010 725473536
00010 733375722
00010 736099240
00010 742331998
00010 742545772
00010 743890894
00010 743892048
00010 746389722
00010 750372100
00010 751058052
00010 753357490
00010 755598336
00010 757782948
00010 758400736
00010 762224272
00010 762900956
00010 763049958
00010 763376000
00010 764802974
00010 767317586
00010 770556760
00010 771546356
00010 771547578
00010 771575008
00010 775279194
00010 778692702
00010 779831878
00010 784558398
00010 786737860
00010 786882692
00010 787205464
00010 799060678
00010 804477724
00010 808558366
00010 810482658
00010 811480048
00010 811519906
00010 811612740
00010 812572050
00010 828098708
00010 828266742
00010 834188492
00010 838637984
00010 839497680
00010 841828514
00010 843582440
00010 844682410
00010 848826206
00010 851260840
00010 854408752
00010 857846288
00010 858334722
00010 864269424
00010 864272170
00010 869188052
00010 869815442
00010 872984138
00010 873675284
00010 873735360
00010 881266532
00010 882767132
00010 882813900
00010 884379404
00010 887968482
00010 896436348
00010 898956928
00010 901383318
00010 901915744
00010 902603870
00010 905468708
00010 911328938
00010 914893998
00010 914977568
00010 915761662
00010 917547194
00010 920100544
00010 920186346
00010 921172830
00010 921584084
00010 922068422
00010 923634788
00010 923927014
00010 925125298
00010 926052534
00010 926827996
00010 928417364
00010 938885680
00010 940684552
00010 943298774
00010 944299266
00010 945724502
00010 945800936
00010 946539426
00010 948737530
00010 949165866
00010 949772576
00010 953278112
00010 954442246
00010 959828152
00010 960150290
00010 960597902
00010 960844560
00010 970680844
00010 972491242
00010 972687832
00010 973836678
00010 979949708
00010 981285018
00010 982033146
00010 983368250
00010 985476190
00010 986841882
00010 987855238
00010 988265046
00010 988995746
00010 991607324
00010 991659802
00010 991919660
00010 995817894
00010 996770078
00010 997234008
00010 998305044
00010 999601972
