00010 2966316
00010 3713412
00010 5399120
00010 5620704
00010 6883308
00010 8028868
00010 8615124
00010 8778170
00010 10325346
00010 11818764
00010 12275912
00010 17909322
00010 19164372
00010 19919340
00010 23542720
00010 27242798
00010 28682694
00010 29331706
00010 29387554
00010 29877578
00010 34673518
00010 35702214
00010 36492516
00010 36756444
00010 41395444
00010 41496256
00010 44731360
00010 46105746
00010 46213816
00010 47430830
00010 47478258
00010 53327870
00010 60479364
00010 61800068
00010 67463242
00010 68072090
00010 69914196
00010 71237298
00010 72573276
00010 75221392
00010 75815730
00010 76472502
00010 77399278
00010 78667860
00010 79487796
00010 80443438
00010 80605744
00010 81007704
00010 84757094
00010 84793686
00010 88100528
00010 90901312
00010 91391030
00010 91978014
00010 95344084
00010 96764224
00010 98576342
00010 100280578
00010 105822060
00010 106254118
00010 106680174
00010 112271534
00010 112454264
00010 112797292
00010 116243774
00010 117990838
00010 118854580
00010 120265544
00010 120997548
00010 121042988
00010 122678176
00010 124338604
00010 125424446
00010 126301778
00010 126321744
00010 127038154
00010 131210684
00010 132133982
00010 132202152
00010 132264006
00010 133536470
00010 134741896
00010 136479824
00010 139098152
00010 139715692
00010 140293128
00010 142623284
00010 142682364
00010 142698012
00010 145384072
00010 145629776
00010 147191776
00010 147646568
00010 153956562
00010 154263680
00010 160369532
00010 164976682
00010 166871164
00010 170207346
00010 170214464
00010 170220716
00010 172839014
00010 180269036
00010 181570564
00010 184758716
00010 189034446
00010 192104480
00010 194214054
00010 196973686
00010 197374072
00010 198407532
00010 200199784
00010 201103436
00010 202514052
00010 204464274
00010 207779300
00010 207972362
00010 215966406
00010 219141234
00010 225083532
00010 225950886
00010 229263184
00010 238099326
00010 243165980
00010 243382668
00010 246259404
00010 252333268
00010 255631222
00010 256319958
00010 257245024
00010 258217608
00010 259481170
00010 259528640
00010 262382568
00010 266906096
00010 269177912
00010 270234596
00010 271644950
00010 273887088
00010 273938434
00010 274514950
00010 274610848
00010 275658370
00010 277957906
00010 281567568
00010 282704890
00010 283267430
00010 292516090
00010 292962216
00010 293983608
00010 295437866
00010 296945018
00010 297224104
00010 298480128
00010 300808120
00010 305002038
00010 306471134
00010 314193016
00010 317014626
00010 319056764
00010 319515094
00010 320058344
00010 320938172
00010 325396182
00010 326140018
00010 327330488
00010 330019320
00010 331317384
00010 331606780
00010 332102256
00010 333199224
00010 333699886
00010 334130770
00010 334508846
00010 340719672
00010 344808362
00010 350515976
00010 354515654
00010 356596186
00010 358712492
00010 359208054
00010 360730242
00010 362462530
00010 362832886
00010 364665292
00010 365809114
00010 371414864
00010 372862404
00010 374832778
00010 377056970
00010 378347568
00010 381038966
00010 381838584
00010 382269486
00010 382417010
00010 386239166
00010 386773194
00010 389076818
00010 391573924
00010 398793424
00010 399253616
00010 399598776
00010 399892766
00010 403866144
00010 406536356
00010 408949806
00010 415261080
00010 419729516
00010 420450280
00010 424809364
00010 427534308
00010 428033834
00010 429024840
00010 429777642
00010 431209116
00010 431572446
00010 431932728
00010 433025926
00010 437475276
00010 439932368
00010 445381546
00010 446924100
00010 450627196
00010 451037134
00010 453897462
00010 454132156
00010 456275712
00010 457171648
00010 458521034
00010 460463902
00010 461312056
00010 463176614
00010 468348386
00010 472003116
00010 474415728
00010 475566170
00010 476958614
00010 477570470
00010 477573438
00010 481109952
00010 482009802
00010 482620806
00010 483387192
00010 483985394
00010 488695340
00010 490418950
00010 497867606
00010 501316960
00010 501465760
00010 502949352
00010 505206112
00010 510039176
00010 511234130
00010 513147856
00010 513391540
00010 513835156
00010 514232182
00010 515871436
00010 521220950
00010 523911518
00010 525186070
00010 526412492
00010 526421040
00010 527429538
00010 528933534
00010 529532652
00010 529663652
00010 536163906
00010 538910340
00010 542505242
00010 546123896
00010 549501928
00010 549728032
00010 551391664
00010 551569772
00010 555777478
00010 557242108
00010 567620026
00010 568883038
00010 570090168
00010 571019516
00010 574711000
00010 576107920
00010 579412906
00010 581974412
00010 582552132
00010 585882984
00010 587038466
00010 588823008
00010 591414724
00010 591546842
00010 594593500
00010 595999454
00010 596841882
00010 597663022
00010 601452920
00010 601607466
00010 602096326
00010 605024076
00010 608734744
00010 608752514
00010 609918550
00010 609962142
00010 610480688
00010 621268378
00010 622973188
00010 625685102
00010 626968594
00010 627356638
00010 628217970
00010 629649636
00010 630454976
00010 632150580
00010 634879034
00010 635064342
00010 636936962
00010 651166848
00010 651278062
00010 651589268
00010 652345686
00010 653815926
00010 654102218
00010 655849846
00010 656035894
00010 657138534
00010 657367068
00010 662696482
00010 665808150
00010 666894202
00010 666985942
00010 675214888
00010 676696676
00010 677147180
00010 682158852
00010 682668684
00010 682997804
00010 683161016
00010 683614748
00010 685814166
00010 686675694
00010 692329664
00010 694578258
00010 696581344
00010 700236776
00010 701609490
00010 701870742
00010 703364462
00010 703975304
00010 704640638
00010 706854796
00010 708690798
00010 711254714
00010 714119998
00010 717597864
00010 718312414
00010 718428650
00010 720314030
00010 723029652
00010 725055898
00010 725498934
00010 728865978
00010 729326032
00010 730188990
00010 733589914
00010 736037476
00010 736869690
00010 740227906
00010 740994816
00010 742302676
00010 742528828
00010 743116126
00010 743965302
00010 744345014
00010 745445560
00010 745783802
00010 746654616
00010 746988414
00010 747950502
00010 748453864
00010 749698352
00010 750079088
00010 750993120
00010 751914974
00010 752473038
00010 760089466
00010 761618930
00010 766967416
00010 767940992
00010 777312640
00010 780816356
00010 782165978
00010 782343878
00010 784974616
00010 786766260
00010 787377648
00010 789930540
00010 791478440
00010 792514666
00010 795341012
00010 795946242
00010 796716074
00010 797660134
00010 801898060
00010 802345948
00010 804401958
00010 805945830
00010 808856832
00010 810533458
00010 812103304
00010 814981680
00010 818673558
00010 819269350
00010 824926236
00010 825205736
00010 826029612
00010 826740134
00010 830495252
00010 831333760
00010 832123076
00010 836726716
00010 836735406
00010 837233430
00010 839143962
00010 840037722
00010 840260780
00010 840357142
00010 840911508
00010 856149368
00010 856846442
00010 857870510
00010 867330646
00010 867573968
00010 868451162
00010 869784022
00010 869786842
00010 870936186
00010 874933562
00010 879181562
00010 879281498
00010 888650208
00010 889269226
00010 889791946
00010 890067636
00010 890288546
00010 893634890
00010 894130698
00010 894150976
00010 896098466
00010 897951066
00010 898322310
00010 899935210
00010 900460404
00010 900628906
00010 905316412
00010 909633232
00010 910268130
00010 913828088
00010 917953266
00010 918591194
00010 921339650
00010 922207822
00010 926966546
00010 928994742
00010 931268624
00010 932619214
00010 934965278
00010 935835154
00010 936931728
00010 938945866
00010 941789254
00010 953891840
00010 955584338
00010 958719482
00010 960106788
00010 960461190
00010 962809918
00010 964029432
00010 967856658
00010 975918488
00010 976100904
00010 976610118
00010 978275448
00010 978397918
00010 980007924
00010 981332420
00010 981433272
00010 982022440
00010 982418622
00010 985759610
00010 987188788
00010 988054598
00010 989178560
00010 989407742
00010 991953900
00010 992443042
00010 993182072
00010 999471366
00010 999641696
00010 8511428
00010 13071958
00010 13455844
00010 14376822
00010 19086100
00010 25783932
00010 26197976
00010 27011016
00010 28643654
00010 30332402
00010 30739862
00010 31213968
00010 32863020
00010 33465006
00010 38344916
00010 38559438
00010 39776044
00010 40436976
00010 40971710
00010 47608682
00010 50760598
00010 52260150
00010 53729262
00010 54732300
00010 56375650
00010 72775546
00010 73605216
00010 75039218
00010 81473896
00010 81499964
00010 81752082
00010 82191722
00010 85156482
00010 86835342
00010 91733816
00010 94230760
00010 95123622
00010 96381026
00010 102001972
00010 103628854
00010 107845334
00010 109625276
00010 114188192
00010 116718348
00010 117128222
00010 121999958
00010 122445836
00010 122800398
00010 125988552
00010 126247970
00010 126490702
00010 127730684
00010 129237238
00010 130337692
00010 134236234
00010 136378118
00010 136586642
00010 139822074
00010 139873142
00010 140311734
00010 143094882
00010 144525268
00010 151915494
00010 152456070
00010 156018634
00010 156275622
00010 158322724
00010 159452468
00010 160154724
00010 162833044
00010 166903162
00010 166918124
00010 173769278
00010 175483174
00010 179934528
00010 198850902
00010 199881276
00010 200381754
00010 206416862
00010 211398748
00010 214114834
00010 215220346
00010 219307308
00010 219540162
00010 221911008
00010 225581248
00010 229775138
00010 230784532
00010 231840940
00010 232137902
00010 232925974
00010 234056256
00010 234319242
00010 236290090
00010 236609068
00010 241542112
00010 242393804
00010 243209912
00010 244666970
00010 246566696
00010 250624612
00010 253128024
00010 253625208
00010 254088184
00010 254487808
00010 255755428
00010 257534536
00010 258632574
00010 263455224
00010 265028910
00010 265941806
00010 266772050
00010 269681372
00010 274401308
00010 274434632
00010 274856956
00010 277432478
00010 279744858
00010 279850916
00010 280695022
00010 282379570
00010 282959192
00010 288095260
00010 294818916
00010 295539568
00010 298967694
00010 301986620
00010 302352374
00010 302638384
00010 303645584
00010 303930976
00010 306540272
00010 311322940
00010 311819798
00010 314077660
00010 314406270
00010 316438434
00010 319703004
00010 320311956
00010 321290354
00010 321734016
00010 324814650
00010 326365400
00010 326459772
00010 327660366
00010 328582846
00010 328642092
00010 330682474
00010 331412966
00010 332898970
00010 333374142
00010 333624552
00010 333840836
00010 335408968
00010 337962746
00010 338324502
00010 341327060
00010 341971398
00010 343274046
00010 345188012
00010 349040166
00010 352984464
00010 353837116
00010 354437692
00010 356237178
00010 357587672
00010 357996392
00010 359553878
00010 359569568
00010 366638210
00010 371877588
00010 372600394
00010 378197086
00010 379605436
00010 380139088
00010 381010892
00010 382971798
00010 383466176
00010 387192486
00010 387560914
00010 389299320
00010 391833372
00010 395252010
00010 396712630
00010 397502728
00010 400557538
00010 401248856
00010 412509616
00010 415172986
00010 415227560
00010 415272574
00010 416469512
00010 421792330
00010 425278606
00010 425792332
00010 426905324
00010 432111244
00010 432501688
00010 434044172
00010 435201326
00010 435957854
00010 436571192
00010 438437728
00010 439247922
00010 439737598
00010 441337478
00010 441835250
00010 442484524
00010 446730732
00010 448468934
00010 451320610
00010 455342360
00010 455444932
00010 455503246
00010 456094942
00010 457246414
00010 460283736
00010 464322022
00010 468073120
00010 468858736
00010 470550656
00010 471368638
00010 473340834
00010 474524208
00010 479421202
00010 479882766
00010 484955568
00010 487237326
00010 490563852
00010 494722728
00010 498640158
00010 501646658
00010 501681162
00010 504627322
00010 505968254
00010 507608076
00010 510553374
00010 510656174
00010 513285022
00010 513296696
00010 522053496
00010 523343504
00010 528206766
00010 534261784
00010 535059018
00010 536294818
00010 537188412
00010 539091026
00010 539911570
00010 540331878
00010 540534378
00010 540598222
00010 544349994
00010 546358064
00010 546646538
00010 547543460
00010 549454462
00010 549524782
00010 550198124
00010 550905304
00010 551950350
00010 552261278
00010 553952204
00010 554350406
00010 555248288
00010 555922428
00010 556203482
00010 558171030
00010 565841654
00010 567761414
00010 572808508
00010 574074026
00010 574075266
00010 574574194
00010 576035138
00010 576147762
00010 576349116
00010 576678944
00010 576699016
00010 578227684
00010 580056286
00010 584413022
00010 587400266
00010 592758376
00010 593140848
00010 593672316
00010 594655460
00010 595071196
00010 600280260
00010 603076132
00010 605871336
00010 606390628
00010 608642472
00010 609096794
00010 609212816
00010 611283080
00010 611328102
00010 613661292
00010 614252686
00010 620623622
00010 622854858
00010 623137854
00010 625540346
00010 636973586
00010 639069302
00010 640064548
00010 640308460
00010 640988198
00010 645363022
00010 645734760
00010 648148422
00010 650271994
00010 653980186
00010 656854574
00010 658775082
00010 659859012
00010 662465000
00010 664023178
00010 665304078
00010 667991520
00010 670297260
00010 670461022
00010 671145474
00010 671283482
00010 672721640
00010 673269812
00010 674550982
00010 675124204
00010 676505910
00010 681441256
00010 686190212
00010 688198042
00010 688502940
00010 692562318
00010 692821180
00010 694792438
00010 696624720
00010 702881046
00010 702956634
00010 704528188
00010 707835554
00010 708082330
00010 708783044
00010 711204668
00010 714422690
00010 714933258
00010 716221528
00010 718922650
00010 719674000
00010 723470118
00010 724797276
00010 731501298
00010 731849588
00010 732621596
00010 734584236
00010 736362432
00010 737485388
00010 737496194
00010 740334510
00010 741308702
00010 742461360
00010 746643646
00010 750343504
00010 754866708
00010 755271424
00010 760935308
00010 763110968
00010 763452448
00010 766548100
00010 768045782
00010 768447474
00010 770753908
00010 771267160
00010 771888494
00010 776463620
00010 778008612
00010 779112048
00010 780020690
00010 781192874
00010 782492476
00010 785653738
00010 786874032
00010 787221514
00010 789566852
00010 794870456
00010 795291616
00010 797607360
00010 799673016
00010 800854870
00010 805759164
00010 807549814
00010 808096230
00010 810503472
00010 813932888
00010 814053446
00010 819180050
00010 819926958
00010 822765960
00010 823816312
00010 824909538
00010 826161648
00010 837008808
00010 837179944
00010 837849246
00010 838267476
00010 839929230
00010 844949302
00010 848953058
00010 849917414
00010 850402670
00010 851522074
00010 852813562
00010 856164562
00010 856635466
00010 858042086
00010 860641082
00010 864391094
00010 864633566
00010 866936556
00010 868062952
00010 870071200
00010 870752520
00010 871749474
00010 874650712
00010 877277672
00010 884055822
00010 886060366
00010 886393938
00010 887155046
00010 894716966
00010 896653130
00010 896811172
00010 898182214
00010 899403688
00010 900747360
00010 901874256
00010 902094954
00010 903405946
00010 904155716
00010 905197660
00010 913068736
00010 913562376
00010 914146654
00010 919725520
00010 920308792
00010 923894094
00010 924105616
00010 925970698
00010 926593062
00010 928748214
00010 931568302
00010 932202254
00010 932838412
00010 933964106
00010 936345918
00010 940963270
00010 941684480
00010 941986928
00010 945218770
00010 945475310
00010 945484348
00010 948087242
00010 948943194
00010 950568172
00010 951629458
00010 952468952
00010 953154840
00010 955383938
00010 957263326
00010 961607898
00010 969094842
00010 969391180
00010 970965008
00010 977013502
00010 978411138
00010 983768222
00010 985197686
00010 987244916
00010 990615872
00010 990871600
00010 992457098
00010 994932536
00010 995196100
00010 996432026
00010 996777274
00010 998795836
00010 999227810
00010 6868322
00010 7445768
00010 8772288
00010 8903808
00010 12420554
00010 16342526
00010 16394704
00010 16541618
00010 17853542
00010 22705112
00010 22707440
00010 23744488
00010 27822186
00010 30979966
00010 31061462
00010 33709226
00010 34009918
00010 35313552
00010 36358014
00010 37594664
00010 37599768
00010 38287850
00010 38841426
00010 39306630
00010 42217366
00010 42766238
00010 43813574
00010 44052736
00010 45948758
00010 46249402
00010 51515070
00010 56048056
00010 61023840
00010 65021320
00010 67227178
00010 69643476
00010 71725496
00010 75726368
00010 76517450
00010 76723372
00010 77720610
00010 78855296
00010 78933776
00010 80841610
00010 82071868
00010 82432308
00010 82719052
00010 83406454
00010 83527436
00010 87414820
00010 89008816
00010 93943796
00010 100275234
00010 102197912
00010 103835774
00010 105419532
00010 105760578
00010 111811952
00010 111831716
00010 112446150
00010 113881326
00010 114951428
00010 119190174
00010 119203152
00010 120020774
00010 121071288
00010 121919200
00010 125298718
00010 125817838
00010 131128326
00010 132464172
00010 137498916
00010 139667948
00010 139995956
00010 142710482
00010 142982570
00010 145401776
00010 145463634
00010 146120706
00010 148214030
00010 148218994
00010 151725936
00010 152243522
00010 152834970
00010 153767664
00010 154230684
00010 154807590
00010 155705412
00010 155741330
00010 156218508
00010 158333046
00010 159854670
00010 161132800
00010 163107728
00010 167555924
00010 168309554
00010 170145964
00010 170453922
00010 176201012
00010 182608774
00010 182698978
00010 183975572
00010 187894180
00010 189610294
00010 191515474
00010 191740026
00010 198931532
00010 199608842
00010 203807610
00010 204314958
00010 205709256
00010 210954324
00010 212205734
00010 212595822
00010 212698232
00010 213708724
00010 215354432
00010 216421358
00010 216607984
00010 218346688
00010 220797462
00010 221176286
00010 223653060
00010 223964094
00010 226512718
00010 227482968
00010 228691944
00010 238500422
00010 238957708
00010 239648214
00010 245186844
00010 247257318
00010 247258782
00010 248288492
00010 253591748
00010 253946172
00010 255421264
00010 257945506
00010 258843002
00010 258851948
00010 261249642
00010 261735872
00010 267963096
00010 269456402
00010 270843026
00010 276296394
00010 281641972
00010 283562156
00010 283952610
00010 284937386
00010 285844074
00010 286390376
00010 287400594
00010 287645194
00010 293670906
00010 293919516
00010 294690388
00010 300847032
00010 302005494
00010 302069698
00010 303243936
00010 305004144
00010 307484686
00010 308305748
00010 310318594
00010 310402694
00010 311245100
00010 311687736
00010 313106328
00010 314284526
00010 314468454
00010 317666576
00010 320129332
00010 320816968
00010 321387452
00010 321585634
00010 324500584
00010 325826760
00010 325990834
00010 326055738
00010 327091510
00010 329000028
00010 331941164
00010 333233206
00010 334289792
00010 334979158
00010 336927396
00010 344099670
00010 344349472
00010 353833244
00010 354059946
00010 354737972
00010 356512520
00010 358899290
00010 359883250
00010 360034666
00010 361621550
00010 362556370
00010 366086234
00010 368675010
00010 371993796
00010 372418506
00010 374479200
00010 375546644
00010 376128970
00010 377627114
00010 378642082
00010 379058186
00010 384779642
00010 387701160
00010 391829596
00010 393713190
00010 400902428
00010 406594988
00010 407111042
00010 407989514
00010 409777280
00010 411559328
00010 416651302
00010 417917436
00010 420586560
00010 424000958
00010 424944332
00010 426685252
00010 428293132
00010 433567702
00010 433695500
00010 435307262
00010 435740288
00010 435936662
00010 436317068
00010 439661676
00010 442921762
00010 450337338
00010 451384446
00010 452410020
00010 455980036
00010 458705694
00010 462838670
00010 463385370
00010 463570924
00010 469622008
00010 471697752
00010 471868720
00010 478428412
00010 479762878
00010 481330122
00010 481710904
00010 485686000
00010 488284984
00010 491087010
00010 491498066
00010 493532774
00010 497138428
00010 497798178
00010 499187922
00010 504369120
00010 505332098
00010 506486018
00010 509056084
00010 514846210
00010 515318010
00010 515464754
00010 517957920
00010 520980162
00010 521459018
00010 522276452
00010 522738438
00010 527864148
00010 528258204
00010 529096114
00010 534751304
00010 535089012
00010 537053264
00010 537156800
00010 540563488
00010 542552068
00010 545803064
00010 546463912
00010 548973614
00010 550703730
00010 550959374
00010 552866846
00010 553567052
00010 555604688
00010 555824174
00010 561905478
00010 564462524
00010 564517034
00010 564899834
00010 567951766
00010 568338904
00010 569404888
00010 570482064
00010 571899936
00010 572496070
00010 573015306
00010 573984158
00010 577414396
00010 577874736
00010 579042976
00010 579892618
00010 580573988
00010 585693364
00010 586300876
00010 586487744
00010 586545736
00010 589351620
00010 589898706
00010 592451158
00010 601040398
00010 602195230
00010 602255442
00010 602337136
00010 602407638
00010 605836662
00010 608445068
00010 609000336
00010 611255396
00010 611339128
00010 614009904
00010 614181572
00010 614376310
00010 614867192
00010 615675746
00010 616177530
00010 616273946
00010 629627794
00010 635081228
00010 635365026
00010 638587660
00010 639749570
00010 641148902
00010 641513700
00010 642404910
00010 646056156
00010 648772810
00010 650546864
00010 652212994
00010 652487090
00010 654094858
00010 656039712
00010 656585366
00010 663099908
00010 663133720
00010 665534218
00010 668979920
00010 671073946
00010 672193504
00010 674649182
00010 675706110
00010 677445354
00010 677931114
00010 679216600
00010 680245948
00010 687957140
00010 692813278
00010 694364880
00010 695479836
00010 698404498
00010 701264016
00010 701780896
00010 703832792
00010 707085252
00010 707592906
00010 709573494
00010 711607662
00010 714678030
00010 718274386
00010 719160932
00010 720933550
00010 721639918
00010 721814536
00010 723663962
00010 725975144
00010 726612816
00010 727543620
00010 728815762
00010 732721120
00010 736260504
00010 739916318
00010 741164812
00010 743310478
00010 747334074
00010 749434552
00010 751192740
00010 752699242
00010 755066306
00010 761442864
00010 765403032
00010 767917466
00010 770889800
00010 771174338
00010 771765476
00010 771908410
00010 773132058
00010 777320584
00010 781278922
00010 782370218
00010 782551682
00010 792982310
00010 793467140
00010 796334518
00010 797771292
00010 798136568
00010 800430564
00010 800852854
00010 801821966
00010 808135480
00010 809846666
00010 814571258
00010 816789976
00010 818787362
00010 821264082
00010 821536472
00010 821623922
00010 824564428
00010 825841200
00010 827521930
00010 829725582
00010 831743644
00010 832743386
00010 835239536
00010 835936352
00010 837562900
00010 839972964
00010 845513538
00010 851487082
00010 853977644
00010 854157088
00010 860476478
00010 860855786
00010 861091108
00010 862308842
00010 868552514
00010 868851476
00010 869637774
00010 870078476
00010 870907628
00010 876798068
00010 880003286
00010 880225618
00010 880593050
00010 882882662
00010 885550774
00010 890813852
00010 891556754
00010 892407748
00010 893932798
00010 895344312
00010 902065526
00010 904344074
00010 907805324
00010 908755978
00010 912685322
00010 913303378
00010 913833424
00010 916300424
00010 920533806
00010 925809724
00010 926879220
00010 934815292
00010 937395562
00010 937494930
00010 941783502
00010 942018130
00010 948234706
00010 950220646
00010 950300382
00010 958327886
00010 961021850
00010 961476542
00010 965086466
00010 965806876
00010 967628606
00010 967962570
00010 973917226
00010 974055094
00010 979530750
00010 981241990
00010 986160508
00010 988220158
00010 991157520
00010 991361238
00010 992176276
00010 994904338
00010 996404894
00010 996666696
00010 999380688
00010 7820646
00010 10222636
00010 11267276
00010 13013084
00010 14430038
00010 15803478
00010 17909286
00010 22234894
00010 25948630
00010 32002580
00010 32246956
00010 35659636
00010 35731482
00010 40054142
00010 40248602
00010 43264350
00010 43394278
00010 48506778
00010 56481824
00010 60652776
00010 61957788
00010 63737186
00010 66288026
00010 68842548
00010 71716496
00010 72157780
00010 74198208
00010 74540022
00010 75525718
00010 75773606
00010 78827536
00010 80851772
00010 81905154
00010 87780508
00010 88551184
00010 90287994
00010 90703620
00010 97097488
00010 99211696
00010 99845590
00010 101882238
00010 101906204
00010 105307928
00010 108220266
00010 109275588
00010 110507222
00010 113431280
00010 119123184
00010 119350948
00010 126958734
00010 127560952
00010 127701908
00010 133593210
00010 134317588
00010 136117952
00010 136548216
00010 137221462
00010 138625548
00010 142997108
00010 144686938
00010 145943988
00010 153128430
00010 153596692
00010 153794932
00010 157120942
00010 159874752
00010 162054322
00010 163039490
00010 163367734
00010 173125928
00010 173407746
00010 174699450
00010 175677558
00010 179756334
00010 179898000
00010 185705780
00010 192719442
00010 195933724
00010 197506792
00010 199810500
00010 200126396
00010 203463114
00010 209153106
00010 212021262
00010 212588786
00010 212798682
00010 213537032
00010 215108646
00010 216610686
00010 223599212
00010 223853098
00010 225953744
00010 227012792
00010 229271818
00010 229717658
00010 230404324
00010 231665836
00010 231907722
00010 234181804
00010 234825074
00010 234878566
00010 245570018
00010 246508980
00010 247848662
00010 250688630
00010 252212066
00010 252255702
00010 254289258
00010 255382350
00010 257692630
00010 260541468
00010 261056478
00010 262178560
00010 262659938
00010 263634620
00010 263877230
00010 264123134
00010 265807770
00010 266053998
00010 269517984
00010 270585102
00010 272559548
00010 274189578
00010 278917304
00010 284919408
00010 286942474
00010 287631728
00010 291569672
00010 292672060
00010 295760684
00010 297728444
00010 298500782
00010 298577726
00010 299186696
00010 300813834
00010 302206348
00010 305509144
00010 308347068
00010 310737238
00010 313127888
00010 313129204
00010 315053502
00010 317595472
00010 318265642
00010 318514646
00010 318515620
00010 318624054
00010 319125896
00010 320083524
00010 325331074
00010 325775842
00010 327528258
00010 329081276
00010 329556156
00010 329912672
00010 331855738
00010 332301548
00010 332962222
00010 332973484
00010 333295420
00010 336667966
00010 337647232
00010 338611186
00010 339201202
00010 339873724
00010 340167102
00010 341897102
00010 345523388
00010 346597834
00010 347841270
00010 349690512
00010 354077606
00010 356351334
00010 356565682
00010 360099654
00010 363373594
00010 364200910
00010 367835538
00010 367842680
00010 370532394
00010 370840848
00010 372695010
00010 373500988
00010 375278428
00010 378646972
00010 386895060
00010 387416324
00010 389155576
00010 390729742
00010 398975516
00010 401778468
00010 403138378
00010 403150968
00010 405432286
00010 407890058
00010 411021328
00010 414084230
00010 417961644
00010 422544218
00010 423773114
00010 430968662
00010 431993566
00010 434165406
00010 435963062
00010 437159546
00010 441346026
00010 444981290
00010 447537698
00010 448028634
00010 450994004
00010 451751226
00010 452426848
00010 454587232
00010 456216742
00010 463504588
00010 465148688
00010 465322782
00010 465400770
00010 467178760
00010 469623702
00010 471046128
00010 471874934
00010 473485842
00010 474994078
00010 475978400
00010 476748330
00010 478000030
00010 485637624
00010 486266858
00010 486867772
00010 487360696
00010 489246448
00010 491175698
00010 492781726
00010 493823386
00010 495304280
00010 495421176
00010 497509704
00010 497596496
00010 497740532
00010 498916562
00010 499061714
00010 500554078
00010 507792384
00010 509953260
00010 512322208
00010 523235008
00010 523654186
00010 529607086
00010 531008190
00010 537706536
00010 538441458
00010 539720472
00010 545535338
00010 547020756
00010 547557158
00010 547905736
00010 549984054
00010 555097740
00010 555554326
00010 556536624
00010 557660492
00010 562715896
00010 565524798
00010 569568616
00010 573373914
00010 575679722
00010 576421242
00010 578414266
00010 583029114
00010 583269310
00010 591197086
00010 593960108
00010 596287082
00010 601635782
00010 603202958
00010 604205836
00010 606804970
00010 607498164
00010 608766714
00010 609912400
00010 618110032
00010 618196004
00010 619379646
00010 620122666
00010 627278978
00010 627537472
00010 634107912
00010 637277504
00010 637405960
00010 638329140
00010 640527154
00010 645626650
00010 647477792
00010 648880834
00010 652673356
00010 656430222
00010 656812674
00010 657859688
00010 662128666
00010 663678584
00010 667640196
00010 669666780
00010 670241738
00010 670692512
00010 684131136
00010 684459974
00010 686528474
00010 686786690
00010 687616322
00010 691471668
00010 693623946
00010 694479938
00010 695167288
00010 695377424
00010 697227620
00010 697996590
00010 704571176
00010 704632866
00010 705824096
00010 708573892
00010 708942652
00010 709894536
00010 714882664
00010 715062588
00010 717365706
00010 717966258
00010 722738340
00010 724307186
00010 725052154
00010 727121940
00010 730078454
00010 732359126
00010 740150992
00010 740708422
00010 741638622
00010 744899522
00010 746107124
00010 746814298
00010 747009406
00010 747194670
00010 753383666
00010 753766582
00010 754192508
00010 754735012
00010 755369938
00010 755709304
00010 756711462
00010 760314508
00010 760775072
00010 761174418
00010 764937440
00010 766896734
00010 768670556
00010 775911308
00010 780326800
00010 780603586
00010 781041412
00010 783841004
00010 783930846
00010 784314710
00010 787702634
00010 789577478
00010 791886922
00010 794025970
00010 795108782
00010 795372450
00010 797253518
00010 797577816
00010 800097544
00010 802383488
00010 802714368
00010 805086682
00010 806181314
00010 810783972
00010 812437858
00010 813303716
00010 814507682
00010 817479454
00010 819794888
00010 822058856
00010 829175354
00010 831115782
00010 833339600
00010 835118046
00010 837990084
00010 839093126
00010 841088160
00010 842768688
00010 843797576
00010 845168744
00010 850635180
00010 852063040
00010 852089982
00010 857174444
00010 860579848
00010 861741092
00010 864829160
00010 867662640
00010 868742150
00010 872971304
00010 873790898
00010 876735618
00010 877209248
00010 877587354
00010 878988422
00010 881678786
00010 883773216
00010 884046490
00010 884459348
00010 888101184
00010 888238638
00010 888454562
00010 888523482
00010 895774602
00010 901385718
00010 901534332
00010 902268502
00010 902880994
00010 906827366
00010 907980348
00010 908260262
00010 909823354
00010 914165804
00010 917669244
00010 918529994
00010 919080506
00010 922454244
00010 927133544
00010 929176280
00010 929758290
00010 939434616
00010 939812154
00010 940030988
00010 940610528
00010 941074170
00010 943377482
00010 945953874
00010 947475604
00010 950107782
00010 952111050
00010 957302546
00010 960162508
00010 974085572
00010 975729022
00010 976282274
00010 977369444
00010 978104066
00010 978609436
00010 978611450
00010 978715674
00010 980852238
00010 982568254
00010 985570568
00010 987277154
00010 990201364
00010 990671944
00010 995220978
00010 995610928
00010 996781992
00010 997802274
00010 1936166
00010 9756816
00010 9795278
00010 11098002
00010 14009254
00010 17356198
00010 17497642
00010 18644408
00010 19152802
00010 22854450
00010 24776178
00010 26921172
00010 28220650
00010 31691076
00010 32340116
00010 33312328
00010 35077288
00010 35359582
00010 35530588
00010 36127438
00010 36982338
00010 37025088
00010 37291762
00010 38179042
00010 38996462
00010 39790930
00010 41154036
00010 42401240
00010 47308282
00010 47559734
00010 48850130
00010 49620602
00010 51035494
00010 51498598
00010 53725916
00010 56037078
00010 57881474
00010 58155414
00010 59393834
00010 61053380
00010 62241462
00010 62263006
00010 62546124
00010 63456490
00010 64289072
00010 71762888
00010 73028558
00010 79341742
00010 79672786
00010 81713026
00010 89193920
00010 98412922
00010 98538132
00010 99109430
00010 99159278
00010 104210710
00010 105298106
00010 107411814
00010 110903146
00010 116871702
00010 117351912
00010 117758432
00010 118867244
00010 118933730
00010 120196372
00010 121191954
00010 122882268
00010 124890188
00010 129903850
00010 131096686
00010 133977268
00010 134121500
00010 134431238
00010 135802568
00010 139190898
00010 140612378
00010 141704050
00010 141847986
00010 142148078
00010 149862796
00010 151751930
00010 156143028
00010 158304254
00010 158425418
00010 162152702
00010 163556112
00010 164204052
00010 168562024
00010 170034602
00010 171375124
00010 176514118
00010 176824828
00010 179324256
00010 180715840
00010 181707516
00010 183415300
00010 184687304
00010 185536036
00010 190263654
00010 192181048
00010 195576022
00010 200727050
00010 201211024
00010 204304926
00010 207271832
00010 211623614
00010 215207172
00010 216039656
00010 216422082
00010 219730382
00010 220828434
00010 221266474
00010 222098008
00010 224423618
00010 225831988
00010 229529318
00010 235547006
00010 236052068
00010 238260344
00010 239107152
00010 241639168
00010 242040102
00010 244249242
00010 245084716
00010 246602760
00010 247804204
00010 249122614
00010 254652184
00010 255429786
00010 257656514
00010 259969442
00010 261583492
00010 262204994
00010 264628362
00010 265207374
00010 265306870
00010 270397950
00010 271282698
00010 274974376
00010 285678238
00010 297360314
00010 298392422
00010 298637750
00010 300637206
00010 302153110
00010 302629964
00010 302852896
00010 303474526
00010 304618156
00010 304729134
00010 305602188
00010 306510490
00010 314284984
00010 314739830
00010 315704550
00010 317242248
00010 317333594
00010 317361734
00010 318426426
00010 318568926
00010 321599608
00010 324714730
00010 324720436
00010 326148994
00010 329011772
00010 330074916
00010 330235502
00010 333588172
00010 335402926
00010 338573272
00010 338628046
00010 341537104
00010 344868370
00010 345886930
00010 348048292
00010 351956428
00010 353480530
00010 353885374
00010 356576394
00010 357644306
00010 359302144
00010 359970158
00010 364251896
00010 366858858
00010 367037178
00010 367812446
00010 368636940
00010 371784506
00010 373247320
00010 373268500
00010 373764688
00010 378035158
00010 380418520
00010 380669574
00010 382543812
00010 386535576
00010 388043288
00010 389401688
00010 390360700
00010 391392058
00010 392289822
00010 393316964
00010 395207896
00010 395244822
00010 398841176
00010 400079598
00010 401064384
00010 411759810
00010 412707014
00010 416514724
00010 417340904
00010 417590318
00010 418706108
00010 418825734
00010 420271138
00010 422024708
00010 424677548
00010 426034744
00010 427302492
00010 430534176
00010 430951724
00010 431646440
00010 432489678
00010 435215456
00010 436736268
00010 440363622
00010 442593190
00010 445975678
00010 448892224
00010 454054040
00010 454327284
00010 459193356
00010 460412750
00010 464080352
00010 464092884
00010 469451488
00010 471654130
00010 477330260
00010 478986492
00010 483537270
00010 484746038
00010 485811882
00010 490100278
00010 490202564
00010 492050016
00010 493523496
00010 501868894
00010 502747368
00010 503003000
00010 503986652
00010 504286950
00010 504868362
00010 510118256
00010 514839032
00010 516666974
00010 516754750
00010 519460086
00010 522314062
00010 524406402
00010 526120040
00010 528159412
00010 529229698
00010 529793088
00010 533989294
00010 539465636
00010 539791524
00010 542955810
00010 544894572
00010 551487910
00010 551783760
00010 551792262
00010 555326746
00010 559569128
00010 561296480
00010 564777934
00010 565378912
00010 570037758
00010 570154724
00010 573718508
00010 574192034
00010 578044328
00010 578862118
00010 582023060
00010 586618462
00010 586808414
00010 587898180
00010 588177530
00010 590562446
00010 590662066
00010 590949794
00010 592078852
00010 592104546
00010 596165198
00010 597482424
00010 602022230
00010 602541506
00010 602819898
00010 606901754
00010 609140764
00010 611207146
00010 611709014
00010 613458230
00010 613472080
00010 616831278
00010 622396644
00010 624885620
00010 627829938
00010 628997552
00010 631146206
00010 638989550
00010 639335076
00010 640631178
00010 640976852
00010 641467520
00010 641907824
00010 643870096
00010 647128582
00010 648441474
00010 648758870
00010 649657108
00010 650645692
00010 652692534
00010 653860066
00010 655245254
00010 657274780
00010 657608124
00010 659413496
00010 660851206
00010 665399952
00010 666226066
00010 669044126
00010 670051370
00010 671093108
00010 671407742
00010 671503684
00010 676314652
00010 679126728
00010 679880724
00010 680714432
00010 681452450
00010 684168786
00010 686782152
00010 687694432
00010 688226956
00010 688779980
00010 690917436
00010 692255654
00010 692657256
00010 695505388
00010 695954280
00010 696021382
00010 696312298
00010 702060452
00010 704129932
00010 704826666
00010 705418670
00010 705564088
00010 708703718
00010 715671392
00010 715746038
00010 722772030
00010 724642422
00010 733683562
00010 736682180
00010 738160008
00010 739587602
00010 740054208
00010 741955094
00010 742317586
00010 749455588
00010 754346080
00010 755829868
00010 762374542
00010 763387210
00010 764513410
00010 764575502
00010 765152372
00010 767860442
00010 768353826
00010 772704632
00010 775765024
00010 777813516
00010 780597458
00010 786689432
00010 789520482
00010 794571542
00010 798537394
00010 801644042
00010 806753228
00010 806948994
00010 807191490
00010 808596080
00010 809504514
00010 809864904
00010 812977032
00010 817474502
00010 819812720
00010 825041736
00010 825224430
00010 827159418
00010 828640246
00010 828672102
00010 829716332
00010 830766258
00010 832543354
00010 832769802
00010 835136174
00010 837330680
00010 838850884
00010 839902868
00010 840595130
00010 850465940
00010 853185690
00010 853728606
00010 854720934
00010 855478792
00010 859926096
00010 859944442
00010 861713056
00010 864921738
00010 865337608
00010 867269876
00010 868100216
00010 868686788
00010 874550816
00010 874688616
00010 877325334
00010 883681814
00010 898115638
00010 903354594
00010 906389668
00010 908572812
00010 913890882
00010 921679250
00010 929107772
00010 932883016
00010 933970842
00010 935414900
00010 938085004
00010 940451752
00010 942704972
00010 949294618
00010 950464916
00010 951881518
00010 952006194
00010 952346732
00010 952631194
00010 953621662
00010 953844186
00010 959694470
00010 960048774
00010 960399434
00010 962883230
00010 963624332
00010 965565620
00010 968115892
00010 971919584
00010 974433336
00010 975880224
00010 979206248
00010 981585384
00010 982151896
00010 986264818
00010 987201102
00010 988533446
00010 991642930
00010 991894358
00010 992564438
00010 996479618
00010 998199058
00010 998672654
00010 1289644
00010 4942236
00010 5697974
00010 9762176
00010 11831170
00010 12913442
00010 15625912
00010 28754916
00010 29537164
00010 32588584
00010 34207982
00010 36260480
00010 36591756
00010 37410118
00010 38570682
00010 42988460
00010 43590706
00010 46690960
00010 47991868
00010 49937644
00010 50680684
00010 52530592
00010 53539906
00010 54167670
00010 54662668
00010 55399330
00010 55521470
00010 55606386
00010 55676294
00010 57493216
00010 65662760
00010 66155956
00010 67277044
00010 69724574
00010 70702684
00010 75386090
00010 76931704
00010 79201306
00010 79266074
00010 81052178
00010 82353740
00010 82777874
00010 83101166
00010 84283718
00010 84516142
00010 86456308
00010 88133294
00010 91507046
00010 92387618
00010 92416394
00010 93414804
00010 96926564
00010 96969070
00010 98102828
00010 98818406
00010 102679746
00010 106047940
00010 107708258
00010 107834378
00010 110006456
00010 110344064
00010 112377314
00010 113733680
00010 114111786
00010 115662222
00010 119330154
00010 119479696
00010 125619220
00010 128181802
00010 132799694
00010 134490322
00010 135304758
00010 140786714
00010 145363890
00010 146458654
00010 152570190
00010 153788486
00010 155762626
00010 158205542
00010 158299368
00010 160595630
00010 163647392
00010 163804838
00010 166442370
00010 169459582
00010 169494146
00010 172958200
00010 174189304
00010 174226144
00010 175735810
00010 180800156
00010 181988148
00010 182047476
00010 182055054
00010 183603668
00010 190665808
00010 192015868
00010 192293952
00010 193883752
00010 200303282
00010 201163502
00010 201982910
00010 203493716
00010 204217332
00010 204851762
00010 206318648
00010 209574502
00010 213717138
00010 217747640
00010 220466716
00010 224694078
00010 233967844
00010 235079108
00010 236933152
00010 238342914
00010 239097704
00010 240830698
00010 242193182
00010 242195756
00010 244277470
00010 246346908
00010 247569852
00010 248133596
00010 249148848
00010 252513374
00010 254796670
00010 256978400
00010 257743550
00010 259471112
00010 264181856
00010 270656708
00010 273149040
00010 274072186
00010 274186336
00010 279328046
00010 281328456
00010 282114556
00010 285399148
00010 285707746
00010 289863610
00010 292945058
00010 295033874
00010 296400548
00010 297120188
00010 298514478
00010 298705900
00010 302484498
00010 304246938
00010 305671554
00010 306991332
00010 308634836
00010 310840494
00010 311249390
00010 314573856
00010 315060106
00010 316148488
00010 317569974
00010 323126668
00010 323684472
00010 324351864
00010 324916158
00010 327330400
00010 329343334
00010 330428726
00010 332485028
00010 333033110
00010 335593380
00010 335976914
00010 335983964
00010 338112356
00010 338162904
00010 338378570
00010 339729244
00010 341803794
00010 341841310
00010 343005724
00010 347757468
00010 353649630
00010 353982864
00010 354044246
00010 357288574
00010 357885992
00010 358813508
00010 358918212
00010 362444484
00010 364522774
00010 367094956
00010 368467376
00010 369963862
00010 372106774
00010 372379712
00010 374233928
00010 374689856
00010 374817160
00010 375757824
00010 386485800
00010 388404894
00010 389085348
00010 391287612
00010 397014518
00010 397472896
00010 400977578
00010 403565818
00010 405458668
00010 410372094
00010 411035594
00010 415337556
00010 416118432
00010 417222734
00010 417984072
00010 420705004
00010 424762388
00010 426681184
00010 431050536
00010 433790056
00010 434379982
00010 436413752
00010 439411978
00010 443206246
00010 445351260
00010 447255690
00010 449515902
00010 452430198
00010 452807014
00010 454767636
00010 455754688
00010 458658164
00010 460582062
00010 464306636
00010 464399016
00010 464614696
00010 466989752
00010 467947022
00010 467967932
00010 468335298
00010 473490298
00010 474389960
00010 476846212
00010 479925760
00010 481911322
00010 486359302
00010 489567636
00010 491321700
00010 492746886
00010 492891448
00010 494400300
00010 494833062
00010 498330138
00010 501835736
00010 503078958
00010 504142474
00010 506428486
00010 509157988
00010 513714008
00010 523509172
00010 524015728
00010 525105118
00010 527092784
00010 527526050
00010 531727170
00010 534657308
00010 534944688
00010 534953838
00010 535384968
00010 544166402
00010 544758184
00010 549705408
00010 551778102
00010 552114834
00010 553575794
00010 555270030
00010 557519560
00010 559037990
00010 559910640
00010 560791314
00010 561801722
00010 561883350
00010 562055150
00010 563776460
00010 567943892
00010 568165770
00010 568559208
00010 573172056
00010 574307780
00010 575228224
00010 575673458
00010 576492254
00010 578315572
00010 579380506
00010 581204262
00010 584232542
00010 585679272
00010 586870184
00010 587872866
00010 589773350
00010 590741876
00010 591869574
00010 593586860
00010 598413936
00010 599320030
00010 600245874
00010 601196630
00010 604782132
00010 606211130
00010 606534186
00010 606716940
00010 607217832
00010 608485358
00010 610457730
00010 610889172
00010 610894834
00010 611007998
00010 612635790
00010 615077292
00010 616437592
00010 619587058
00010 623356604
00010 623906854
00010 626579844
00010 631711876
00010 632768754
00010 639349772
00010 641559464
00010 641833246
00010 644166844
00010 644169586
00010 644780842
00010 647024622
00010 648115958
00010 649336780
00010 650422958
00010 650680882
00010 654230020
00010 657684216
00010 657862130
00010 659065446
00010 659144896
00010 660871278
00010 661757758
00010 664651446
00010 670801112
00010 673511600
00010 676504588
00010 677250256
00010 677576402
00010 680624546
00010 682714906
00010 684633926
00010 684671276
00010 690918072
00010 692065204
00010 693301988
00010 695647282
00010 695980510
00010 697666504
00010 698230756
00010 699781868
00010 700919280
00010 705123800
00010 706312414
00010 706766980
00010 708753630
00010 708919374
00010 709054252
00010 710374918
00010 713527026
00010 716035948
00010 716941508
00010 721185824
00010 722203136
00010 726002248
00010 730535694
00010 733150996
00010 737136366
00010 738229120
00010 739197134
00010 744126300
00010 745085048
00010 748348292
00010 748572930
00010 751139812
00010 752185512
00010 756095550
00010 756399468
00010 757912606
00010 759354244
00010 765170262
00010 766515924
00010 766731822
00010 769468734
00010 770211304
00010 772002384
00010 774417432
00010 775936750
00010 777328488
00010 781412260
00010 786476986
00010 788320190
00010 788771544
00010 789397826
00010 791313406
00010 792591456
00010 792752250
00010 793860946
00010 797869820
00010 799869066
00010 801049912
00010 802523782
00010 804010416
00010 804044816
00010 809527716
00010 810200038
00010 811404890
00010 811624434
00010 815846218
00010 817976782
00010 820234378
00010 829349514
00010 829694348
00010 836969394
00010 840907288
00010 844155444
00010 846435348
00010 855124428
00010 855681930
00010 860113062
00010 862560950
00010 863463774
00010 870584324
00010 871807532
00010 871809010
00010 874506138
00010 874888442
00010 878365534
00010 885796346
00010 891646618
00010 892653054
00010 899923934
00010 902942474
00010 903311434
00010 903690592
00010 905411262
00010 908129046
00010 916157520
00010 919623182
00010 919796844
00010 921460042
00010 923114160
00010 923612902
00010 926584794
00010 934901782
00010 935662792
00010 938849532
00010 942966072
00010 947272876
00010 947274290
00010 948079402
00010 948278550
00010 950587556
00010 952639620
00010 954554390
00010 955447650
00010 955741098
00010 961168168
00010 961840240
00010 966607306
00010 971170118
00010 972741318
00010 973302644
00010 974241882
00010 975151686
00010 975324426
00010 981418706
00010 982975754
00010 982992702
00010 983612690
00010 985392314
00010 991231950
00010 995756530
00010 995901310
00010 997348888
00010 999036652
00010 999102982
00010 1000334746
00010 9502830
00010 9533632
00010 15108616
00010 17869998
00010 18193716
00010 19046864
00010 19993716
00010 20062734
00010 23294944
00010 25834762
00010 29137954
00010 31840308
00010 34305894
00010 40549460
00010 41471398
00010 42054548
00010 42503092
00010 43139254
00010 43367938
00010 44863276
00010 46927658
00010 49428960
00010 52857144
00010 54136644
00010 54473898
00010 55697416
00010 57356818
00010 60917230
00010 63368830
00010 64019760
00010 65095412
00010 70615888
00010 72159714
00010 73254218
00010 78910052
00010 78999244
00010 79406230
00010 79410376
00010 79764856
00010 89683426
00010 91947210
00010 92832790
00010 93512010
00010 94021302
00010 95006862
00010 96659448
00010 97772440
00010 97816118
00010 99310190
00010 100320146
00010 103286820
00010 106493336
00010 110454176
00010 112816900
00010 113569726
00010 116016784
00010 118392396
00010 118994420
00010 124381804
00010 125415044
00010 126867342
00010 129600436
00010 137131716
00010 137990514
00010 140586176
00010 140799824
00010 141717906
00010 144681818
00010 145535176
00010 146633670
00010 149313530
00010 154808852
00010 154835286
00010 155488722
00010 158093656
00010 160018862
00010 161976240
00010 165494308
00010 165688088
00010 167225960
00010 168726918
00010 178864318
00010 179375420
00010 183068618
00010 184143250
00010 188709388
00010 189103760
00010 194590810
00010 203188176
00010 206540058
00010 207483092
00010 209843172
00010 217850310
00010 219224626
00010 223495262
00010 225898022
00010 227224922
00010 228690770
00010 229654122
00010 233065206
00010 233207426
00010 234295916
00010 237467614
00010 248755426
00010 248823926
00010 250641242
00010 252335390
00010 252735268
00010 253342042
00010 253509488
00010 255295192
00010 266730170
00010 272302086
00010 273315270
00010 275111732
00010 280861948
00010 282560444
00010 283516594
00010 284157812
00010 284380934
00010 284821618
00010 285713064
00010 291612718
00010 294558980
00010 300446778
00010 301367416
00010 307714844
00010 311398222
00010 321028594
00010 321231406
00010 322483660
00010 325809342
00010 326149004
00010 329047736
00010 330492808
00010 332679240
00010 333162642
00010 334504686
00010 340836482
00010 346157016
00010 348603798
00010 351743900
00010 356332990
00010 356827516
00010 359275612
00010 360235688
00010 363203924
00010 368975180
00010 371440118
00010 373270494
00010 373390432
00010 382158978
00010 383530320
00010 388596092
00010 389521930
00010 391852254
00010 392427956
00010 394858658
00010 395775048
00010 396825978
00010 397277258
00010 399756226
00010 401135512
00010 401894642
00010 406105626
00010 406332076
00010 409148316
00010 409280996
00010 409464228
00010 410933610
00010 411177138
00010 412829410
00010 414665926
00010 415268634
00010 417673092
00010 418695464
00010 422126760
00010 422614904
00010 425486878
00010 426255384
00010 430688172
00010 431758606
00010 431778906
00010 432282376
00010 436053266
00010 437858124
00010 438915968
00010 438934210
00010 446807538
00010 448836908
00010 450993116
00010 455274282
00010 456562160
00010 457991518
00010 461980802
00010 462372650
00010 463441062
00010 465445418
00010 465926012
00010 466057270
00010 466751470
00010 467645406
00010 468628386
00010 468631626
00010 469603138
00010 470584002
00010 470765704
00010 476442106
00010 477700792
00010 478739782
00010 480539284
00010 482602232
00010 486513074
00010 487232778
00010 494998512
00010 495417628
00010 497007918
00010 497605638
00010 499769740
00010 500592826
00010 502776124
00010 502986000
00010 504510998
00010 505586432
00010 505652904
00010 508232302
00010 508554654
00010 512271406
00010 512392166
00010 513563966
00010 517480204
00010 519878392
00010 523817694
00010 524499588
00010 524889634
00010 526203734
00010 526536282
00010 526736636
00010 528965810
00010 529689796
00010 531101628
00010 533605778
00010 533616532
00010 538059334
00010 540506420
00010 548820988
00010 550102682
00010 551158450
00010 552319806
00010 554970740
00010 555132718
00010 561126108
00010 574550554
00010 575530010
00010 577350956
00010 582698000
00010 587430842
00010 590710100
00010 591993252
00010 592696698
00010 592748470
00010 593977838
00010 594321622
00010 595626416
00010 596299714
00010 597494388
00010 598258932
00010 598876684
00010 603162566
00010 605758302
00010 609873648
00010 614131954
00010 619565562
00010 620033310
00010 621738670
00010 623218528
00010 624040848
00010 637981742
00010 638703508
00010 640833400
00010 643728580
00010 649878806
00010 655360210
00010 655494258
00010 656971922
00010 657641558
00010 660253282
00010 660262376
00010 660432014
00010 660742912
00010 661750652
00010 663091708
00010 664834982
00010 666464634
00010 667977786
00010 669481460
00010 673719366
00010 674361296
00010 676443306
00010 678233346
00010 679394630
00010 681892656
00010 682319512
00010 684926976
00010 687148460
00010 687218612
00010 687427554
00010 687746966
00010 691398284
00010 692354516
00010 696103364
00010 697980678
00010 698311092
00010 701232294
00010 703453968
00010 706837506
00010 711394506
00010 712860916
00010 713394190
00010 713676912
00010 714912514
00010 716167652
00010 720813852
00010 724072388
00010 725131580
00010 727102624
00010 727468666
00010 730185872
00010 731277916
00010 733337194
00010 737066148
00010 738112182
00010 738392278
00010 738703796
00010 741522958
00010 744662620
00010 746898724
00010 748942522
00010 749242610
00010 750452208
00010 755724066
00010 758720534
00010 759965978
00010 761518026
00010 762082834
00010 762547880
00010 763836366
00010 767786878
00010 773433356
00010 776429008
00010 776754764
00010 776974778
00010 778181198
00010 779255122
00010 779928598
00010 780184312
00010 780586234
00010 783989364
00010 784940498
00010 785731630
00010 785833938
00010 785913466
00010 786121208
00010 789380220
00010 791613328
00010 795174458
00010 796838124
00010 800318396
00010 802407552
00010 806541062
00010 806791428
00010 809290212
00010 810255960
00010 810267280
00010 810478426
00010 812366668
00010 813072614
00010 816456248
00010 817054140
00010 817874926
00010 817906806
00010 818981050
00010 819641094
00010 820179928
00010 820523962
00010 821452060
00010 826742150
00010 828655458
00010 830460228
00010 830466642
00010 833410722
00010 835777060
00010 836387450
00010 837723362
00010 839813570
00010 844470932
00010 844537344
00010 846250078
00010 846604078
00010 849794132
00010 853188510
00010 856819648
00010 860180390
00010 862878444
00010 862910430
00010 863365932
00010 863739664
00010 865069106
00010 866346698
00010 871341540
00010 874169054
00010 875630920
00010 876704360
00010 880956124
00010 884013690
00010 884299852
00010 889372110
00010 891282682
00010 892191816
00010 894274176
00010 895171182
00010 897806076
00010 898170244
00010 900395418
00010 902061630
00010 903671636
00010 904341378
00010 908578398
00010 908590496
00010 911048664
00010 911734266
00010 914242572
00010 914520376
00010 915179022
00010 917712142
00010 919988034
00010 920868840
00010 920915440
00010 924105686
00010 925263816
00010 934019364
00010 934353658
00010 937342440
00010 940715272
00010 943083230
00010 944278914
00010 945605298
00010 945611198
00010 953646588
00010 957123432
00010 968180114
00010 969770960
00010 972212140
00010 978143140
00010 987639724
00010 990567664
00010 993278130
00010 993774730
00010 993863668
00010 994343054
00010 994729404
00010 994928978
00010 996151860
00010 996487922
00010 2722072
00010 3041476
00010 3479272
00010 5812936
00010 5819032
00010 7035496
00010 9689230
00010 10007594
00010 11392612
00010 11644998
00010 12160408
00010 12855454
00010 13142820
00010 16137158
00010 17689310
00010 26469716
00010 26907256
00010 27759910
00010 28300916
00010 30557884
00010 30592444
00010 33489512
00010 35606552
00010 39429048
00010 49282400
00010 50297046
00010 55131560
00010 55556882
00010 56016580
00010 56555390
00010 58694322
00010 63750526
00010 65329278
00010 65544738
00010 65865342
00010 73332050
00010 76196752
00010 76533968
00010 76825860
00010 78449692
00010 81815712
00010 81864592
00010 81996384
00010 82982908
00010 86611998
00010 90631310
00010 95125914
00010 98157672
00010 98806970
00010 101518478
00010 101628388
00010 111200930
00010 114957396
00010 115985648
00010 117420084
00010 119292966
00010 123946940
00010 124177900
00010 128762230
00010 131311396
00010 131659510
00010 132115536
00010 132414230
00010 134119930
00010 134754906
00010 135481744
00010 142680220
00010 147261530
00010 147753988
00010 150329806
00010 151174774
00010 155533618
00010 155853968
00010 160512828
00010 161939662
00010 164245890
00010 164494554
00010 167877842
00010 168418822
00010 170512060
00010 171232874
00010 172350270
00010 172366688
00010 173152568
00010 173169806
00010 173171608
00010 175940054
00010 177945164
00010 181419026
00010 183014002
00010 183260318
00010 184278158
00010 184821684
00010 185885202
00010 187194820
00010 190395816
00010 194472106
00010 198973882
00010 199499600
00010 203247492
00010 204255902
00010 204485888
00010 205015780
00010 206432048
00010 206888600
00010 209786698
00010 212843666
00010 214344712
00010 216038420
00010 216076304
00010 219277044
00010 221303312
00010 221618452
00010 221635974
00010 223566442
00010 225021334
00010 226405322
00010 226512724
00010 228242298
00010 231507726
00010 231512162
00010 234561252
00010 236334870
00010 238889024
00010 241470252
00010 248876646
00010 249841652
00010 249907454
00010 254053484
00010 254574376
00010 255788570
00010 256110486
00010 260111340
00010 266450062
00010 272724276
00010 276854266
00010 278102152
00010 278630160
00010 279458596
00010 280256888
00010 283124132
00010 284959046
00010 285055842
00010 286810198
00010 287101546
00010 290037474
00010 291869732
00010 300196836
00010 300614398
00010 307208172
00010 307556848
00010 309563996
00010 312201082
00010 315818892
00010 317683396
00010 320435302
00010 320502628
00010 323555144
00010 325615766
00010 328456104
00010 332912732
00010 333691908
00010 334864162
00010 336488660
00010 339968744
00010 340058518
00010 340698780
00010 342781176
00010 345770162
00010 346914556
00010 350790306
00010 355346424
00010 359187280
00010 360225330
00010 364908258
00010 369868622
00010 369935796
00010 370706746
00010 373072644
00010 373557456
00010 376332980
00010 377095182
00010 378563360
00010 378564930
00010 383669844
00010 383985582
00010 390548540
00010 391577234
00010 395206714
00010 397120004
00010 402608654
00010 404622934
00010 404825310
00010 406090600
00010 406860780
00010 407823706
00010 411586706
00010 412623486
00010 415025604
00010 418248978
00010 421274486
00010 424254744
00010 429827242
00010 431782788
00010 432833218
00010 435911412
00010 439455028
00010 440542736
00010 441117782
00010 443308442
00010 444316010
00010 448171800
00010 448666090
00010 451552812
00010 452084554
00010 456299116
00010 459145214
00010 462121320
00010 467642322
00010 468838992
00010 472519902
00010 477194214
00010 478160432
00010 478281214
00010 478980202
00010 480158678
00010 480748680
00010 483720358
00010 484278244
00010 486241810
00010 491375782
00010 496534220
00010 496886954
00010 497748514
00010 497796868
00010 499237780
00010 499829132
00010 503961674
00010 507522646
00010 507730766
00010 508189662
00010 510034604
00010 511539318
00010 513210804
00010 517534974
00010 519834490
00010 522363904
00010 525596850
00010 525880116
00010 525942634
00010 526950714
00010 527200526
00010 527225740
00010 528776634
00010 529802982
00010 534671030
00010 535074564
00010 536463050
00010 539273198
00010 540014152
00010 541004464
00010 543127476
00010 547245804
00010 550347362
00010 552461630
00010 554326872
00010 555883362
00010 556735268
00010 557107518
00010 558887938
00010 559140922
00010 559408208
00010 563346334
00010 563569118
00010 564316116
00010 565313778
00010 567602478
00010 572997814
00010 573194438
00010 574003886
00010 588068990
00010 588189542
00010 589670466
00010 592105348
00010 595516896
00010 596712510
00010 597595908
00010 597697228
00010 601487280
00010 604028464
00010 610029038
00010 610553512
00010 611027328
00010 613501780
00010 614040056
00010 615190840
00010 615736062
00010 619487692
00010 621079022
00010 621797154
00010 628624992
00010 629315776
00010 630572450
00010 632696712
00010 634761540
00010 634989484
00010 635027124
00010 635317678
00010 638681392
00010 640611772
00010 645067218
00010 645723362
00010 646460146
00010 651785956
00010 655311618
00010 655934142
00010 657034384
00010 658755828
00010 659739870
00010 659798876
00010 660964756
00010 662687478
00010 662889854
00010 663097340
00010 670663160
00010 671033698
00010 671419810
00010 675691232
00010 679279062
00010 680971578
00010 682070632
00010 686974072
00010 688545982
00010 688776416
00010 691510530
00010 691667248
00010 692147854
00010 698290626
00010 698472460
00010 700309314
00010 701372394
00010 702755438
00010 702919920
00010 702944064
00010 703591808
00010 704900212
00010 705547122
00010 711597714
00010 714055192
00010 714088532
00010 716064542
00010 722602134
00010 723886902
00010 724299330
00010 726202772
00010 726841372
00010 732281698
00010 733557608
00010 734170880
00010 741804304
00010 746113612
00010 746634424
00010 748534234
00010 748981976
00010 752893612
00010 753843684
00010 754008438
00010 754101652
00010 754374820
00010 754513930
00010 755771438
00010 755928344
00010 758055416
00010 761119560
00010 761381976
00010 763350428
00010 765778774
00010 766627936
00010 767504284
00010 769748262
00010 772089978
00010 772097178
00010 774563722
00010 777111674
00010 777211790
00010 779268772
00010 781568038
00010 782996994
00010 785547252
00010 785781016
00010 786168996
00010 786644888
00010 789318812
00010 792416988
00010 794082774
00010 801497628
00010 805907168
00010 807591772
00010 811401232
00010 811568792
00010 812402446
00010 812815710
00010 814827460
00010 817524214
00010 818690056
00010 820326964
00010 821147724
00010 826861616
00010 827221466
00010 828922634
00010 832633294
00010 834155928
00010 835829318
00010 838524764
00010 841748498
00010 842564632
00010 844091716
00010 846989928
00010 847139666
00010 848084862
00010 850431638
00010 860784186
00010 860863382
00010 861464854
00010 864516462
00010 866724874
00010 866746280
00010 869771058
00010 871620558
00010 873990058
00010 874941262
00010 876183762
00010 877124944
00010 883225404
00010 883597226
00010 884968610
00010 887645988
00010 888362592
00010 888533956
00010 897198654
00010 898993662
00010 900536966
00010 903993006
00010 904953846
00010 906732044
00010 909717986
00010 909771754
00010 913578890
00010 914716758
00010 915232914
00010 916786678
00010 917595174
00010 920501968
00010 921141468
00010 921632398
00010 923088238
00010 923207824
00010 924624324
00010 926070088
00010 928198222
00010 929681610
00010 929702938
00010 930414884
00010 933627068
00010 935462868
00010 936776236
00010 936871334
00010 936888918
00010 937911676
00010 941295932
00010 941414682
00010 941594492
00010 944661624
00010 944918812
00010 947055832
00010 949460858
00010 950172932
00010 953054498
00010 953959472
00010 955443112
00010 956926670
00010 958672908
00010 961768624
00010 964140568
00010 964288324
00010 965181992
00010 977573086
00010 979565378
00010 981042434
00010 982126488
00010 982275666
00010 982448708
00010 986416448
00010 989235598
00010 993800566
00010 999081798
